# Created by main.cpp, 2016-06-29.12:33:10
# name: results
# type: matrix
# rows: 100
# columns: 17
0 20 60.1869 37.1397 0.398131 60.5714 37.2273 0.394286 59.1429 37.5363 0.408571 -1 -1 -1 2 1 10 
1 20 67.8505 40.6026 0.321495 64.5714 39.013 0.354286 65.4286 40.3641 0.345714 -1 -1 -1 2 1 10 
2 20 67.8505 40.6026 0.321495 64.5714 39.013 0.354286 65.4286 40.3641 0.345714 -1 -1 -1 2 1 10 
3 20 67.8505 40.6026 0.321495 64.5714 39.013 0.354286 65.4286 40.3641 0.345714 -1 -1 -1 2 1 10 
4 20 67.8505 40.6026 0.321495 64.5714 39.013 0.354286 65.4286 40.3641 0.345714 -1 -1 -1 2 1 10 
5 20 74.2991 55.077 0.257009 67.1429 46.6628 0.328571 69.1429 50.8189 0.308571 -1 -1 -1 2 1 10 
6 20 76.6355 59.9923 0.233645 67.7143 49.9462 0.322857 72.8571 56.9947 0.271429 -1 -1 -1 2 1 10 
7 20 78.4112 64.1297 0.215888 68.2857 51.4124 0.317143 74.8571 60.597 0.251429 -1 -1 -1 2 1 10 
8 20 78.5981 65.4851 0.214019 70 54.9003 0.3 77.1429 63.908 0.228571 -1 -1 -1 2 1 10 
9 20 80.2804 68.8264 0.197196 72.5714 59.668 0.274286 79.7143 67.9835 0.202857 -1 -1 -1 2 1 10 
10 20 84.2056 75.7895 0.157944 78 68.346 0.22 85.1429 76.7017 0.148571 -1 -1 -1 2 1 10 
11 20 84.2991 75.8973 0.157009 79.1429 69.6634 0.208571 86 77.8573 0.14 -1 -1 -1 2 1 10 
12 20 87.8505 83.9565 0.121495 81.1429 74.0782 0.188571 88.2857 83.3957 0.117143 -1 -1 -1 2 1 10 
13 20 88.5047 84.9146 0.114953 81.4286 74.8096 0.185714 89.7143 85.8087 0.102857 -1 -1 -1 2 1 10 
14 20 89.0654 85.4704 0.109346 80.8571 73.6641 0.191429 90 86.1323 0.1 -1 -1 -1 2 1 10 
15 20 91.3084 88.9926 0.0869159 81.4286 74.4629 0.185714 90.8571 87.8029 0.0914286 -1 -1 -1 2 1 10 
16 20 92.4299 91.2127 0.0757009 84 79.1479 0.16 92.2857 90.719 0.0771429 -1 -1 -1 2 1 10 
17 20 93.7383 93.0231 0.0626168 87.1429 83.9315 0.128571 93.7143 92.6224 0.0628571 -1 -1 -1 2 1 10 
18 20 94.2991 93.6897 0.0570093 89.1429 86.5845 0.108571 95.4286 94.7726 0.0457143 -1 -1 -1 2 1 10 
19 20 94.2056 93.6002 0.0579439 89.4286 86.884 0.105714 95.7143 95.1562 0.0428571 -1 -1 -1 2 1 10 
20 20 95.2336 94.6963 0.0476636 90.5714 88.4762 0.0942857 96.2857 95.8123 0.0371429 -1 -1 -1 3 1 10 
21 20 95.2336 94.6963 0.0476636 90.5714 88.4762 0.0942857 96.2857 95.8123 0.0371429 -1 -1 -1 3 1 10 
22 20 95.2336 94.6963 0.0476636 90.5714 88.4762 0.0942857 96.2857 95.8123 0.0371429 -1 -1 -1 3 1 10 
23 20 95.2336 94.6963 0.0476636 90.5714 88.4762 0.0942857 96.2857 95.8123 0.0371429 -1 -1 -1 3 1 10 
24 20 95.2336 94.6963 0.0476636 90.5714 88.4762 0.0942857 96.2857 95.8123 0.0371429 -1 -1 -1 3 1 10 
25 20 95.2336 94.6963 0.0476636 90.5714 88.4762 0.0942857 96.2857 95.8123 0.0371429 -1 -1 -1 3 1 10 
26 20 94.486 93.9569 0.0551402 90.8571 89.2012 0.0914286 96.5714 96.112 0.0342857 -1 -1 -1 3 1 10 
27 20 94.486 93.9569 0.0551402 90.8571 89.2012 0.0914286 96.5714 96.112 0.0342857 -1 -1 -1 3 1 10 
28 20 94.486 93.9569 0.0551402 90.8571 89.2012 0.0914286 96.5714 96.112 0.0342857 -1 -1 -1 3 1 10 
29 20 94.486 93.9569 0.0551402 90.8571 89.2012 0.0914286 96.5714 96.112 0.0342857 -1 -1 -1 3 1 10 
30 20 94.486 93.9569 0.0551402 90.8571 89.2012 0.0914286 96.5714 96.112 0.0342857 -1 -1 -1 3 1 10 
31 20 94.486 93.9569 0.0551402 90.8571 89.2012 0.0914286 96.5714 96.112 0.0342857 -1 -1 -1 3 1 10 
32 20 94.486 93.9569 0.0551402 90.8571 89.2012 0.0914286 96.5714 96.112 0.0342857 -1 -1 -1 3 1 10 
33 20 94.6729 94.193 0.053271 91.1429 89.6477 0.0885714 96.8571 96.4034 0.0314286 -1 -1 -1 3 1 10 
34 20 94.6729 94.193 0.053271 91.1429 89.6477 0.0885714 96.8571 96.4034 0.0314286 -1 -1 -1 3 1 10 
35 20 94.6729 94.193 0.053271 91.1429 89.6477 0.0885714 96.8571 96.4034 0.0314286 -1 -1 -1 3 1 10 
36 20 95.7944 95.3323 0.0420561 92.5714 91.5832 0.0742857 97.4286 97.1189 0.0257143 -1 -1 -1 3 1 10 
37 20 95.7944 95.3323 0.0420561 92.5714 91.5832 0.0742857 97.4286 97.1189 0.0257143 -1 -1 -1 3 1 10 
38 20 95.7944 95.3323 0.0420561 92.5714 91.5832 0.0742857 97.4286 97.1189 0.0257143 -1 -1 -1 3 1 10 
39 20 95.7944 95.3323 0.0420561 92.5714 91.5832 0.0742857 97.4286 97.1189 0.0257143 -1 -1 -1 3 1 10 
40 20 95.7944 95.3323 0.0420561 92.5714 91.5832 0.0742857 97.4286 97.1189 0.0257143 -1 -1 -1 4 1 10 
41 20 95.7944 95.3323 0.0420561 92.5714 91.5832 0.0742857 97.4286 97.1189 0.0257143 -1 -1 -1 4 1 10 
42 20 95.7944 95.3323 0.0420561 92.5714 91.5832 0.0742857 97.4286 97.1189 0.0257143 -1 -1 -1 4 1 10 
43 20 95.7944 95.3323 0.0420561 92.5714 91.5832 0.0742857 97.4286 97.1189 0.0257143 -1 -1 -1 4 1 10 
44 20 95.7944 95.3323 0.0420561 92.5714 91.5832 0.0742857 97.4286 97.1189 0.0257143 -1 -1 -1 4 1 10 
45 20 95.7944 95.3323 0.0420561 92.5714 91.5832 0.0742857 97.4286 97.1189 0.0257143 -1 -1 -1 4 1 10 
46 20 95.7944 95.3323 0.0420561 92.5714 91.5832 0.0742857 97.4286 97.1189 0.0257143 -1 -1 -1 4 1 10 
47 20 95.7944 95.3323 0.0420561 92.5714 91.5832 0.0742857 97.4286 97.1189 0.0257143 -1 -1 -1 4 1 10 
48 20 95.7944 95.3323 0.0420561 92.5714 91.5832 0.0742857 97.4286 97.1189 0.0257143 -1 -1 -1 4 1 10 
49 20 95.7944 95.3323 0.0420561 92.5714 91.5832 0.0742857 97.4286 97.1189 0.0257143 -1 -1 -1 4 1 10 
50 20 95.7944 95.3323 0.0420561 92.5714 91.5832 0.0742857 97.4286 97.1189 0.0257143 -1 -1 -1 4 1 10 
51 20 95.7944 95.3323 0.0420561 92.5714 91.5832 0.0742857 97.4286 97.1189 0.0257143 -1 -1 -1 4 1 10 
52 20 95.514 95.0162 0.0448598 93.1429 92.379 0.0685714 97.7143 97.407 0.0228571 -1 -1 -1 4 1 10 
53 20 95.514 95.0162 0.0448598 93.1429 92.379 0.0685714 97.7143 97.407 0.0228571 -1 -1 -1 4 1 10 
54 20 95.514 95.0162 0.0448598 93.1429 92.379 0.0685714 97.7143 97.407 0.0228571 -1 -1 -1 4 1 10 
55 20 96.1682 95.6917 0.0383178 93.4286 92.7849 0.0657143 98 97.7297 0.02 -1 -1 -1 4 1 10 
56 20 96.1682 95.6917 0.0383178 93.4286 92.7849 0.0657143 98 97.7297 0.02 -1 -1 -1 4 1 10 
57 20 96.1682 95.6917 0.0383178 93.4286 92.7849 0.0657143 98 97.7297 0.02 -1 -1 -1 4 1 10 
58 20 96.1682 95.6917 0.0383178 93.4286 92.7849 0.0657143 98 97.7297 0.02 -1 -1 -1 4 1 10 
59 20 96.1682 95.6917 0.0383178 93.4286 92.7849 0.0657143 98 97.7297 0.02 -1 -1 -1 4 1 10 
60 20 96.1682 95.6917 0.0383178 93.4286 92.7849 0.0657143 98 97.7297 0.02 -1 -1 -1 5 1 10 
61 20 96.1682 95.6917 0.0383178 93.4286 92.7849 0.0657143 98 97.7297 0.02 -1 -1 -1 5 1 10 
62 20 96.1682 95.6917 0.0383178 93.4286 92.7849 0.0657143 98 97.7297 0.02 -1 -1 -1 5 1 10 
63 20 96.1682 95.6917 0.0383178 93.4286 92.7849 0.0657143 98 97.7297 0.02 -1 -1 -1 5 1 10 
64 20 96.1682 95.6917 0.0383178 93.4286 92.7849 0.0657143 98 97.7297 0.02 -1 -1 -1 5 1 10 
65 20 96.1682 95.6917 0.0383178 93.4286 92.7849 0.0657143 98 97.7297 0.02 -1 -1 -1 5 1 10 
66 20 96.1682 95.6917 0.0383178 93.4286 92.7849 0.0657143 98 97.7297 0.02 -1 -1 -1 5 1 10 
67 20 96.1682 95.6917 0.0383178 93.4286 92.7849 0.0657143 98 97.7297 0.02 -1 -1 -1 5 1 10 
68 20 96.1682 95.6917 0.0383178 93.4286 92.7849 0.0657143 98 97.7297 0.02 -1 -1 -1 5 1 10 
69 20 96.1682 95.6917 0.0383178 93.4286 92.7849 0.0657143 98 97.7297 0.02 -1 -1 -1 5 1 10 
70 20 96.1682 95.6917 0.0383178 93.4286 92.7849 0.0657143 98 97.7297 0.02 -1 -1 -1 5 1 10 
71 20 96.1682 95.6881 0.0383178 93.4286 92.7849 0.0657143 98.2857 98.0192 0.0171429 -1 -1 -1 5 1 10 
72 20 96.1682 95.6881 0.0383178 93.4286 92.7849 0.0657143 98.2857 98.0192 0.0171429 -1 -1 -1 5 1 10 
73 20 96.1682 95.6881 0.0383178 93.4286 92.7849 0.0657143 98.2857 98.0192 0.0171429 -1 -1 -1 5 1 10 
74 20 96.1682 95.6881 0.0383178 93.4286 92.7849 0.0657143 98.2857 98.0192 0.0171429 -1 -1 -1 5 1 10 
75 20 96.1682 95.6881 0.0383178 93.4286 92.7849 0.0657143 98.2857 98.0192 0.0171429 -1 -1 -1 5 1 10 
76 20 96.1682 95.6881 0.0383178 93.4286 92.7849 0.0657143 98.2857 98.0192 0.0171429 -1 -1 -1 5 1 10 
77 20 96.1682 95.6881 0.0383178 93.4286 92.7849 0.0657143 98.2857 98.0192 0.0171429 -1 -1 -1 5 1 10 
78 20 96.1682 95.6881 0.0383178 93.4286 92.7849 0.0657143 98.2857 98.0192 0.0171429 -1 -1 -1 5 1 10 
79 20 96.1682 95.6881 0.0383178 93.4286 92.7849 0.0657143 98.2857 98.0192 0.0171429 -1 -1 -1 5 1 10 
80 20 96.1682 95.6881 0.0383178 93.4286 92.7849 0.0657143 98.2857 98.0192 0.0171429 -1 -1 -1 6 1 10 
