# Created by main.cpp, 2016-06-26.11:44:49
# name: results
# type: matrix
# rows: 100
# columns: 25
0 0.253364 24.2991 24.2726 0 0 0 -1 -1 13 1 3 1 1 -1 -1 -1 17.1429 16.0463 14.2857 14.2157 0 97.1429 96.7623 1 
1 0.0808714 67.2897 40.2235 0 0 0 -1 -1 13 2 3 1 1 -1 -1 -1 62.8571 38.5965 65.7143 39.6552 1 97.1429 96.7623 1 
2 0.0808714 67.2897 40.2235 0 0 0 -1 -1 13 2 3 1 1 -1 -1 -1 62.8571 38.5965 65.7143 39.6552 2 97.1429 96.7623 1 
3 0.0808714 67.2897 40.2235 0 0 0 -1 -1 13 2 3 1 1 -1 -1 -1 62.8571 38.5965 65.7143 39.6552 3 97.1429 96.7623 1 
4 0.0808714 67.2897 40.2235 0 0 0 -1 -1 13 2 3 1 1 -1 -1 -1 62.8571 38.5965 65.7143 39.6552 4 97.1429 96.7623 1 
5 0.0484005 82.243 80.4988 0 0 0 -1 -1 13 2 3 1 1 -1 -1 -1 80 77.3358 74.2857 61.8182 5 97.1429 96.7623 1 
6 0.0484005 82.243 80.4988 0 0 0 -1 -1 13 2 3 1 1 -1 -1 -1 80 77.3358 74.2857 61.8182 6 97.1429 96.7623 1 
7 0.0484005 82.243 80.4988 0 0 0 -1 -1 13 2 3 1 1 -1 -1 -1 80 77.3358 74.2857 61.8182 7 97.1429 96.7623 1 
8 0.0484005 82.243 80.4988 0 0 0 -1 -1 13 2 3 1 1 -1 -1 -1 80 77.3358 74.2857 61.8182 8 97.1429 96.7623 1 
9 0.0484005 82.243 80.4988 0 0 0 -1 -1 13 2 3 1 1 -1 -1 -1 80 77.3358 74.2857 61.8182 9 97.1429 96.7623 1 
10 0.0358895 83.1776 81.8439 0 0 0 -1 -1 13 2 3 1 1 -1 -1 -1 85.7143 84.4444 77.1429 70.0855 10 97.1429 96.7623 1 
11 0.0358895 83.1776 81.8439 0 0 0 -1 -1 13 2 3 1 1 -1 -1 -1 85.7143 84.4444 77.1429 70.0855 11 97.1429 96.7623 1 
12 0.0358895 83.1776 81.8439 0 0 0 -1 -1 13 2 3 1 1 -1 -1 -1 85.7143 84.4444 77.1429 70.0855 12 97.1429 96.7623 1 
13 0.0308949 90.6542 89.6718 0 0 0 -1 -1 13 2 3 1 1 -1 -1 -1 88.5714 87.3188 74.2857 61.8182 13 97.1429 96.7623 1 
14 0.0308949 90.6542 89.6718 0 0 0 -1 -1 13 2 3 1 1 -1 -1 -1 88.5714 87.3188 74.2857 61.8182 14 97.1429 96.7623 1 
15 0.0308949 90.6542 89.6718 0 0 0 -1 -1 13 2 3 1 1 -1 -1 -1 88.5714 87.3188 74.2857 61.8182 15 97.1429 96.7623 1 
16 0.0308949 90.6542 89.6718 0 0 0 -1 -1 13 2 3 1 1 -1 -1 -1 88.5714 87.3188 74.2857 61.8182 16 97.1429 96.7623 1 
17 0.0308949 90.6542 89.6718 0 0 0 -1 -1 13 2 3 1 1 -1 -1 -1 88.5714 87.3188 74.2857 61.8182 17 97.1429 96.7623 1 
18 0.0308949 90.6542 89.6718 0 0 0 -1 -1 13 2 3 1 1 -1 -1 -1 88.5714 87.3188 74.2857 61.8182 18 97.1429 96.7623 1 
19 0.0308949 90.6542 89.6718 0 0 0 -1 -1 13 2 3 1 1 -1 -1 -1 88.5714 87.3188 74.2857 61.8182 19 97.1429 96.7623 1 
20 0.0308949 90.6542 89.6718 0 0 0 -1 -1 13 2 3 1 1 -1 -1 -1 88.5714 87.3188 74.2857 61.8182 20 97.1429 96.7623 1 
21 0.0308949 90.6542 89.6718 0 0 0 -1 -1 13 2 3 1 1 -1 -1 -1 88.5714 87.3188 74.2857 61.8182 21 97.1429 96.7623 1 
22 0.0308949 90.6542 89.6718 0 0 0 -1 -1 13 2 3 1 1 -1 -1 -1 88.5714 87.3188 74.2857 61.8182 22 97.1429 96.7623 1 
23 0.0308949 90.6542 89.6718 0 0 0 -1 -1 13 2 3 1 1 -1 -1 -1 88.5714 87.3188 74.2857 61.8182 23 97.1429 96.7623 1 
24 0.0308949 90.6542 89.6718 0 0 0 -1 -1 13 2 3 1 1 -1 -1 -1 88.5714 87.3188 74.2857 61.8182 24 97.1429 96.7623 1 
25 0.0308949 90.6542 89.6718 0 0 0 -1 -1 13 2 3 1 1 -1 -1 -1 88.5714 87.3188 74.2857 61.8182 25 97.1429 96.7623 1 
26 0.0308949 90.6542 89.6718 0 0 0 -1 -1 13 2 3 1 1 -1 -1 -1 88.5714 87.3188 74.2857 61.8182 26 97.1429 96.7623 1 
27 0.0308949 90.6542 89.6718 0 0 0 -1 -1 13 2 3 1 1 -1 -1 -1 88.5714 87.3188 74.2857 61.8182 27 97.1429 96.7623 1 
28 0.0308949 90.6542 89.6718 0 0 0 -1 -1 13 2 3 1 1 -1 -1 -1 88.5714 87.3188 74.2857 61.8182 28 97.1429 96.7623 1 
29 0.0308949 90.6542 89.6718 0 0 0 -1 -1 13 2 3 1 1 -1 -1 -1 88.5714 87.3188 74.2857 61.8182 29 97.1429 96.7623 1 
30 0.0308949 90.6542 89.6718 0 0 0 -1 -1 13 2 3 1 1 -1 -1 -1 88.5714 87.3188 74.2857 61.8182 30 97.1429 96.7623 1 
31 0.0308949 90.6542 89.6718 0 0 0 -1 -1 13 2 3 1 1 -1 -1 -1 88.5714 87.3188 74.2857 61.8182 31 97.1429 96.7623 1 
32 0.0308949 90.6542 89.6718 0 0 0 -1 -1 13 2 3 1 1 -1 -1 -1 88.5714 87.3188 74.2857 61.8182 32 97.1429 96.7623 1 
33 0.0308949 90.6542 89.6718 0 0 0 -1 -1 13 2 3 1 1 -1 -1 -1 88.5714 87.3188 74.2857 61.8182 33 97.1429 96.7623 1 
34 0.0308949 90.6542 89.6718 0 0 0 -1 -1 13 2 3 1 1 -1 -1 -1 88.5714 87.3188 74.2857 61.8182 34 97.1429 96.7623 1 
35 0.0155867 93.4579 92.8998 0 0 0 -1 -1 13 3 3 1 1 -1 -1 -1 94.2857 93.8811 97.1429 96.7623 35 97.1429 96.7623 1 
36 0.015154 93.4579 92.8998 0 0 0 -1 -1 13 3 3 1 1 -1 -1 -1 97.1429 96.9854 97.1429 96.7623 36 97.1429 96.7623 1 
37 0.015154 93.4579 92.8998 0 0 0 -1 -1 13 3 3 1 1 -1 -1 -1 97.1429 96.9854 97.1429 96.7623 37 97.1429 96.7623 1 
38 0.0135966 97.1963 96.8814 0 0 0 -1 -1 13 3 3 1 1 -1 -1 -1 100 100 97.1429 96.7623 38 97.1429 96.7623 1 
39 0.0135966 97.1963 96.8814 0 0 0 -1 -1 13 3 3 1 1 -1 -1 -1 100 100 97.1429 96.7623 39 97.1429 96.7623 1 
40 0.0135966 97.1963 96.8814 0 0 0 -1 -1 13 3 3 1 1 -1 -1 -1 100 100 97.1429 96.7623 40 97.1429 96.7623 1 
41 0.0135966 97.1963 96.8814 0 0 0 -1 -1 13 3 3 1 1 -1 -1 -1 100 100 97.1429 96.7623 41 97.1429 96.7623 1 
42 0.0135966 97.1963 96.8814 0 0 0 -1 -1 13 3 3 1 1 -1 -1 -1 100 100 97.1429 96.7623 42 97.1429 96.7623 1 
43 0.0135966 97.1963 96.8814 0 0 0 -1 -1 13 3 3 1 1 -1 -1 -1 100 100 97.1429 96.7623 43 97.1429 96.7623 1 
44 0.0135966 97.1963 96.8814 0 0 0 -1 -1 13 3 3 1 1 -1 -1 -1 100 100 97.1429 96.7623 44 97.1429 96.7623 1 
45 0.0135966 97.1963 96.8814 0 0 0 -1 -1 13 3 3 1 1 -1 -1 -1 100 100 97.1429 96.7623 45 97.1429 96.7623 1 
46 0.0135966 97.1963 96.8814 0 0 0 -1 -1 13 3 3 1 1 -1 -1 -1 100 100 97.1429 96.7623 46 97.1429 96.7623 1 
47 0.0135966 97.1963 96.8814 0 0 0 -1 -1 13 3 3 1 1 -1 -1 -1 100 100 97.1429 96.7623 47 97.1429 96.7623 1 
48 0.0135966 97.1963 96.8814 0 0 0 -1 -1 13 3 3 1 1 -1 -1 -1 100 100 97.1429 96.7623 48 97.1429 96.7623 1 
49 0.0135966 97.1963 96.8814 0 0 0 -1 -1 13 3 3 1 1 -1 -1 -1 100 100 97.1429 96.7623 49 97.1429 96.7623 1 
50 0.0135966 97.1963 96.8814 0 0 0 -1 -1 13 3 3 1 1 -1 -1 -1 100 100 97.1429 96.7623 50 97.1429 96.7623 1 
51 0.0135966 97.1963 96.8814 0 0 0 -1 -1 13 3 3 1 1 -1 -1 -1 100 100 97.1429 96.7623 51 97.1429 96.7623 1 
52 0.0135966 97.1963 96.8814 0 0 0 -1 -1 13 3 3 1 1 -1 -1 -1 100 100 97.1429 96.7623 52 97.1429 96.7623 1 
53 0.0135966 97.1963 96.8814 0 0 0 -1 -1 13 3 3 1 1 -1 -1 -1 100 100 97.1429 96.7623 53 97.1429 96.7623 1 
54 0.0135966 97.1963 96.8814 0 0 0 -1 -1 13 3 3 1 1 -1 -1 -1 100 100 97.1429 96.7623 54 97.1429 96.7623 1 
55 0.0135966 97.1963 96.8814 0 0 0 -1 -1 13 3 3 1 1 -1 -1 -1 100 100 97.1429 96.7623 55 97.1429 96.7623 1 
56 0.0135966 97.1963 96.8814 0 0 0 -1 -1 13 3 3 1 1 -1 -1 -1 100 100 97.1429 96.7623 56 97.1429 96.7623 1 
57 0.0135966 97.1963 96.8814 0 0 0 -1 -1 13 3 3 1 1 -1 -1 -1 100 100 97.1429 96.7623 57 97.1429 96.7623 1 
58 0.0135966 97.1963 96.8814 0 0 0 -1 -1 13 3 3 1 1 -1 -1 -1 100 100 97.1429 96.7623 58 97.1429 96.7623 1 
59 0.0135966 97.1963 96.8814 0 0 0 -1 -1 13 3 3 1 1 -1 -1 -1 100 100 97.1429 96.7623 59 97.1429 96.7623 1 
60 0.0135966 97.1963 96.8814 0 0 0 -1 -1 13 3 3 1 1 -1 -1 -1 100 100 97.1429 96.7623 60 97.1429 96.7623 1 
61 0.0135966 97.1963 96.8814 0 0 0 -1 -1 13 3 3 1 1 -1 -1 -1 100 100 97.1429 96.7623 61 97.1429 96.7623 1 
62 0.0135966 97.1963 96.8814 0 0 0 -1 -1 13 3 3 1 1 -1 -1 -1 100 100 97.1429 96.7623 62 97.1429 96.7623 1 
63 0.0135966 97.1963 96.8814 0 0 0 -1 -1 13 3 3 1 1 -1 -1 -1 100 100 97.1429 96.7623 63 97.1429 96.7623 1 
64 0.0135966 97.1963 96.8814 0 0 0 -1 -1 13 3 3 1 1 -1 -1 -1 100 100 97.1429 96.7623 64 97.1429 96.7623 1 
65 0.0135966 97.1963 96.8814 0 0 0 -1 -1 13 3 3 1 1 -1 -1 -1 100 100 97.1429 96.7623 65 97.1429 96.7623 1 
66 0.0135966 97.1963 96.8814 0 0 0 -1 -1 13 3 3 1 1 -1 -1 -1 100 100 97.1429 96.7623 66 97.1429 96.7623 1 
67 0.0135966 97.1963 96.8814 0 0 0 -1 -1 13 3 3 1 1 -1 -1 -1 100 100 97.1429 96.7623 67 97.1429 96.7623 1 
68 0.0135966 97.1963 96.8814 0 0 0 -1 -1 13 3 3 1 1 -1 -1 -1 100 100 97.1429 96.7623 68 97.1429 96.7623 1 
69 0.0135966 97.1963 96.8814 0 0 0 -1 -1 13 3 3 1 1 -1 -1 -1 100 100 97.1429 96.7623 69 97.1429 96.7623 1 
70 0.0135966 97.1963 96.8814 0 0 0 -1 -1 13 3 3 1 1 -1 -1 -1 100 100 97.1429 96.7623 70 97.1429 96.7623 1 
