# Created by main.cpp, 2016-06-25.12:27:59
# name: results
# type: matrix
# rows: 101
# columns: 24
1 0.502626 49.7374 35.4212 13.153 3.53 0.353 0 100 9 5.6 2 1 1 -1 0 0 51.2727 37.1248 1 92.6277 91.3312 4.29497e+09 10 
2 0.470505 52.9495 37.162 23.905 4.81147 0.677 0 100 9 4.6 2 1 1 -1 0 0 52.9091 38.4854 2 92.6277 91.3312 4.29497e+09 10 
3 0.382626 61.7374 41.1154 35.6005 5.93325 1.019 0 100 9 4.9 2 1 1 -1 0 0 57.0909 40.996 3 92.6277 91.3312 4.29497e+09 10 
4 0.364444 63.5556 42.7858 50.0238 7.00791 1.381 0 100 9 4.9 2 1 1 -1 0 0 58.3636 42.7349 4 92.6277 91.3312 4.29497e+09 10 
5 0.344848 65.5152 46.9706 65.3033 8.01073 1.744 0 100 9 5.8 2 1 1 -1 0 0 60.5455 46.4479 5 92.6277 91.3312 4.29497e+09 10 
6 0.331111 66.8889 50.1381 77.1829 8.71581 2.061 0 100 9 5.3 2 1 1 -1 0 0 62.1818 49.5965 6 92.6277 91.3312 4.29497e+09 10 
7 0.331111 66.8889 50.1381 86.8338 9.27538 2.386 0 100 9 5.2 2 1 1 -1 0 0 62.1818 49.5965 7 92.6277 91.3312 4.29497e+09 10 
8 0.331111 66.8889 50.1381 95.716 9.73234 2.694 0 100 9 6.3 2 1 1 -1 0 0 62.3636 50.0389 8 92.6277 91.3312 4.29497e+09 10 
9 0.308889 69.1111 54.8455 110.626 10.4819 3.066 0 100 9 6.1 2 1 1 -1 0 0 65.4545 54.8977 9 92.6277 91.3312 4.29497e+09 10 
10 0.294141 70.5859 56.5951 120.362 10.944 3.393 0 100 9 6.4 2 1 1 -1 0 0 67.8182 57.6732 10 92.6277 91.3312 4.29497e+09 10 
11 0.286061 71.3939 59.9567 131.882 11.4494 3.724 0 100 9 5.9 2 1 1 -1 0 0 70.1818 62.0461 11 92.6277 91.3312 4.29497e+09 10 
12 0.286061 71.3939 59.9567 140.614 11.8143 4.042 0 100 9 6.4 2 1 1 -1 0 0 70.1818 62.0461 12 92.6277 91.3312 4.29497e+09 10 
13 0.253737 74.6263 64.0744 161.993 12.646 4.482 0 100 9 6.3 2 1 1 -1 0 0 74.5455 66.9721 13 92.6277 91.3312 4.29497e+09 10 
14 0.255758 74.4242 66.4088 174.943 13.1247 4.85 0 100 9 7.2 2 1 1 -1 0 0 76.3636 70.7801 14 92.6277 91.3312 4.29497e+09 10 
15 0.236768 76.3232 68.2285 188.333 13.5868 5.198 0 100 9 6.6 2 1 1 -1 0 0 78.1818 72.6037 15 92.6277 91.3312 4.29497e+09 10 
16 0.236768 76.3232 68.2285 193.395 13.7747 5.474 0 100 9 7.3 2 1 1 -1 0 0 78.1818 72.6037 16 92.6277 91.3312 4.29497e+09 10 
17 0.236768 76.3232 68.2285 201.344 14.076 5.809 0 100 9 6.9 2 1 1 -1 0 0 78.1818 72.6037 17 92.6277 91.3312 4.29497e+09 10 
18 0.180202 81.9798 76.2486 219.4 14.7008 6.208 0 100 9 7.3 2 1 1 -1 0 0 82.9091 79.2755 18 92.6277 91.3312 4.29497e+09 10 
19 0.180202 81.9798 76.2486 230.812 15.061 6.567 0 100 9 7.5 2 1 1 -1 0 0 82.9091 79.2755 19 92.6277 91.3312 4.29497e+09 10 
20 0.180202 81.9798 76.2486 239.395 15.3461 6.914 0 100 9 7.3 2 1 1 -1 0 0 82.9091 79.2755 20 92.6277 91.3312 4.29497e+09 10 
21 0.180202 81.9798 76.2486 246.94 15.6006 7.25 0 100 9 7.5 2 1 1 -1 0 0 82.9091 79.2755 21 92.6277 91.3312 4.29497e+09 10 
22 0.180202 81.9798 76.2486 255.067 15.8634 7.613 0 100 9 7.3 2 1 1 -1 0 0 82.9091 79.2755 22 92.6277 91.3312 4.29497e+09 10 
23 0.180808 81.9192 76.2794 262.7 16.1085 7.961 0 100 9 7.4 2 1 1 -1 0 0 82.7273 79.2003 23 92.6277 91.3312 4.29497e+09 10 
24 0.180808 81.9192 76.2794 275.063 16.4796 8.351 0 100 9 7.4 2 1 1 -1 0 0 82.7273 79.2003 24 92.6277 91.3312 4.29497e+09 10 
25 0.180808 81.9192 76.2794 280.23 16.6332 8.653 0 100 9 7.4 2 1 1 -1 0 0 82.7273 79.2003 25 92.6277 91.3312 4.29497e+09 10 
26 0.180808 81.9192 76.2794 285.996 16.8135 8.983 0 100 9 7.4 2 1 1 -1 0 0 82.7273 79.2003 26 92.6277 91.3312 4.29497e+09 10 
27 0.180808 81.9192 76.2794 291.429 16.9741 9.313 0 100 9 7.4 2 1 1 -1 0 0 82.7273 79.2003 27 92.6277 91.3312 4.29497e+09 10 
28 0.180808 81.9192 76.2794 295.572 17.0982 9.602 0 100 9 7.4 2 1 1 -1 0 0 82.7273 79.2003 28 92.6277 91.3312 4.29497e+09 10 
29 0.180808 81.9192 76.2794 300.559 17.2427 9.935 0 100 9 7.4 2 1 1 -1 0 0 82.7273 79.2003 29 92.6277 91.3312 4.29497e+09 10 
30 0.180808 81.9192 76.2794 303.645 17.3377 10.218 0 100 9 7.4 2 1 1 -1 0 0 82.7273 79.2003 30 92.6277 91.3312 4.29497e+09 10 
31 0.180808 81.9192 76.2794 316.274 17.6844 10.619 0 100 9 7.4 2 1 1 -1 0 0 82.7273 79.2003 31 92.6277 91.3312 4.29497e+09 10 
32 0.180808 81.9192 76.2794 322.696 17.8578 10.963 0 100 9 7.4 2 1 1 -1 0 0 82.7273 79.2003 32 92.6277 91.3312 4.29497e+09 10 
33 0.180808 81.9192 76.2794 327.087 17.979 11.301 0 100 9 7.4 2 1 1 -1 0 0 82.7273 79.2003 33 92.6277 91.3312 4.29497e+09 10 
34 0.152121 84.7879 81.6263 341.476 18.3975 11.724 0 100 9 7.6 2 1 1 -1 0 0 86 83.8029 34 92.6277 91.3312 4.29497e+09 10 
35 0.152121 84.7879 81.6263 346.001 18.5262 12.057 0 100 9 7.6 2 1 1 -1 0 0 86 83.8029 35 92.6277 91.3312 4.29497e+09 10 
36 0.152121 84.7879 81.6263 350.555 18.6445 12.398 0 100 9 7.6 2 1 1 -1 0 0 86 83.8029 36 92.6277 91.3312 4.29497e+09 10 
37 0.152121 84.7879 81.6263 351.648 18.6741 12.666 0 100 9 7.6 2 1 1 -1 0 0 86 83.8029 37 92.6277 91.3312 4.29497e+09 10 
38 0.152121 84.7879 81.6263 354.245 18.7438 12.989 0 100 9 7.6 2 1 1 -1 0 0 86 83.8029 38 92.6277 91.3312 4.29497e+09 10 
39 0.152121 84.7879 81.6263 357.888 18.8381 13.316 0 100 9 7.6 2 1 1 -1 0 0 86 83.8029 39 92.6277 91.3312 4.29497e+09 10 
40 0.152121 84.7879 81.6263 359.558 18.8831 13.627 0 100 9 7.6 2 1 1 -1 0 0 86 83.8029 40 92.6277 91.3312 4.29497e+09 10 
41 0.152121 84.7879 81.6263 367.074 19.0833 14.038 0 100 9 7.6 2 1 1 -1 0 0 86 83.8029 41 92.6277 91.3312 4.29497e+09 10 
42 0.152121 84.7879 81.6263 374.102 19.2753 14.413 0 100 9 7.6 2 1 1 -1 0 0 86 83.8029 42 92.6277 91.3312 4.29497e+09 10 
43 0.152121 84.7879 81.6263 380.113 19.4318 14.774 0 100 9 7.6 2 1 1 -1 0 0 86 83.8029 43 92.6277 91.3312 4.29497e+09 10 
44 0.152121 84.7879 81.6263 382.8 19.4985 15.123 0 100 9 7.6 2 1 1 -1 0 0 86 83.8029 44 92.6277 91.3312 4.29497e+09 10 
45 0.152121 84.7879 81.6263 383.584 19.5219 15.44 0 100 9 7.6 2 1 1 -1 0 0 86 83.8029 45 92.6277 91.3312 4.29497e+09 10 
46 0.151111 84.8889 81.7188 384.761 19.5577 15.764 0 100 9 8.1 2 1 1 -1 0 0 86.7273 85.1196 46 92.6277 91.3312 4.29497e+09 10 
47 0.119394 88.0606 84.8127 394.543 19.8079 16.16 0 100 9 8.6 2 1 1 -1 0 0 88.3636 86.7503 47 92.6277 91.3312 4.29497e+09 10 
48 0.130909 86.9091 85.9987 400.106 19.9495 16.52 0 100 9 8.6 2 1 1 -1 0 0 88.9091 88.4952 48 92.6277 91.3312 4.29497e+09 10 
49 0.130909 86.9091 85.9987 406.968 20.1283 16.921 0 100 9 8.6 2 1 1 -1 0 0 88.9091 88.4952 49 92.6277 91.3312 4.29497e+09 10 
50 0.130909 86.9091 85.9987 406.108 20.1102 17.22 5.15 100 9 8.6 2 1 1 -1 0 0 88.9091 88.4952 50 92.6277 91.3312 4.29497e+09 10 
51 0.130909 86.9091 85.9987 406.063 20.1101 17.547 12.25 100 9 8.6 2 1 1 -1 0 0 88.9091 88.4952 51 92.6277 91.3312 4.29497e+09 10 
52 0.130909 86.9091 85.9987 410.541 20.2181 17.929 16 100 9 8.6 2 1 1 -1 0 0 88.9091 88.4952 52 92.6277 91.3312 4.29497e+09 10 
53 0.130909 86.9091 85.9987 413.966 20.2937 18.302 18.6 100 9 8.6 2 1 1 -1 0 0 88.9091 88.4952 53 92.6277 91.3312 4.29497e+09 10 
54 0.130909 86.9091 85.9987 412.391 20.2554 18.595 20.8 100 9 8.6 2 1 1 -1 0 0 88.9091 88.4952 54 92.6277 91.3312 4.29497e+09 10 
55 0.130909 86.9091 85.9987 414.79 20.3189 18.961 23.3 100 9 8.6 2 1 1 -1 0 0 88.9091 88.4952 55 92.6277 91.3312 4.29497e+09 10 
56 0.129899 87.0101 86.0364 416.858 20.3672 19.279 25 100 9 8.4 2 1 1 -1 0 0 88.3636 87.8676 56 92.6277 91.3312 4.29497e+09 10 
57 0.129899 87.0101 86.0364 414.286 20.3047 19.536 25.8 100 9 8.4 2 1 1 -1 0 0 88.3636 87.8676 57 92.6277 91.3312 4.29497e+09 10 
58 0.129899 87.0101 86.0364 411.126 20.226 19.788 25.95 100 9 8.4 2 1 1 -1 0 0 88.3636 87.8676 58 92.6277 91.3312 4.29497e+09 10 
59 0.129899 87.0101 86.0364 409.116 20.1782 20.084 26 100 9 8.4 2 1 1 -1 0 0 88.3636 87.8676 59 92.6277 91.3312 4.29497e+09 10 
60 0.129899 87.0101 86.0364 405.652 20.0922 20.357 26 100 9 8.4 2 1 1 -1 0 0 88.3636 87.8676 60 92.6277 91.3312 4.29497e+09 10 
61 0.124242 87.5758 86.572 407.867 20.1494 20.712 26 100 9 8.3 2 1 1 -1 0 0 88.5455 88.0073 61 92.6277 91.3312 4.29497e+09 10 
62 0.124242 87.5758 86.572 405.201 20.0823 21.029 26 100 9 8.3 2 1 1 -1 0 0 88.5455 88.0073 62 92.6277 91.3312 4.29497e+09 10 
63 0.124242 87.5758 86.572 408.516 20.1587 21.451 26 100 9 8.3 2 1 1 -1 0 0 88.5455 88.0073 63 92.6277 91.3312 4.29497e+09 10 
