# Created by main.cpp, 2016-06-29.08:45:29
# name: results
# type: matrix
# rows: 275
# columns: 16
1 0 62.9752 38.4117 0.370248 60.4512 37.5253 0.395488 59.6694 37.2413 0.403306 15.1136 0.386364 100 6.09091 1 
2 0 61.506 43.3608 0.38494 59.7213 42.2959 0.402787 59.8347 42.9213 0.401653 30.7032 0.726364 100 6.54545 1 
3 0 60.5877 45.8313 0.394123 59.0577 44.5221 0.409423 59.1736 44.7968 0.408264 43.7123 1.06727 100 6.63636 1 
4 0 67.5115 51.3129 0.324885 65.428 49.9537 0.34572 65.124 49.89 0.34876 60.4512 1.43545 100 7 1 
5 0 67.5115 51.3129 0.324885 65.428 49.9537 0.34572 65.124 49.89 0.34876 66.9253 1.69818 100 7 1 
6 0 67.6951 51.4966 0.323049 65.6934 50.2165 0.343066 64.9587 49.7074 0.350413 82.3742 2.06 100 6.36364 1 
7 0 69.2562 54.9557 0.307438 67.4851 53.8463 0.325149 66.4463 52.8253 0.335537 96.0914 2.41091 100 5.81818 1 
8 0 71.2213 59.0273 0.287787 69.9403 58.3784 0.300597 68.4298 56.6724 0.315702 110.769 2.78182 100 6.45455 1 
9 0 70.7438 60.9081 0.292562 69.6085 60.158 0.303915 68.7603 59.112 0.312397 122.776 3.14 100 6.63636 1 
10 0 70.7438 60.9081 0.292562 69.6085 60.158 0.303915 68.7603 59.112 0.312397 131.782 3.45455 100 5.90909 1 
11 0 70.7438 60.9081 0.292562 69.6085 60.158 0.303915 68.7603 59.112 0.312397 140.665 3.77 100 6.09091 1 
12 0 70.7438 60.9081 0.292562 69.6085 60.158 0.303915 68.7603 59.112 0.312397 149.895 4.10364 100 5.90909 1 
13 0 72.1947 64.6836 0.278053 71.4001 64.14 0.285999 70.7438 63.2102 0.292562 167.982 4.49091 100 5.81818 1 
14 0 72.1947 64.6836 0.278053 71.4001 64.14 0.285999 70.7438 63.2102 0.292562 175.156 4.79909 100 6.09091 1 
15 0 72.1947 64.6836 0.278053 71.4001 64.14 0.285999 70.7438 63.2102 0.292562 182.788 5.11818 100 5.63636 1 
16 0 76.2902 68.9034 0.237098 75.7133 68.8952 0.242867 73.719 66.285 0.26281 198.008 5.50364 100 5.81818 1 
17 0 76.2902 68.9034 0.237098 75.7133 68.8952 0.242867 73.719 66.285 0.26281 204.047 5.79273 100 5.90909 1 
18 0 76.5106 69.2032 0.234894 75.8461 69.0645 0.241539 73.8843 66.4559 0.261157 216.63 6.14727 100 6.63636 1 
19 0 75.9412 70.9951 0.240588 75.4479 70.767 0.245521 74.0496 68.7497 0.259504 231.959 6.55909 100 6 1 
20 0 75.9412 70.9951 0.240588 75.4479 70.767 0.245521 74.0496 68.7497 0.259504 242.439 6.92909 100 6.09091 1 
21 0 75.9412 70.9951 0.240588 75.4479 70.767 0.245521 74.0496 68.7497 0.259504 250.872 7.27182 100 6 1 
22 0 75.9412 70.9951 0.240588 75.4479 70.767 0.245521 74.0496 68.7497 0.259504 260.098 7.63 100 6.09091 1 
23 0 78.0716 71.2962 0.219284 77.1732 70.8215 0.228268 75.7025 68.8704 0.242975 268.243 7.98545 100 6.09091 1 
24 0 77.337 72.8453 0.22663 76.6423 72.4103 0.233577 76.6942 72.2104 0.233058 280.776 8.38091 100 5.45455 1 
25 0 77.0983 74.9767 0.229017 76.5096 74.4166 0.234904 77.1901 74.8284 0.228099 289.348 8.75 100 5.54545 1 
26 0 77.0983 74.9767 0.229017 76.5096 74.4166 0.234904 77.1901 74.8284 0.228099 295.024 9.08 100 5.54545 1 
27 0 77.0983 74.9767 0.229017 76.5096 74.4166 0.234904 77.1901 74.8284 0.228099 299.672 9.38273 100 5.54545 1 
28 0 77.0983 74.9767 0.229017 76.5096 74.4166 0.234904 77.1901 74.8284 0.228099 303.612 9.67 100 5.54545 1 
29 0 77.0983 74.9767 0.229017 76.5096 74.4166 0.234904 77.1901 74.8284 0.228099 309.948 10.0291 100 5.54545 1 
30 0 77.0983 74.9767 0.229017 76.5096 74.4166 0.234904 77.1901 74.8284 0.228099 314.515 10.3564 100 5.54545 1 
31 0 78.3655 75.017 0.216345 77.704 74.645 0.22296 77.5207 74.0067 0.224793 318.767 10.6418 100 5.27273 1 
32 0 78.3655 75.017 0.216345 77.704 74.645 0.22296 77.5207 74.0067 0.224793 321.578 10.9164 100 5.27273 1 
33 0 78.3655 75.017 0.216345 77.704 74.645 0.22296 77.5207 74.0067 0.224793 324.905 11.2282 100 5.27273 1 
34 0 79.0634 75.713 0.209366 78.3013 75.2964 0.216987 77.8512 74.3542 0.221488 329.501 11.5291 100 5.54545 1 
35 0 80.5142 78.2692 0.194858 80.4247 78.4514 0.195753 79.1736 76.6881 0.208264 339.049 11.9127 100 5.81818 1 
36 0 80.5142 78.2692 0.194858 80.4247 78.4514 0.195753 79.1736 76.6881 0.208264 341.265 12.1945 100 5.81818 1 
37 0 83.8384 81.5379 0.161616 84.1407 82.3109 0.158593 81.3223 78.7525 0.186777 353.434 12.6 100 6.09091 1 
38 0 84.2792 82.3855 0.157208 84.8042 83.3148 0.151958 82.4793 80.3848 0.175207 364.476 12.9736 100 6.36364 1 
39 0 84.2792 82.3855 0.157208 84.8042 83.3148 0.151958 82.4793 80.3848 0.175207 370.276 13.3282 100 6.36364 1 
40 0 84.2792 82.3855 0.157208 84.8042 83.3148 0.151958 82.4793 80.3848 0.175207 373.294 13.6364 100 6.36364 1 
41 0 84.8485 83.4759 0.151515 85.9323 85.2455 0.140677 83.4711 82.2452 0.165289 378.95 14.0127 100 5.90909 1 
42 0 85.9871 84.1658 0.140129 87.6576 86.7682 0.123424 84.4628 82.8945 0.155372 383.691 14.3455 100 6.09091 1 
43 0 85.9871 84.1658 0.140129 87.6576 86.7682 0.123424 84.4628 82.8945 0.155372 385.25 14.6691 100 6.09091 1 
44 0 88.6134 86.7439 0.113866 90.4446 89.6176 0.0955541 86.4463 84.858 0.135537 392.687 15.0818 100 5.45455 1 
45 0 88.7787 87.0197 0.112213 90.6437 89.895 0.0935634 86.6116 85.1122 0.133884 404.124 15.5418 100 5.36364 1 
46 0 89.3113 87.5547 0.106887 91.1745 90.4204 0.0882548 86.7769 85.2657 0.132231 416.748 16.0164 100 5 1 
47 0 91.1662 89.791 0.0883379 93.0989 92.5511 0.0690113 87.7686 86.5301 0.122314 429.366 16.4573 100 5.18182 1 
48 0 91.1662 89.791 0.0883379 93.0989 92.5511 0.0690113 87.7686 86.5301 0.122314 428.609 16.7427 100 5.18182 1 
49 0 91.4417 90.0577 0.0855831 93.2979 92.7386 0.0670206 87.2727 85.9229 0.127273 435.723 17.1318 100 5.45455 1 
50 0 91.4417 90.0577 0.0855831 93.2979 92.7386 0.0670206 87.2727 85.9229 0.127273 436.051 17.4545 100 5.45455 1 
51 0 91.4417 90.0577 0.0855831 93.2979 92.7386 0.0670206 87.2727 85.9229 0.127273 435.89 17.7864 100 5.45455 1 
52 0 91.4417 90.0577 0.0855831 93.2979 92.7386 0.0670206 87.2727 85.9229 0.127273 434.511 18.07 100 5.45455 1 
53 0 91.4417 90.0577 0.0855831 93.2979 92.7386 0.0670206 87.2727 85.9229 0.127273 434.997 18.41 100 5.45455 1 
54 0 91.4417 90.0577 0.0855831 93.2979 92.7386 0.0670206 87.2727 85.9229 0.127273 434.245 18.7064 100 5.45455 1 
55 0 91.4417 90.0577 0.0855831 93.2979 92.7386 0.0670206 87.2727 85.9229 0.127273 436.47 19.0418 100 5.45455 1 
56 0 91.4417 90.0577 0.0855831 93.2979 92.7386 0.0670206 87.2727 85.9229 0.127273 435.87 19.3927 100 5.45455 1 
57 0 91.4417 90.0577 0.0855831 93.2979 92.7386 0.0670206 87.2727 85.9229 0.127273 437.01 19.7455 100 5.45455 1 
58 0 91.4417 90.0577 0.0855831 93.2979 92.7386 0.0670206 87.2727 85.9229 0.127273 437.093 20.0791 100 5.45455 1 
59 0 91.4417 90.0577 0.0855831 93.2979 92.7386 0.0670206 87.2727 85.9229 0.127273 441.332 20.4791 100 5.45455 1 
60 0 91.4417 90.0577 0.0855831 93.2979 92.7386 0.0670206 87.2727 85.9229 0.127273 438.155 20.7545 100 5.45455 1 
61 0 91.4417 90.0577 0.0855831 93.2979 92.7386 0.0670206 87.2727 85.9229 0.127273 437.986 21.1264 100 5.45455 1 
62 0 91.4417 90.0577 0.0855831 93.2979 92.7386 0.0670206 87.2727 85.9229 0.127273 438.603 21.4755 100 5.45455 1 
63 0 91.4417 90.0577 0.0855831 93.2979 92.7386 0.0670206 87.2727 85.9229 0.127273 435.847 21.8073 100 5.45455 1 
64 0 91.4417 90.0577 0.0855831 93.2979 92.7386 0.0670206 87.2727 85.9229 0.127273 437.504 22.2136 100 5.45455 1 
65 0 91.4417 90.0577 0.0855831 93.2979 92.7386 0.0670206 87.2727 85.9229 0.127273 434.986 22.58 100 5.45455 1 
66 0 91.4417 90.0577 0.0855831 93.2979 92.7386 0.0670206 87.2727 85.9229 0.127273 430.93 22.8836 100 5.45455 1 
67 0 91.4417 90.0577 0.0855831 93.2979 92.7386 0.0670206 87.2727 85.9229 0.127273 426.903 23.2082 100 5.45455 1 
68 0 91.4417 90.0577 0.0855831 93.2979 92.7386 0.0670206 87.2727 85.9229 0.127273 423.035 23.5327 100 5.45455 1 
69 0 91.4417 90.0577 0.0855831 93.2979 92.7386 0.0670206 87.2727 85.9229 0.127273 421.182 23.9227 100 5.45455 1 
70 0 91.4417 90.0577 0.0855831 93.2979 92.7386 0.0670206 87.2727 85.9229 0.127273 415.848 24.1582 100 5.45455 1 
71 0 91.4417 90.0577 0.0855831 93.2979 92.7386 0.0670206 87.2727 85.9229 0.127273 411.134 24.49 100 5.45455 1 
