# Created by main.cpp, 2016-06-25.12:27:40
# name: results
# type: matrix
# rows: 101
# columns: 24
1 0.571111 42.8889 32.1743 11.232 3.22 0.322 0 100 9 5.8 2 1 1 -1 0 0 41.4545 31.0706 1 89.708 89.1337 1 10 
2 0.502828 49.7172 35.5354 21.1045 4.50146 0.63 0 100 9 5.1 2 1 1 -1 0 0 49.2727 34.8101 2 89.708 89.1337 1 10 
3 0.378586 62.1414 41.3624 32.5958 5.6662 0.96 0 100 9 6.5 2 1 1 -1 0 0 63.8182 41.2229 3 89.708 89.1337 1 10 
4 0.354141 64.5859 43.6089 46.1908 6.6808 1.299 0 100 9 5.7 2 1 1 -1 0 0 65.8182 42.7856 4 89.708 89.1337 1 10 
5 0.326869 67.3131 48.2816 62.1705 7.78712 1.666 0 100 9 6 2 1 1 -1 0 0 67.6364 46.3784 5 89.708 89.1337 1 10 
6 0.312727 68.7273 51.6184 75.8039 8.6203 2.014 0 100 9 6.7 2 1 1 -1 0 0 68.7273 49.2689 6 89.708 89.1337 1 10 
7 0.312727 68.7273 51.6184 85.2748 9.18024 2.334 0 100 9 6.5 2 1 1 -1 0 0 68.7273 49.2689 7 89.708 89.1337 1 10 
8 0.312727 68.7273 51.6184 95.7721 9.7354 2.674 0 100 9 6.8 2 1 1 -1 0 0 68.7273 49.2689 8 89.708 89.1337 1 10 
9 0.312727 68.7273 51.6184 105.045 10.2126 2.997 0 100 9 6.1 2 1 1 -1 0 0 68.7273 49.2689 9 89.708 89.1337 1 10 
10 0.294949 70.5051 53.6218 114.146 10.6543 3.309 0 100 9 7.1 2 1 1 -1 0 0 70 50.8274 10 89.708 89.1337 1 10 
11 0.283232 71.6768 54.7958 123.258 11.0543 3.601 0 100 9 6.5 2 1 1 -1 0 0 72.1818 52.9814 11 89.708 89.1337 1 10 
12 0.305051 69.4949 54.9746 133.128 11.4838 3.933 0 100 9 6.6 2 1 1 -1 0 0 69.8182 53.2907 12 89.708 89.1337 1 10 
13 0.278384 72.1616 58.5032 154.436 12.3128 4.356 0 100 9 6.7 2 1 1 -1 0 0 72.9091 57.4984 13 89.708 89.1337 1 10 
14 0.232121 76.7879 63.346 173.025 13.0304 4.782 0 100 9 8 2 1 1 -1 0 0 77.4545 62.0554 14 89.708 89.1337 1 10 
15 0.211919 78.8081 65.2943 192.251 13.6926 5.192 0 100 9 7.2 2 1 1 -1 0 0 78.7273 63.0707 15 89.708 89.1337 1 10 
16 0.211919 78.8081 65.2943 197.771 13.8941 5.465 0 100 9 8.2 2 1 1 -1 0 0 78.7273 63.0707 16 89.708 89.1337 1 10 
17 0.211919 78.8081 65.2943 205.193 14.1824 5.789 0 100 9 7.3 2 1 1 -1 0 0 78.7273 63.0707 17 89.708 89.1337 1 10 
18 0.185253 81.4747 70.5004 216.263 14.5796 6.117 0 100 9 7.7 2 1 1 -1 0 0 80.5455 67.3457 18 89.708 89.1337 1 10 
19 0.185253 81.4747 70.5004 227.528 14.9352 6.469 0 100 9 8.7 2 1 1 -1 0 0 80.5455 67.3457 19 89.708 89.1337 1 10 
20 0.185253 81.4747 70.5004 237.684 15.2757 6.852 0 100 9 7.7 2 1 1 -1 0 0 80.5455 67.3457 20 89.708 89.1337 1 10 
21 0.185253 81.4747 70.5004 244.823 15.5196 7.174 0 100 9 8.7 2 1 1 -1 0 0 80.5455 67.3457 21 89.708 89.1337 1 10 
22 0.185253 81.4747 70.5004 252.749 15.7781 7.529 0 100 9 8.1 2 1 1 -1 0 0 80.5455 67.3457 22 89.708 89.1337 1 10 
23 0.186667 81.3333 70.5034 261.746 16.0528 7.874 0 100 9 8.4 2 1 1 -1 0 0 80.5455 67.3457 23 89.708 89.1337 1 10 
24 0.186667 81.3333 70.5034 274.319 16.4247 8.261 0 100 9 8.5 2 1 1 -1 0 0 80.5455 67.3457 24 89.708 89.1337 1 10 
25 0.186667 81.3333 70.5034 280.475 16.6118 8.578 0 100 9 8 2 1 1 -1 0 0 80.5455 67.3457 25 89.708 89.1337 1 10 
26 0.186667 81.3333 70.5034 285.815 16.7756 8.896 0 100 9 7.9 2 1 1 -1 0 0 80.5455 67.3457 26 89.708 89.1337 1 10 
27 0.186667 81.3333 70.5034 290.043 16.902 9.198 0 100 9 8.4 2 1 1 -1 0 0 80.5455 67.3457 27 89.708 89.1337 1 10 
28 0.186667 81.3333 70.5034 295.557 17.0608 9.518 0 100 9 7.9 2 1 1 -1 0 0 80.5455 67.3457 28 89.708 89.1337 1 10 
29 0.201616 79.8384 71.5011 306.96 17.3846 9.922 0 100 9 7.9 2 1 1 -1 0 0 78.3636 67.873 29 89.708 89.1337 1 10 
30 0.184242 81.5758 73.3345 318.988 17.7117 10.311 0 100 9 7 2 1 1 -1 0 0 80.1818 69.7786 30 89.708 89.1337 1 10 
31 0.184242 81.5758 73.3345 331.197 18.0379 10.706 0 100 9 7.5 2 1 1 -1 0 0 80.1818 69.7786 31 89.708 89.1337 1 10 
32 0.184242 81.5758 73.3345 337.915 18.2119 11.047 0 100 9 7 2 1 1 -1 0 0 80.1818 69.7786 32 89.708 89.1337 1 10 
33 0.184242 81.5758 73.3345 343.644 18.3682 11.418 0 100 9 7.6 2 1 1 -1 0 0 80.1818 69.7786 33 89.708 89.1337 1 10 
34 0.166667 83.3333 77.4985 356.698 18.7296 11.843 0 100 9 7.6 2 1 1 -1 0 0 82.3636 74.6428 34 89.708 89.1337 1 10 
35 0.14404 85.596 81.8523 364.785 18.9868 12.185 0 100 9 7.4 2 1 1 -1 0 0 84 78.5421 35 89.708 89.1337 1 10 
36 0.14404 85.596 81.8523 370.574 19.1382 12.555 0 100 9 7.4 2 1 1 -1 0 0 84 78.5421 36 89.708 89.1337 1 10 
37 0.14404 85.596 81.8523 373.495 19.2187 12.88 0 100 9 7.4 2 1 1 -1 0 0 84 78.5421 37 89.708 89.1337 1 10 
38 0.14404 85.596 81.8523 375.305 19.2622 13.171 0 100 9 7.4 2 1 1 -1 0 0 84 78.5421 38 89.708 89.1337 1 10 
39 0.14404 85.596 81.8523 379.408 19.3707 13.508 0 100 9 7.4 2 1 1 -1 0 0 84 78.5421 39 89.708 89.1337 1 10 
40 0.141818 85.8182 82.1344 386.735 19.5753 13.869 0 100 9 7.8 2 1 1 -1 0 0 84.3636 79.1818 40 89.708 89.1337 1 10 
41 0.141818 85.8182 82.1344 391.104 19.6865 14.218 0 100 9 7.8 2 1 1 -1 0 0 84.3636 79.1818 41 89.708 89.1337 1 10 
42 0.141818 85.8182 82.1344 398.818 19.8883 14.608 0 100 9 7.8 2 1 1 -1 0 0 84.3636 79.1818 42 89.708 89.1337 1 10 
43 0.141818 85.8182 82.1344 402.353 19.9676 14.936 0 100 9 7.8 2 1 1 -1 0 0 84.3636 79.1818 43 89.708 89.1337 1 10 
44 0.141818 85.8182 82.1344 404.42 20.0182 15.264 0 100 9 7.8 2 1 1 -1 0 0 84.3636 79.1818 44 89.708 89.1337 1 10 
45 0.141818 85.8182 82.1344 404.121 20.0143 15.545 0 100 9 7.8 2 1 1 -1 0 0 84.3636 79.1818 45 89.708 89.1337 1 10 
46 0.139596 86.0404 82.3861 404.525 20.0253 15.852 0 100 9 8.3 2 1 1 -1 0 0 84.3636 79.1818 46 89.708 89.1337 1 10 
47 0.139596 86.0404 82.3861 404.996 20.0359 16.157 0 100 9 8.3 2 1 1 -1 0 0 84.3636 79.1818 47 89.708 89.1337 1 10 
48 0.152525 84.7475 83.4977 405.555 20.0565 16.423 0 100 9 8.3 2 1 1 -1 0 0 82.7273 80.3291 48 89.708 89.1337 1 10 
49 0.152525 84.7475 83.4977 406.187 20.0768 16.749 0 100 9 8.3 2 1 1 -1 0 0 82.7273 80.3291 49 89.708 89.1337 1 10 
50 0.152525 84.7475 83.4977 410.401 20.1817 17.107 4.4 100 9 8.3 2 1 1 -1 0 0 82.7273 80.3291 50 89.708 89.1337 1 10 
51 0.152525 84.7475 83.4977 410.638 20.1876 17.419 10.25 100 9 8.3 2 1 1 -1 0 0 82.7273 80.3291 51 89.708 89.1337 1 10 
52 0.152525 84.7475 83.4977 409.809 20.1662 17.701 13.05 100 9 8.3 2 1 1 -1 0 0 82.7273 80.3291 52 89.708 89.1337 1 10 
53 0.152525 84.7475 83.4977 412.246 20.2284 18.043 16.4 100 9 8.3 2 1 1 -1 0 0 82.7273 80.3291 53 89.708 89.1337 1 10 
54 0.152525 84.7475 83.4977 410.351 20.1851 18.309 20.15 100 9 8.3 2 1 1 -1 0 0 82.7273 80.3291 54 89.708 89.1337 1 10 
55 0.152525 84.7475 83.4977 409.043 20.1575 18.598 22.3 100 9 8.3 2 1 1 -1 0 0 82.7273 80.3291 55 89.708 89.1337 1 10 
56 0.150707 84.9293 83.6283 413.132 20.2544 18.989 24.05 100 9 8.1 2 1 1 -1 0 0 82.5455 79.8865 56 89.708 89.1337 1 10 
57 0.150707 84.9293 83.6283 411.043 20.2014 19.263 24.35 100 9 8.1 2 1 1 -1 0 0 82.5455 79.8865 57 89.708 89.1337 1 10 
58 0.150707 84.9293 83.6283 408.913 20.1502 19.533 24.55 100 9 8.1 2 1 1 -1 0 0 82.5455 79.8865 58 89.708 89.1337 1 10 
59 0.150707 84.9293 83.6283 410.577 20.2 19.902 24.75 100 9 8.1 2 1 1 -1 0 0 82.5455 79.8865 59 89.708 89.1337 1 10 
60 0.150707 84.9293 83.6283 407.26 20.1177 20.15 25 100 9 8.1 2 1 1 -1 0 0 82.5455 79.8865 60 89.708 89.1337 1 10 
61 0.150707 84.9293 83.6283 404.819 20.0578 20.451 25 100 9 8.1 2 1 1 -1 0 0 82.5455 79.8865 61 89.708 89.1337 1 10 
62 0.150707 84.9293 83.6283 402.464 19.9987 20.775 25 100 9 8.1 2 1 1 -1 0 0 82.5455 79.8865 62 89.708 89.1337 1 10 
63 0.150707 84.9293 83.6283 402.421 19.9945 21.109 25 100 9 8.1 2 1 1 -1 0 0 82.5455 79.8865 63 89.708 89.1337 1 10 
64 0.150707 84.9293 83.6283 403.639 20.02 21.484 25 100 9 8.1 2 1 1 -1 0 0 82.5455 79.8865 64 89.708 89.1337 1 10 
65 0.150101 84.9899 83.6834 409.476 20.1553 21.955 25 100 9 7.8 2 1 1 -1 0 0 82.7273 80.0836 65 89.708 89.1337 1 10 
66 0.150101 84.9899 83.6834 411.905 20.2028 22.31 25 100 9 7.8 2 1 1 -1 0 0 82.7273 80.0836 66 89.708 89.1337 1 10 
67 0.121818 87.8182 85.9983 416.877 20.3309 22.781 25 100 9 7.7 2 1 1 -1 0 0 85.2727 81.4411 67 89.708 89.1337 1 10 
68 0.0866667 91.3333 89.8687 422.719 20.4989 23.239 25 100 9 7.5 2 1 1 -1 0 0 88.5455 85.1405 68 89.708 89.1337 1 10 
