# Created by main.cpp, 2016-06-29.08:44:22
# name: results
# type: matrix
# rows: 275
# columns: 16
1 0 52.7824 33.4257 0.472176 51.0285 33.211 0.489715 53.8843 33.7198 0.461157 12.04 0.334545 100 6.54545 1 
2 0 60.3489 41.319 0.396511 57.5315 40.1819 0.424685 61.157 40.9591 0.38843 27.6291 0.691818 100 7.09091 1 
3 0 63.3425 42.6657 0.366575 59.4559 41.0415 0.405441 64.6281 42.5272 0.353719 37.872 1.01 100 6.45455 1 
4 0 66.3912 44.1871 0.336088 61.3139 41.8752 0.386861 68.0992 44.0953 0.319008 50.1752 1.36455 100 6.27273 1 
5 0 66.3912 44.1871 0.336088 61.3139 41.8752 0.386861 68.0992 44.0953 0.319008 55.7443 1.60364 100 6.54545 1 
6 0 68.7971 48.7905 0.312029 64.2336 46.7843 0.357664 70.0826 48.4508 0.299174 72.0532 1.97545 100 6.09091 1 
7 0 71.2213 55.6058 0.287787 66.9542 53.3794 0.330458 71.5702 54.0772 0.284298 95.43 2.43636 100 6.18182 1 
8 0 73.2415 59.7882 0.267585 69.144 57.47 0.30856 73.0579 57.622 0.269421 110.981 2.81 100 6.63636 1 
9 0 73.2415 59.7882 0.267585 69.144 57.47 0.30856 73.0579 57.622 0.269421 126.783 3.19909 100 6.63636 1 
10 0 73.2599 59.8356 0.267401 68.8786 57.221 0.311214 73.3884 58.0525 0.266116 140.255 3.53636 100 5.90909 1 
11 0 73.2599 59.8356 0.267401 68.8786 57.221 0.311214 73.3884 58.0525 0.266116 149.066 3.85182 100 5.45455 1 
12 0 74.7842 61.2429 0.252158 70.4048 58.6176 0.295952 74.7107 59.1236 0.252893 168.65 4.25909 100 6.36364 1 
13 0 75.4086 66.5618 0.245914 71.7983 63.8837 0.282017 74.7107 64.1314 0.252893 184.234 4.64727 100 5.72727 1 
14 0 75.4086 66.5618 0.245914 71.7983 63.8837 0.282017 74.7107 64.1314 0.252893 195.995 5.01 100 6.27273 1 
15 0 75.4086 66.5618 0.245914 71.7983 63.8837 0.282017 74.7107 64.1314 0.252893 203.885 5.32455 100 5.54545 1 
16 0 79.6143 70.8969 0.203857 75.7133 68.2711 0.242867 78.5124 67.7366 0.214876 215.771 5.67 100 6.18182 1 
17 0 82.2773 73.2803 0.177227 77.6377 69.9713 0.223623 81.157 69.7731 0.18843 226.075 5.99545 100 5.90909 1 
18 0 82.7732 74.0913 0.172268 77.8368 70.4021 0.221632 81.9835 71.2432 0.180165 239.137 6.36636 100 7.09091 1 
19 0 82.112 75.8194 0.17888 77.9031 72.4533 0.220969 80.6612 72.4653 0.193388 247.936 6.71545 100 6.36364 1 
20 0 82.112 75.8194 0.17888 77.9031 72.4533 0.220969 80.6612 72.4653 0.193388 254.998 7.01909 100 6.81818 1 
21 0 82.112 75.8194 0.17888 77.9031 72.4533 0.220969 80.6612 72.4653 0.193388 262.523 7.33545 100 6.36364 1 
22 0 82.112 75.8194 0.17888 77.9031 72.4533 0.220969 80.6612 72.4653 0.193388 271.785 7.69364 100 6.27273 1 
23 0 82.1671 75.9941 0.178329 78.0358 72.8094 0.219642 80.6612 72.4653 0.193388 281.947 8.08909 100 6.54545 1 
24 0 81.4692 77.7261 0.185308 77.505 74.0292 0.22495 79.8347 74.5659 0.201653 297.208 8.51273 100 5.90909 1 
25 0 81.1938 79.8587 0.188062 77.704 76.2325 0.22296 78.6777 75.9634 0.213223 305.457 8.87273 100 6 1 
26 0 81.1938 79.8587 0.188062 77.704 76.2325 0.22296 78.6777 75.9634 0.213223 310.461 9.19091 100 6 1 
27 0 81.1938 79.8587 0.188062 77.704 76.2325 0.22296 78.6777 75.9634 0.213223 314.818 9.48273 100 6 1 
28 0 81.2856 80.0056 0.187144 77.7704 76.3872 0.222296 78.5124 75.7801 0.214876 324.528 9.83455 100 5.45455 1 
29 0 81.2856 80.0056 0.187144 77.7704 76.3872 0.222296 78.5124 75.7801 0.214876 332.187 10.1964 100 5.45455 1 
30 0 81.2856 80.0056 0.187144 77.7704 76.3872 0.222296 78.5124 75.7801 0.214876 335.916 10.5045 100 5.45455 1 
31 0 82.6079 80.0635 0.173921 78.434 76.055 0.21566 80.3306 76.0454 0.196694 346.107 10.8945 100 5.18182 1 
32 0 82.6079 80.0635 0.173921 78.434 76.055 0.21566 80.3306 76.0454 0.196694 349.484 11.19 100 5.18182 1 
33 0 82.6079 80.0635 0.173921 78.434 76.055 0.21566 80.3306 76.0454 0.196694 353.67 11.5255 100 5.18182 1 
34 0 83.2323 80.6836 0.167677 78.7658 76.4328 0.212342 81.8182 77.4912 0.181818 359.773 11.8818 100 5.45455 1 
35 0 84.8118 83.4228 0.151882 80.3583 79.0414 0.196417 82.9752 79.8901 0.170248 366.977 12.2155 100 5.72727 1 
36 0 84.8118 83.4228 0.151882 80.3583 79.0414 0.196417 82.9752 79.8901 0.170248 368.251 12.4555 100 5.72727 1 
37 0 88.2277 86.7853 0.117723 83.6098 82.4823 0.163902 86.1157 82.7335 0.138843 376.779 12.8291 100 6 1 
38 0 88.6869 87.6303 0.113131 84.008 83.2517 0.15992 87.1074 84.5297 0.128926 392.308 13.2873 100 6.27273 1 
39 0 88.6869 87.6303 0.113131 84.008 83.2517 0.15992 87.1074 84.5297 0.128926 401.814 13.6791 100 6.27273 1 
40 0 88.6869 87.6303 0.113131 84.008 83.2517 0.15992 87.1074 84.5297 0.128926 405.29 14.0182 100 6.27273 1 
41 0 88.6869 87.6303 0.113131 84.008 83.2517 0.15992 87.1074 84.5297 0.128926 407.466 14.35 100 6.27273 1 
42 0 89.9908 88.5186 0.100092 85.4015 84.3678 0.145985 88.0992 84.945 0.119008 414.519 14.7055 100 6.45455 1 
43 0 90.3949 89.0797 0.0960514 85.9987 85.209 0.140013 88.2645 85.2311 0.117355 420.935 15.0882 100 6.18182 1 
44 0 90.3949 89.0797 0.0960514 85.9987 85.209 0.140013 88.2645 85.2311 0.117355 423.582 15.4564 100 6.18182 1 
45 0 90.45 89.163 0.0955005 85.6669 84.8923 0.143331 88.595 85.7373 0.11405 433.506 15.9127 100 6.63636 1 
46 0 90.8356 89.5396 0.0916437 86.5295 85.7382 0.134705 88.9256 86.0993 0.110744 442.789 16.3318 100 6.27273 1 
47 0 91.7723 90.442 0.0822773 87.724 86.8942 0.12276 89.5868 86.7061 0.104132 450.29 16.7218 100 6.36364 1 
48 0 91.7723 90.442 0.0822773 87.724 86.8942 0.12276 89.5868 86.7061 0.104132 453.901 17.0591 100 6.36364 1 
49 0 91.9192 90.5705 0.0808081 88.3212 87.4726 0.116788 89.2562 86.2301 0.107438 458.328 17.3991 100 6.63636 1 
50 0 91.9192 90.5705 0.0808081 88.3212 87.4726 0.116788 89.2562 86.2301 0.107438 458.093 17.7273 100 6.63636 1 
51 0 92.7089 91.6969 0.0729109 89.2502 88.6646 0.107498 90.0826 87.5465 0.0991736 465.254 18.1509 100 6.27273 1 
52 0 92.7089 91.6969 0.0729109 89.2502 88.6646 0.107498 90.0826 87.5465 0.0991736 462.559 18.3927 100 6.27273 1 
53 0 92.7089 91.6969 0.0729109 89.2502 88.6646 0.107498 90.0826 87.5465 0.0991736 465.179 18.7664 100 6.27273 1 
54 0 92.7089 91.6969 0.0729109 89.2502 88.6646 0.107498 90.0826 87.5465 0.0991736 463.089 19.0236 100 6.27273 1 
55 0 92.7089 91.6969 0.0729109 89.2502 88.6646 0.107498 90.0826 87.5465 0.0991736 460.112 19.2873 100 6.27273 1 
56 0 92.7089 91.6969 0.0729109 89.2502 88.6646 0.107498 90.0826 87.5465 0.0991736 458.746 19.6182 100 6.27273 1 
57 0 92.7089 91.6969 0.0729109 89.2502 88.6646 0.107498 90.0826 87.5465 0.0991736 456.869 19.9218 100 6.27273 1 
58 0 92.7089 91.6969 0.0729109 89.2502 88.6646 0.107498 90.0826 87.5465 0.0991736 456.933 20.2845 100 6.27273 1 
59 0 92.7089 91.6969 0.0729109 89.2502 88.6646 0.107498 90.0826 87.5465 0.0991736 456.297 20.59 100 6.27273 1 
60 0 92.7089 91.6969 0.0729109 89.2502 88.6646 0.107498 90.0826 87.5465 0.0991736 457.118 20.9391 100 6.27273 1 
61 0 92.7089 91.6969 0.0729109 89.2502 88.6646 0.107498 90.0826 87.5465 0.0991736 460.003 21.3418 100 6.27273 1 
62 0 92.9477 91.9277 0.0705234 89.7147 89.1034 0.102853 89.9174 87.2489 0.100826 465.706 21.7609 100 6.27273 1 
63 0 92.9477 91.9277 0.0705234 89.7147 89.1034 0.102853 89.9174 87.2489 0.100826 467.153 22.1682 100 6.27273 1 
64 0 92.9477 91.9277 0.0705234 89.7147 89.1034 0.102853 89.9174 87.2489 0.100826 465.834 22.5509 100 6.27273 1 
65 0 92.9477 91.9277 0.0705234 89.7147 89.1034 0.102853 89.9174 87.2489 0.100826 463.796 22.8982 100 6.27273 1 
66 0 92.9477 91.9277 0.0705234 89.7147 89.1034 0.102853 89.9174 87.2489 0.100826 460.2 23.2427 100 6.27273 1 
67 0 92.9477 91.9277 0.0705234 89.7147 89.1034 0.102853 89.9174 87.2489 0.100826 456.141 23.5745 100 6.27273 1 
68 0 92.9477 91.9277 0.0705234 89.7147 89.1034 0.102853 89.9174 87.2489 0.100826 454.922 23.9236 100 6.27273 1 
69 0 92.9844 91.9505 0.0701561 90.0464 89.4218 0.0995355 89.9174 87.2489 0.100826 454.386 24.2591 100 6.09091 1 
70 0 92.9844 91.9505 0.0701561 90.0464 89.4218 0.0995355 89.9174 87.2489 0.100826 449.691 24.5591 100 6.09091 1 
71 0 92.9844 91.9505 0.0701561 90.0464 89.4218 0.0995355 89.9174 87.2489 0.100826 448.279 24.9445 100 6.09091 1 
