# Created by main.cpp, 2016-06-29.08:44:52
# name: results
# type: matrix
# rows: 275
# columns: 16
1 0 51.405 33.2492 0.48595 51.4267 33.2366 0.485733 50.5785 33.4707 0.494215 11.8 0.336364 100 5.45455 1 
2 0 54.4169 35.5813 0.455831 54.4127 35.3609 0.455873 51.7355 34.8885 0.482645 20.8969 0.628182 100 7.63636 1 
3 0 62.7916 42.7235 0.372084 62.7074 42.4462 0.372926 57.8512 41.1856 0.421488 36.9897 0.995455 100 5.90909 1 
4 0 67.4013 48.2066 0.325987 67.0206 47.494 0.329794 61.3223 45.8568 0.386777 54.2466 1.39182 100 6.81818 1 
5 0 67.4013 48.2066 0.325987 67.0206 47.494 0.329794 61.3223 45.8568 0.386777 61.6706 1.66273 100 6.72727 1 
6 0 69.9908 53.027 0.300092 69.3431 52.0562 0.306569 64.4628 50.803 0.355372 80.2644 2.07364 100 6.27273 1 
7 0 70.0092 53.0843 0.299908 69.4094 52.2616 0.305906 64.4628 50.803 0.355372 95.6462 2.45909 100 7.27273 1 
8 0 72.0478 57.2378 0.279522 71.3338 56.2584 0.286662 67.2727 55.3798 0.327273 108.583 2.79182 100 7.63636 1 
9 0 72.0478 57.2378 0.279522 71.3338 56.2584 0.286662 67.2727 55.3798 0.327273 123.984 3.17455 100 7 1 
10 0 72.0294 57.2382 0.279706 71.2011 56.1523 0.287989 67.7686 55.9115 0.322314 137.744 3.51636 100 6.63636 1 
11 0 72.0294 57.2382 0.279706 71.2011 56.1523 0.287989 67.7686 55.9115 0.322314 144.03 3.77909 100 6.63636 1 
12 0 72.4334 57.6727 0.275666 71.2011 56.1732 0.287989 68.2645 56.4064 0.317355 163.829 4.18818 100 7 1 
13 0 73.3701 63.1902 0.266299 71.5992 61.0374 0.284008 71.2397 62.875 0.287603 178.253 4.56182 100 6.72727 1 
14 0 75.629 67.7389 0.24371 73.6563 65.3788 0.263437 74.5455 68.0259 0.254545 193.027 4.94 100 7.18182 1 
15 0 75.629 67.7389 0.24371 73.6563 65.3788 0.263437 74.5455 68.0259 0.254545 201.421 5.27636 100 6.72727 1 
16 0 76.8044 71.1661 0.231956 74.5189 68.5818 0.254811 76.8595 72.182 0.231405 212.528 5.63 100 7.45455 1 
17 0 79.3205 73.4133 0.206795 76.9741 70.6075 0.230259 78.6777 74.0583 0.213223 224.541 6 100 7.45455 1 
18 0 79.7796 73.8506 0.202204 77.3059 70.9248 0.226941 78.843 74.2265 0.21157 238.193 6.39455 100 7 1 
19 0 79.3205 75.7206 0.206795 76.4433 72.3677 0.235567 79.6694 76.743 0.203306 246.596 6.73636 100 6.63636 1 
20 0 79.3205 75.7206 0.206795 76.4433 72.3677 0.235567 79.6694 76.743 0.203306 251.502 7.01818 100 6.72727 1 
21 0 80.2388 76.6424 0.197612 77.2395 73.1163 0.227605 80.4959 77.5461 0.195041 266.06 7.41545 100 6.36364 1 
22 0 80.2388 76.6424 0.197612 77.2395 73.1163 0.227605 80.4959 77.5461 0.195041 280.574 7.81 100 6.45455 1 
23 0 82.2773 76.815 0.177227 79.4957 73.5613 0.205043 80.9917 76.875 0.190083 288.931 8.17455 100 6.45455 1 
24 0 81.6713 78.5177 0.183287 78.5667 75.0001 0.214333 82.6446 80.2575 0.173554 304.063 8.60545 100 5.81818 1 
25 0 81.4876 80.6789 0.185124 78.1022 76.8802 0.218978 83.8017 83.1655 0.161983 312.847 8.97273 100 5.90909 1 
26 0 81.4876 80.6789 0.185124 78.1022 76.8802 0.218978 83.8017 83.1655 0.161983 326.024 9.39545 100 5.90909 1 
27 0 81.4876 80.6789 0.185124 78.1022 76.8802 0.218978 83.8017 83.1655 0.161983 330.092 9.67727 100 5.90909 1 
28 0 81.4876 80.6789 0.185124 78.1022 76.8802 0.218978 83.8017 83.1655 0.161983 333.059 9.95455 100 5.90909 1 
29 0 81.4876 80.6789 0.185124 78.1022 76.8802 0.218978 83.8017 83.1655 0.161983 338.634 10.3036 100 5.90909 1 
30 0 81.4876 80.6789 0.185124 78.1022 76.8802 0.218978 83.8017 83.1655 0.161983 342.896 10.6245 100 5.90909 1 
31 0 82.6814 80.717 0.173186 79.4957 76.8913 0.205043 83.8017 82.4187 0.161983 350.411 10.9845 100 5.63636 1 
32 0 82.6814 80.717 0.173186 79.4957 76.8913 0.205043 83.8017 82.4187 0.161983 356.09 11.3282 100 5.63636 1 
33 0 82.6814 80.717 0.173186 79.4957 76.8913 0.205043 83.8017 82.4187 0.161983 360.172 11.6645 100 5.63636 1 
34 0 83.3242 81.3641 0.166758 80.0929 77.5111 0.199071 84.6281 83.3246 0.153719 366.861 12.0391 100 5.90909 1 
35 0 84.8669 83.9689 0.151331 81.5528 80.2423 0.184472 87.1074 86.6802 0.128926 378.269 12.4282 100 6.18182 1 
36 0 84.8669 83.9689 0.151331 81.5528 80.2423 0.184472 87.1074 86.6802 0.128926 380.32 12.7191 100 6.18182 1 
37 0 88.2094 87.2822 0.117906 84.937 83.5772 0.15063 89.7521 89.4929 0.102479 389.366 13.0718 100 6.45455 1 
38 0 88.2094 87.2822 0.117906 84.937 83.5772 0.15063 89.7521 89.4929 0.102479 395.615 13.4109 100 6.45455 1 
39 0 88.2094 87.2822 0.117906 84.937 83.5772 0.15063 89.7521 89.4929 0.102479 405.724 13.8318 100 6.45455 1 
40 0 88.2094 87.2822 0.117906 84.937 83.5772 0.15063 89.7521 89.4929 0.102479 408.655 14.1618 100 6.45455 1 
41 0 88.2094 87.2822 0.117906 84.937 83.5772 0.15063 89.7521 89.4929 0.102479 409.815 14.4391 100 6.45455 1 
42 0 89.4582 88.137 0.105418 86.3968 84.5764 0.136032 90.2479 89.8678 0.0975207 416.14 14.7655 100 6.63636 1 
43 0 89.8439 88.6731 0.101561 86.994 85.4746 0.13006 90.5785 90.2557 0.0942149 421.547 15.1273 100 6.36364 1 
44 0 89.8439 88.6731 0.101561 86.994 85.4746 0.13006 90.5785 90.2557 0.0942149 423.284 15.4709 100 6.36364 1 
45 0 89.8439 88.6731 0.101561 86.994 85.4746 0.13006 90.5785 90.2557 0.0942149 428.21 15.8764 100 6.36364 1 
46 0 89.8439 88.6731 0.101561 86.994 85.4746 0.13006 90.5785 90.2557 0.0942149 432.085 16.2382 100 6.36364 1 
47 0 90.7254 89.5217 0.0927456 87.9894 86.4272 0.120106 91.7355 91.407 0.0826446 441.672 16.6909 100 6.45455 1 
48 0 90.7254 89.5217 0.0927456 87.9894 86.4272 0.120106 91.7355 91.407 0.0826446 445.355 17.0336 100 6.45455 1 
49 0 90.9826 89.7729 0.0901745 88.1885 86.5872 0.118115 91.0744 90.7065 0.0892562 450.421 17.4255 100 6.72727 1 
50 0 90.9826 89.7729 0.0901745 88.1885 86.5872 0.118115 91.0744 90.7065 0.0892562 453.234 17.7882 100 6.72727 1 
51 0 90.9826 89.7729 0.0901745 88.1885 86.5872 0.118115 91.0744 90.7065 0.0892562 454.254 18.1436 100 6.72727 1 
52 0 90.9826 89.7729 0.0901745 88.1885 86.5872 0.118115 91.0744 90.7065 0.0892562 452.793 18.4155 100 6.72727 1 
53 0 90.9826 89.7729 0.0901745 88.1885 86.5872 0.118115 91.0744 90.7065 0.0892562 455.09 18.7718 100 6.72727 1 
54 0 90.9826 89.7729 0.0901745 88.1885 86.5872 0.118115 91.0744 90.7065 0.0892562 459.479 19.1664 100 6.72727 1 
55 0 90.9826 89.7729 0.0901745 88.1885 86.5872 0.118115 91.0744 90.7065 0.0892562 456.87 19.4391 100 6.72727 1 
56 0 90.9826 89.7729 0.0901745 88.1885 86.5872 0.118115 91.0744 90.7065 0.0892562 456.087 19.7936 100 6.72727 1 
57 0 90.9826 89.7729 0.0901745 88.1885 86.5872 0.118115 91.0744 90.7065 0.0892562 454.108 20.0991 100 6.72727 1 
58 0 91.6253 90.3993 0.0837466 88.852 87.1992 0.11148 92.2314 91.8627 0.077686 458.004 20.5136 100 7 1 
59 0 91.6253 90.3993 0.0837466 88.852 87.1992 0.11148 92.2314 91.8627 0.077686 456.645 20.8282 100 7 1 
60 0 91.6253 90.3993 0.0837466 88.852 87.1992 0.11148 92.2314 91.8627 0.077686 453.395 21.1336 100 7 1 
61 0 91.6253 90.3993 0.0837466 88.852 87.1992 0.11148 92.2314 91.8627 0.077686 452.275 21.4727 100 7 1 
62 0 91.6253 90.3993 0.0837466 88.852 87.1992 0.11148 92.2314 91.8627 0.077686 448.534 21.7273 100 7 1 
63 0 91.6253 90.3993 0.0837466 88.852 87.1992 0.11148 92.2314 91.8627 0.077686 445.243 22.0491 100 7 1 
64 0 91.6253 90.3993 0.0837466 88.852 87.1992 0.11148 92.2314 91.8627 0.077686 443.923 22.4036 100 7 1 
65 0 91.6253 90.3993 0.0837466 88.852 87.1992 0.11148 92.2314 91.8627 0.077686 441.932 22.7445 100 7 1 
66 0 91.6253 90.3993 0.0837466 88.852 87.1992 0.11148 92.2314 91.8627 0.077686 440.726 23.1236 100 7 1 
67 0 91.6253 90.3993 0.0837466 88.852 87.1992 0.11148 92.2314 91.8627 0.077686 436.538 23.4464 100 7 1 
68 0 91.6253 90.3993 0.0837466 88.852 87.1992 0.11148 92.2314 91.8627 0.077686 431.958 23.7573 100 7 1 
69 0 91.6253 90.3993 0.0837466 88.852 87.1992 0.11148 92.2314 91.8627 0.077686 428.536 24.0827 100 7 1 
70 0 91.6253 90.3993 0.0837466 88.852 87.1992 0.11148 92.2314 91.8627 0.077686 426.946 24.4264 100 7 1 
71 0 91.6253 90.3993 0.0837466 88.852 87.1992 0.11148 92.2314 91.8627 0.077686 426.334 24.8073 100 7 1 
72 0 91.6253 90.3993 0.0837466 88.852 87.1992 0.11148 92.2314 91.8627 0.077686 421.824 25.1336 100 7 1 
