# Created by main.cpp, 2016-06-25.12:27:49
# name: results
# type: matrix
# rows: 101
# columns: 24
1 0.609697 39.0303 30.0765 10.339 3.01 0.301 0 100 9 6.4 2 1 1 -1 0 0 38.3636 29.1599 1 92.4818 91.8256 4.29497e+09 10 
2 0.461616 53.8384 42.8254 28.2136 5.04102 0.682 0 100 9 4.9 2 1 1 -1 0 0 51.8182 40.421 2 92.4818 91.8256 4.29497e+09 10 
3 0.370303 62.9697 47.1124 40.8156 6.2257 1.038 0 100 9 5.9 2 1 1 -1 0 0 61.8182 44.5067 3 92.4818 91.8256 4.29497e+09 10 
4 0.348687 65.1313 49.1416 57.0183 7.39528 1.434 0 100 9 4.8 2 1 1 -1 0 0 64.7273 47.2086 4 92.4818 91.8256 4.29497e+09 10 
5 0.327071 67.2929 53.5982 72.7235 8.39246 1.798 0 100 9 6 2 1 1 -1 0 0 65.2727 49.6747 5 92.4818 91.8256 4.29497e+09 10 
6 0.312121 68.7879 56.9991 85.9256 9.15748 2.14 0 100 9 5.9 2 1 1 -1 0 0 65.8182 51.2389 6 92.4818 91.8256 4.29497e+09 10 
7 0.312121 68.7879 56.9991 101.635 9.90983 2.515 0 100 9 5.7 2 1 1 -1 0 0 65.8182 51.2389 7 92.4818 91.8256 4.29497e+09 10 
8 0.312121 68.7879 56.9991 110.974 10.3808 2.84 0 100 9 6.3 2 1 1 -1 0 0 65.8182 51.2389 8 92.4818 91.8256 4.29497e+09 10 
9 0.312121 68.7879 56.9991 118.527 10.7545 3.138 0 100 9 5.6 2 1 1 -1 0 0 65.8182 51.2389 9 92.4818 91.8256 4.29497e+09 10 
10 0.294747 70.5253 58.9928 128.527 11.2323 3.467 0 100 9 6.2 2 1 1 -1 0 0 66.7273 52.5485 10 92.4818 91.8256 4.29497e+09 10 
11 0.282626 71.7374 60.2133 139.849 11.714 3.805 0 100 9 6.4 2 1 1 -1 0 0 67.8182 53.6532 11 92.4818 91.8256 4.29497e+09 10 
12 0.282626 71.7374 60.2133 149.302 12.1018 4.135 0 100 9 6.2 2 1 1 -1 0 0 67.8182 53.6532 12 92.4818 91.8256 4.29497e+09 10 
13 0.254141 74.5859 63.8407 170.807 12.9315 4.576 0 100 9 6.4 2 1 1 -1 0 0 70 57.4933 13 92.4818 91.8256 4.29497e+09 10 
14 0.216566 78.3434 67.493 188.184 13.5864 4.997 0 100 9 6.3 2 1 1 -1 0 0 73.6364 60.5644 14 92.4818 91.8256 4.29497e+09 10 
15 0.198384 80.1616 69.2436 203.361 14.0978 5.374 0 100 9 6.1 2 1 1 -1 0 0 76.1818 62.914 15 92.4818 91.8256 4.29497e+09 10 
16 0.198384 80.1616 69.2436 209.429 14.3139 5.658 0 100 9 6.9 2 1 1 -1 0 0 76.1818 62.914 16 92.4818 91.8256 4.29497e+09 10 
17 0.198384 80.1616 69.2436 216.617 14.5779 5.981 0 100 9 6.1 2 1 1 -1 0 0 76.1818 62.914 17 92.4818 91.8256 4.29497e+09 10 
18 0.170707 82.9293 74.4828 228.499 15.005 6.328 0 100 9 6.6 2 1 1 -1 0 0 78 67.1295 18 92.4818 91.8256 4.29497e+09 10 
19 0.170707 82.9293 74.4828 239.248 15.3388 6.672 0 100 9 6.7 2 1 1 -1 0 0 78 67.1295 19 92.4818 91.8256 4.29497e+09 10 
20 0.170707 82.9293 74.4828 248.168 15.6262 7.037 0 100 9 6.6 2 1 1 -1 0 0 78 67.1295 20 92.4818 91.8256 4.29497e+09 10 
21 0.170707 82.9293 74.4828 255.494 15.8694 7.369 0 100 9 6.7 2 1 1 -1 0 0 78 67.1295 21 92.4818 91.8256 4.29497e+09 10 
22 0.165051 83.4949 77.714 270.929 16.3545 7.797 0 100 9 7.3 2 1 1 -1 0 0 76.7273 68.7097 22 92.4818 91.8256 4.29497e+09 10 
23 0.166263 83.3737 77.7221 277.883 16.5602 8.122 0 100 9 7.4 2 1 1 -1 0 0 76.7273 68.7097 23 92.4818 91.8256 4.29497e+09 10 
24 0.163838 83.6162 77.9426 295.383 17.0546 8.538 0 100 9 7.7 2 1 1 -1 0 0 77.0909 69.0791 24 92.4818 91.8256 4.29497e+09 10 
25 0.163838 83.6162 77.9426 303.896 17.29 8.868 0 100 9 7.7 2 1 1 -1 0 0 77.0909 69.0791 25 92.4818 91.8256 4.29497e+09 10 
26 0.163838 83.6162 77.9426 309.484 17.4549 9.198 0 100 9 7.7 2 1 1 -1 0 0 77.0909 69.0791 26 92.4818 91.8256 4.29497e+09 10 
27 0.163838 83.6162 77.9426 313.54 17.5684 9.502 0 100 9 7.7 2 1 1 -1 0 0 77.0909 69.0791 27 92.4818 91.8256 4.29497e+09 10 
28 0.163838 83.6162 77.9426 318.046 17.7015 9.81 0 100 9 7.7 2 1 1 -1 0 0 77.0909 69.0791 28 92.4818 91.8256 4.29497e+09 10 
29 0.163838 83.6162 77.9426 322.945 17.8484 10.142 0 100 9 7.7 2 1 1 -1 0 0 77.0909 69.0791 29 92.4818 91.8256 4.29497e+09 10 
30 0.163838 83.6162 77.9426 325.562 17.927 10.428 0 100 9 7.7 2 1 1 -1 0 0 77.0909 69.0791 30 92.4818 91.8256 4.29497e+09 10 
31 0.163838 83.6162 77.9426 338.67 18.2812 10.845 0 100 9 7.7 2 1 1 -1 0 0 77.0909 69.0791 31 92.4818 91.8256 4.29497e+09 10 
32 0.163838 83.6162 77.9426 343.725 18.4084 11.134 0 100 9 7.7 2 1 1 -1 0 0 77.0909 69.0791 32 92.4818 91.8256 4.29497e+09 10 
33 0.163838 83.6162 77.9426 348.477 18.5367 11.486 0 100 9 7.7 2 1 1 -1 0 0 77.0909 69.0791 33 92.4818 91.8256 4.29497e+09 10 
34 0.162828 83.7172 78.2657 355.972 18.7343 11.83 0 100 9 7.7 2 1 1 -1 0 0 78 70.627 34 92.4818 91.8256 4.29497e+09 10 
35 0.138586 86.1414 82.7893 363.629 18.9788 12.162 0 100 9 7.5 2 1 1 -1 0 0 79.0909 73.7307 35 92.4818 91.8256 4.29497e+09 10 
36 0.138586 86.1414 82.7893 368.759 19.1124 12.513 0 100 9 7.5 2 1 1 -1 0 0 79.0909 73.7307 36 92.4818 91.8256 4.29497e+09 10 
37 0.138586 86.1414 82.7893 370.887 19.1695 12.822 0 100 9 7.5 2 1 1 -1 0 0 79.0909 73.7307 37 92.4818 91.8256 4.29497e+09 10 
38 0.138586 86.1414 82.7893 372.834 19.2185 13.131 0 100 9 7.5 2 1 1 -1 0 0 79.0909 73.7307 38 92.4818 91.8256 4.29497e+09 10 
39 0.138586 86.1414 82.7893 377.615 19.3413 13.486 0 100 9 7.5 2 1 1 -1 0 0 79.0909 73.7307 39 92.4818 91.8256 4.29497e+09 10 
40 0.136768 86.3232 83.0132 384.952 19.5441 13.851 0 100 9 7.9 2 1 1 -1 0 0 79.8182 74.7719 40 92.4818 91.8256 4.29497e+09 10 
41 0.136768 86.3232 83.0132 389.473 19.6589 14.207 0 100 9 7.9 2 1 1 -1 0 0 79.8182 74.7719 41 92.4818 91.8256 4.29497e+09 10 
42 0.136768 86.3232 83.0132 397.874 19.8774 14.602 0 100 9 7.9 2 1 1 -1 0 0 79.8182 74.7719 42 92.4818 91.8256 4.29497e+09 10 
43 0.136768 86.3232 83.0132 398.364 19.8895 14.901 0 100 9 7.9 2 1 1 -1 0 0 79.8182 74.7719 43 92.4818 91.8256 4.29497e+09 10 
44 0.136768 86.3232 83.0132 400.404 19.9364 15.217 0 100 9 7.9 2 1 1 -1 0 0 79.8182 74.7719 44 92.4818 91.8256 4.29497e+09 10 
45 0.136768 86.3232 83.0132 402.336 19.9849 15.545 0 100 9 7.9 2 1 1 -1 0 0 79.8182 74.7719 45 92.4818 91.8256 4.29497e+09 10 
46 0.134747 86.5253 83.2517 402.799 19.9991 15.857 0 100 9 8.4 2 1 1 -1 0 0 79.8182 74.7719 46 92.4818 91.8256 4.29497e+09 10 
47 0.134747 86.5253 83.2517 408.037 20.1194 16.213 0 100 9 8.4 2 1 1 -1 0 0 79.8182 74.7719 47 92.4818 91.8256 4.29497e+09 10 
48 0.146667 85.3333 84.3598 413.206 20.2529 16.569 0 100 9 8.4 2 1 1 -1 0 0 77.8182 75.2972 48 92.4818 91.8256 4.29497e+09 10 
49 0.146667 85.3333 84.3598 412.917 20.2498 16.85 0 100 9 8.4 2 1 1 -1 0 0 77.8182 75.2972 49 92.4818 91.8256 4.29497e+09 10 
50 0.146667 85.3333 84.3598 416.75 20.3451 17.208 4.4 100 9 8.4 2 1 1 -1 0 0 77.8182 75.2972 50 92.4818 91.8256 4.29497e+09 10 
51 0.146667 85.3333 84.3598 417.565 20.3675 17.565 10.95 100 9 8.4 2 1 1 -1 0 0 77.8182 75.2972 51 92.4818 91.8256 4.29497e+09 10 
52 0.146667 85.3333 84.3598 417.289 20.3621 17.895 15.35 100 9 8.4 2 1 1 -1 0 0 77.8182 75.2972 52 92.4818 91.8256 4.29497e+09 10 
53 0.146667 85.3333 84.3598 420.974 20.4445 18.265 18.4 100 9 8.4 2 1 1 -1 0 0 77.8182 75.2972 53 92.4818 91.8256 4.29497e+09 10 
54 0.146667 85.3333 84.3598 419.261 20.4038 18.549 20.6 100 9 8.4 2 1 1 -1 0 0 77.8182 75.2972 54 92.4818 91.8256 4.29497e+09 10 
55 0.146667 85.3333 84.3598 418.035 20.3766 18.858 23.1 100 9 8.4 2 1 1 -1 0 0 77.8182 75.2972 55 92.4818 91.8256 4.29497e+09 10 
56 0.145455 85.4545 84.4085 421.163 20.4507 19.233 25.1 100 9 8.2 2 1 1 -1 0 0 78 75.3184 56 92.4818 91.8256 4.29497e+09 10 
57 0.145455 85.4545 84.4085 418.927 20.3955 19.499 25.6 100 9 8.2 2 1 1 -1 0 0 78 75.3184 57 92.4818 91.8256 4.29497e+09 10 
58 0.145455 85.4545 84.4085 416.392 20.332 19.778 25.8 100 9 8.2 2 1 1 -1 0 0 78 75.3184 58 92.4818 91.8256 4.29497e+09 10 
59 0.145455 85.4545 84.4085 414.749 20.2954 20.089 25.9 100 9 8.2 2 1 1 -1 0 0 78 75.3184 59 92.4818 91.8256 4.29497e+09 10 
60 0.145455 85.4545 84.4085 411.572 20.2162 20.375 26 100 9 8.2 2 1 1 -1 0 0 78 75.3184 60 92.4818 91.8256 4.29497e+09 10 
61 0.145455 85.4545 84.4085 408.277 20.1355 20.631 26 100 9 8.2 2 1 1 -1 0 0 78 75.3184 61 92.4818 91.8256 4.29497e+09 10 
62 0.145455 85.4545 84.4085 406.31 20.0866 20.98 26 100 9 8.2 2 1 1 -1 0 0 78 75.3184 62 92.4818 91.8256 4.29497e+09 10 
63 0.145051 85.4949 84.4674 411.747 20.2148 21.423 26 100 9 8.6 2 1 1 -1 0 0 77.8182 75.0904 63 92.4818 91.8256 4.29497e+09 10 
