# Created by main.cpp, 2016-05-26.17:11:10
# name: results
# type: matrix
# rows: 400
# columns: 24
0 0.232223 91.6162 90.6412 357.603 18.8139 41.085 39 50 9 5.5 2 1 1 1 73.6364 52.9595 92.7273 91.1363 250 93.9266 94.8905 1 4 
1 0.228893 91.6667 90.5894 359.293 18.8982 42.935 39 50 9 5.5 2 1 1 1 63.1818 44.3447 92.2727 91.6243 500 93.9266 94.8905 1 4 
2 0.235009 92.4747 91.7398 393.333 19.8105 46.01 39 50 9 5.25 2 1 1 1 70.9091 41.4894 89.5455 86.4558 750 93.9266 94.8905 1 4 
3 0.234724 92.4747 91.6438 460.405 21.4151 49.6 39 50 9 5.25 2 1 1 1 65.9091 48.0279 90.4545 89.8721 1000 93.9266 94.8905 1 4 
4 0.251757 92.3232 91.5354 469.369 21.6208 52.67 39.375 50 9 5 2 1 1 1 69.5455 57.9925 89.5455 89.364 1250 93.9266 94.8905 1 4 
5 0.241186 91.9697 91.3353 478.929 21.8796 55.96 45.625 50 9 7 2 1 1 1 84.0909 67.9564 95.9091 94.4698 1500 93.9266 94.8905 1 4 
6 0.254117 92.2222 91.3945 454.048 21.2859 58.685 53.125 50 9 7 2 1 1 1 83.6364 80.9968 95 94.6628 1750 93.9266 94.8905 1 4 
7 0.25431 92.6263 91.8403 463.492 21.5056 60.475 59 50 9 6.5 2 1 1 1 85.4545 83.9869 90.9091 90.591 2000 93.9266 94.8905 1 4 
8 0.242038 93.2323 92.5587 472.961 21.7162 63.25 64.625 50 9 6.75 2 1 1 1 76.3636 68.0302 85.9091 84.0299 2250 93.9266 94.8905 1 4 
9 0.2416 92.4747 91.6631 453.565 21.264 64.31 67.125 50 9 6.75 2 1 1 1 89.0909 87.7969 92.7273 92.2693 2500 93.9266 94.8905 1 4 
10 0.261321 92.6768 91.9837 456.149 21.3093 65.52 69.625 50 9 5.25 2 1 1 1 89.0909 85.9164 91.8182 90.6678 2750 93.9266 94.8905 1 4 
11 0.232879 92.5758 91.7772 438.506 20.9 66.47 71.875 50 9 7 2 1 1 1 87.2727 85.3788 93.1818 92.649 3000 93.9266 94.8905 1 4 
12 0.266185 93.0303 92.4605 442.376 20.9846 68.455 77 50 9 7.75 2 1 1 1 89.5455 85.8589 90.9091 88.4365 3250 93.9266 94.8905 1 4 
13 0.316436 93.4848 92.9128 415.74 20.2659 69.765 77.625 50 9 7 2 1 1 1 89.5455 88.6949 90.4545 89.9524 3500 93.9266 94.8905 1 4 
14 0.354359 93.5859 93.0358 384.446 19.472 71.64 79 50 9 7 2 1 1 1 90.9091 90.4992 89.0909 88.9809 3750 93.9266 94.8905 1 4 
15 0.323997 92.8283 92.3752 359.769 18.7587 72.225 79.125 50 9 8.25 2 1 1 1 93.1818 89.8127 95.9091 94.5305 4000 93.9266 94.8905 1 4 
16 0.273503 92.9293 92.3112 332.73 18.0093 72.93 79.25 50 9 7.25 2 1 1 1 93.6364 93.1937 95 94.6628 4250 93.9266 94.8905 1 4 
17 0.354405 93.2828 92.6996 309 17.2745 74.22 79.75 50 9 6 2 1 1 1 91.3636 91.0148 91.3636 91.1252 4500 93.9266 94.8905 1 4 
18 0.275362 93.6869 93.1887 303.891 17.1504 75.895 81.375 50 9 8.25 2 1 1 1 84.5455 81.8236 88.6364 87.5312 4750 93.9266 94.8905 1 4 
19 0.319131 93.2828 92.754 290.037 16.7878 75.405 81.125 50 9 7 2 1 1 1 94.0909 93.6999 92.2727 91.8364 5000 93.9266 94.8905 1 4 
20 0.360607 93.5354 93.0163 272.364 16.1883 76.675 81.625 50 9 6.75 2 1 1 1 92.2727 91.0491 90 88.7761 5250 93.9266 94.8905 1 4 
21 0.268827 93.0303 92.4031 250.494 15.5546 77.115 82.125 50 9 8.25 2 1 1 1 93.1818 92.6257 94.5455 94.1361 5500 93.9266 94.8905 1 4 
22 0.283655 93.1313 92.6133 243.096 15.1877 77.765 82.875 50 9 7.75 2 1 1 1 92.2727 90.1179 91.3636 89.3412 5750 93.9266 94.8905 1 4 
23 0.333487 93.5859 92.9767 217.023 14.3876 78.67 83 50 9 8.25 2 1 1 1 90.9091 90.3344 90.4545 89.9524 6000 93.9266 94.8905 1 4 
24 0.282822 93.6869 93.0852 202.441 13.6514 79.605 84 50 9 8 2 1 1 1 88.6364 88.2919 88.6364 88.4834 6250 93.9266 94.8905 1 4 
25 0.285519 92.9798 92.5215 202.239 13.6158 79.29 83.875 50 9 8.25 2 1 1 1 96.8182 95.5678 96.3636 95.0888 6500 93.9266 94.8905 1 4 
26 0.323461 93.1313 92.4718 190.521 13.2591 79.7 83.5 50 9 6.75 2 1 1 1 95 94.6891 95.9091 95.6532 6750 93.9266 94.8905 1 4 
27 0.312212 93.5354 92.9373 185.735 13.1179 80.43 84.625 50 9 7.5 2 1 1 1 91.8182 91.5688 91.8182 91.5755 7000 93.9266 94.8905 1 4 
28 0.326991 93.9899 93.4699 179.196 12.9002 81.715 85.75 50 9 7.75 2 1 1 1 87.7273 86.366 88.6364 87.5312 7250 93.9266 94.8905 1 4 
29 0.335461 93.5354 92.9832 174.392 12.7533 81.06 85.125 50 9 8.25 2 1 1 1 94.0909 93.6999 92.2727 91.7978 7500 93.9266 94.8905 1 4 
30 0.360466 93.6364 93.1226 162.189 12.2104 81.965 86.125 50 9 6.75 2 1 1 1 94.0909 93.3018 90 88.7761 7750 93.9266 94.8905 1 4 
31 0.256841 93.2323 92.5878 146.959 11.696 82.115 85.875 50 9 7.75 2 1 1 1 94.5455 94.1566 94.0909 93.6299 8000 93.9266 94.8905 1 4 
32 0.365476 93.5354 93.0469 142.974 11.5703 82.825 87.625 50 9 7.75 2 1 1 1 93.6364 91.9997 92.2727 90.3999 8250 93.9266 94.8905 1 4 
33 0.360561 93.7879 93.2195 124.698 10.8675 83.595 87.875 50 9 7.75 2 1 1 1 90.4545 89.9524 90.9091 90.4547 8500 93.9266 94.8905 1 4 
34 0.294687 93.8384 93.2492 107.937 9.97183 84.535 88.5 50 9 7.75 2 1 1 1 89.5455 89.3711 89.5455 89.3531 8750 93.9266 94.8905 1 4 
35 0.323114 93.0808 92.6327 104.241 9.77587 84.18 88 50 9 8.25 2 1 1 1 97.2727 96.2866 95.9091 94.5305 9000 93.9266 94.8905 1 4 
36 0.359002 93.1313 92.4764 99.1471 9.5741 84.37 87.75 50 9 6.75 2 1 1 1 95 94.6891 96.3636 96.1389 9250 93.9266 94.8905 1 4 
37 0.347275 93.6364 93.0513 99.7148 9.60554 84.695 87.875 50 9 7.5 2 1 1 1 92.2727 92.0493 91.3636 91.1219 9500 93.9266 94.8905 1 4 
38 0.377709 93.9899 93.4951 99.4358 9.59671 85.715 89 50 9 7.75 2 1 1 1 88.1818 87.0173 86.8182 85.6329 9750 93.9266 94.8905 1 4 
39 0.371012 93.5859 93.0441 100.216 9.61417 84.98 88.25 50 9 8.25 2 1 1 1 94.0909 93.6999 92.2727 91.7978 10000 93.9266 94.8905 1 4 
40 0.360466 93.6364 93.1226 96.6863 9.42612 85.48 89 50 9 6.75 2 1 1 1 94.5455 93.9254 90 88.7761 10250 93.9266 94.8905 1 4 
41 0.296015 93.2828 92.7001 96.8826 9.46578 85.115 88.5 50 9 7.75 2 1 1 1 95 94.6518 95 94.6313 10500 93.9266 94.8905 1 4 
42 0.365476 93.5354 93.0469 86.8961 8.95015 85.77 89.25 50 9 7.75 2 1 1 1 94.5455 93.2988 92.2727 90.3999 10750 93.9266 94.8905 1 4 
43 0.360561 93.7879 93.2195 78.1174 8.51434 86.075 89.5 50 9 7.75 2 1 1 1 90.4545 89.9524 90.9091 90.4547 11000 93.9266 94.8905 1 4 
44 0.294648 93.8384 93.2492 71.6532 8.06719 86.525 89.875 50 9 7.75 2 1 1 1 88.6364 88.4871 90 89.7988 11250 93.9266 94.8905 1 4 
45 0.328681 93.2323 92.7457 67.5214 7.73334 86.29 89.5 50 9 8.5 2 1 1 1 97.7273 96.9322 95 93.0826 11500 93.9266 94.8905 1 4 
46 0.417473 93.2828 92.5895 58.8706 7.07084 86.68 89.25 50 9 8.5 2 1 1 1 95.9091 95.6796 93.6364 93.1552 11750 93.9266 94.8905 1 4 
47 0.367587 93.9394 93.4059 50.6883 6.68139 87.165 89.75 50 9 6.75 2 1 1 1 93.1818 92.9894 91.8182 91.5942 12000 93.9266 94.8905 1 4 
48 0.395518 94.3434 93.9019 50.1413 6.62399 87.985 90.375 50 9 7.5 2 1 1 1 87.2727 86.0961 88.6364 87.6847 12250 93.9266 94.8905 1 4 
49 0.390157 93.9394 93.4461 49.1581 6.57954 87.225 89.625 50 9 7.5 2 1 1 1 93.6364 93.2322 92.2727 91.8364 12500 93.9266 94.8905 1 4 
50 0.395791 93.9394 93.4332 46.4796 6.35801 87.69 89.75 50 9 7.25 2 1 1 1 94.5455 93.9254 91.3636 90.2177 12750 93.9266 94.8905 1 4 
51 0.437077 93.4848 92.873 38.3334 5.87177 87.605 89.5 50 9 7.5 2 1 1 1 94.5455 94.1566 95.4545 95.1169 13000 93.9266 94.8905 1 4 
52 0.443378 93.7879 93.2839 23.85 4.77157 88.37 90.125 50 9 7 2 1 1 1 93.6364 91.9954 93.6364 91.9429 13250 93.9266 94.8905 1 4 
53 0.340069 94.1414 93.6187 22.8748 4.67734 88.485 90.125 50 9 7 2 1 1 1 90.4545 89.9524 90.4545 89.9524 13500 93.9266 94.8905 1 4 
54 0.438725 94.0404 93.485 21.3247 4.49392 88.82 90.5 50 9 7.75 2 1 1 1 89.5455 89.3911 90.4545 90.3115 13750 93.9266 94.8905 1 4 
55 0.399748 93.3838 92.9655 18.8349 4.2252 88.4 90.125 50 9 7.5 2 1 1 1 98.1818 97.5457 97.2727 96.3712 14000 93.9266 94.8905 1 4 
56 0.443385 93.5354 92.8827 19.2198 4.21153 88.46 90 50 9 7 2 1 1 1 95.4545 95.1843 95 94.6518 14250 93.9266 94.8905 1 4 
57 0.367587 93.9394 93.4059 20.1564 4.31138 88.745 90.375 50 9 6.75 2 1 1 1 92.7273 92.5057 91.8182 91.5942 14500 93.9266 94.8905 1 4 
58 0.395518 94.3434 93.9019 18.8708 4.17767 89.49 90.75 50 9 7.5 2 1 1 1 89.0909 88.0075 88.6364 87.6847 14750 93.9266 94.8905 1 4 
59 0.428128 94.0909 93.5709 19.3199 4.22463 88.715 90.125 50 9 5.75 2 1 1 1 93.6364 93.2322 91.8182 91.2881 15000 93.9266 94.8905 1 4 
