# Created by main.cpp, 2016-05-12.09:32:51
# name: results
# type: matrix
# rows: 784
# columns: 21
0 0.205406 65.2174 0 295.508 16.2463 5.15 0 50 9 3.75 1 1 1 0 82.971 60.8919 92.7852 94.9934 0 4 
1 0.181096 88.0435 78.046 515.604 22.6219 9.465 0 50 9 6.5 1 1 1 0 92.7536 88.3721 92.7852 94.9934 0 4 
2 0.155902 90.942 84.9191 795.91 28.154 15.155 0 50 9 7.25 1 1 1 0 92.7536 88.3721 92.7852 94.9934 0 4 
3 0.175203 92.7536 89.6531 1024.21 31.97 21.315 0 50 9 6.25 1 1 1 0 92.7536 88.3721 92.7852 94.9934 0 4 
4 0.178422 95.6522 93.514 1114.96 33.3254 27.085 9.25 50 9 5 1 1 1 0 92.7536 88.3721 92.7852 94.9934 0 4 
5 0.178422 95.6522 93.514 1174.55 34.2158 34 28.5 50 9 5 1 1 1 0 92.7536 88.3721 92.7852 94.9934 0 4 
6 0.178422 95.6522 93.514 1146.44 33.8172 38.545 46 50 9 5 1 1 1 0 93.4783 89.6124 92.7852 94.9934 0 4 
7 0.196026 95.6522 93.514 1058.92 32.4793 43.26 52 50 9 3.25 1 1 1 0 97.4638 96.1315 92.7852 94.9934 0 4 
8 0.178422 95.6522 93.514 979.885 31.2628 47.795 52 50 9 5 1 1 1 0 98.5507 97.8723 92.7852 94.9934 0 4 
9 0.165098 96.7391 95.1887 945.064 30.6648 50.6 52.125 50 9 2.5 1 1 1 0 98.5507 97.8941 92.7852 94.9934 0 4 
10 0.173366 96.7391 95.1887 864.251 29.338 54.03 53.75 50 9 2.5 1 1 1 0 98.5507 97.8941 92.7852 94.9934 0 4 
11 0.157951 96.7391 95.1887 738.947 27.1369 56.55 54.375 50 9 3.5 1 1 1 0 98.5507 97.8941 92.7852 94.9934 0 4 
12 0.148152 96.7391 95.1887 645.033 25.3274 58.58 54.75 50 9 2.25 1 1 1 0 98.5507 97.8941 92.7852 94.9934 0 4 
13 0.165098 96.7391 95.1887 631.69 25.0689 59.375 55.5 50 9 2.5 1 1 1 0 98.5507 97.8941 92.7852 94.9934 0 4 
14 0.173366 96.7391 95.1887 620.485 24.8498 60.75 56.5 50 9 2.5 1 1 1 0 98.5507 97.8941 92.7852 94.9934 0 4 
15 0.165098 96.7391 95.1887 514.606 22.6656 62.73 57.875 50 9 2.5 1 1 1 0 98.5507 97.8941 92.7852 94.9934 0 4 
16 0.148152 96.7391 95.1887 473.053 21.739 63.935 61.375 50 9 2.25 1 1 1 0 98.5507 97.8941 92.7852 94.9934 0 4 
17 0.157951 96.7391 95.1887 437.456 20.8966 65.175 64.75 50 9 3.5 1 1 1 0 98.5507 97.8941 92.7852 94.9934 0 4 
18 0.148152 96.7391 95.1887 404.706 20.0632 66.235 67 50 9 2.25 1 1 1 0 98.5507 97.8941 92.7852 94.9934 0 4 
19 0.165098 96.7391 95.1887 385.696 19.5853 67.45 69.125 50 9 2.5 1 1 1 0 98.5507 97.8941 92.7852 94.9934 0 4 
20 0.173366 96.7391 95.1887 371.837 19.1725 68.18 70 50 9 2.5 1 1 1 0 98.5507 97.8941 92.7852 94.9934 0 4 
21 0.157951 96.7391 95.1887 326.387 18.0328 69.405 70.375 50 9 3.5 1 1 1 0 98.5507 97.8941 92.7852 94.9934 0 4 
22 0.157951 96.7391 95.1887 302.601 17.3519 70.155 71.375 50 9 3.5 1 1 1 0 98.5507 97.8941 92.7852 94.9934 0 4 
23 0.165098 96.7391 95.1887 281.675 16.7493 71.075 73.625 50 9 2.5 1 1 1 0 98.5507 97.8941 92.7852 94.9934 0 4 
24 0.173366 96.7391 95.1887 276.481 16.5891 71.98 75.875 50 9 2.5 1 1 1 0 98.5507 97.8941 92.7852 94.9934 0 4 
25 0.157951 96.7391 95.1887 267.685 16.307 72.595 76.375 50 9 3.5 1 1 1 0 98.5507 97.8941 92.7852 94.9934 0 4 
26 0.173366 96.7391 95.1887 269.612 16.3679 72.98 78 50 9 2.5 1 1 1 0 98.5507 97.8941 92.7852 94.9934 0 4 
27 0.157951 96.7391 95.1887 239.932 15.4817 73.7 78.375 50 9 3.5 1 1 1 0 98.5507 97.8941 92.7852 94.9934 0 4 
28 0.173366 96.7391 95.1887 238.364 15.4312 74.095 78.625 50 9 2.5 1 1 1 0 98.5507 97.8941 92.7852 94.9934 0 4 
29 0.157951 96.7391 95.1887 233.504 15.274 74.36 78.625 50 9 3.5 1 1 1 0 98.5507 97.8941 92.7852 94.9934 0 4 
30 0.173366 96.7391 95.1887 227.799 15.0751 74.895 78.875 50 9 2.5 1 1 1 0 98.5507 97.8941 92.7852 94.9934 0 4 
31 0.157951 96.7391 95.1887 231.401 15.1947 75.375 79.5 50 9 3.5 1 1 1 0 98.5507 97.8941 92.7852 94.9934 0 4 
32 0.167234 96.7391 95.1887 227.311 15.0584 75.935 81 50 9 3.25 1 1 1 0 98.5507 97.8941 92.7852 94.9934 0 4 
33 0.165098 96.7391 95.1887 224.006 14.9107 76.395 81.625 50 9 2.5 1 1 1 0 98.5507 97.8941 92.7852 94.9934 0 4 
34 0.167234 96.7391 95.1887 217.92 14.7046 76.775 82 50 9 3.25 1 1 1 0 98.5507 97.8941 92.7852 94.9934 0 4 
35 0.165098 96.7391 95.1887 219.507 14.751 76.965 82.25 50 9 2.5 1 1 1 0 98.5507 97.8941 92.7852 94.9934 0 4 
36 0.167234 96.7391 95.1887 212.664 14.4927 77.37 82.625 50 9 3.25 1 1 1 0 98.5507 97.8941 92.7852 94.9934 0 4 
37 0.165098 96.7391 95.1887 212.077 14.4737 77.58 82.875 50 9 2.5 1 1 1 0 98.5507 97.9158 92.7852 94.9934 0 4 
38 0.159729 96.7391 95.2538 213.812 14.5204 77.935 83.375 50 9 4 1 1 1 0 98.5507 97.9158 92.7852 94.9934 0 4 
39 0.165861 96.7391 95.2538 208.292 14.3238 78.36 83.625 50 9 3.25 1 1 1 0 98.5507 97.9158 92.7852 94.9934 0 4 
40 0.165861 96.7391 95.2538 201.411 14.0913 78.945 83.875 50 9 3.25 1 1 1 0 98.5507 97.9158 92.7852 94.9934 0 4 
41 0.165861 96.7391 95.2538 199.456 14.031 79.32 84.375 50 9 3.25 1 1 1 0 98.5507 97.9158 92.7852 94.9934 0 4 
42 0.165861 96.7391 95.2538 187.059 13.6146 79.94 84.875 50 9 3.25 1 1 1 0 98.5507 97.9158 92.7852 94.9934 0 4 
43 0.171852 97.1014 95.7428 185.13 13.5544 80.14 85 50 9 2.5 1 1 1 0 98.5507 97.9158 92.7852 94.9934 0 4 
44 0.171852 97.1014 95.7428 175.984 13.2115 80.725 85.5 50 9 2.5 1 1 1 0 98.5507 97.9158 92.7852 94.9934 0 4 
45 0.171852 97.1014 95.7428 164.019 12.7005 81.33 85.25 50 9 2.5 1 1 1 0 98.5507 97.9158 92.7852 94.9934 0 4 
46 0.171852 97.1014 95.7428 162.828 12.6587 81.565 85.625 50 9 2.5 1 1 1 0 98.5507 97.9158 92.7852 94.9934 0 4 
47 0.129552 97.1014 95.7428 146.848 12.0218 82.195 85.75 50 9 2.5 1 1 1 0 98.5507 97.9158 92.7852 94.9934 0 4 
48 0.171942 97.1014 95.7428 136.802 11.5769 82.73 86 50 9 2.5 1 1 1 0 98.5507 97.9158 92.7852 94.9934 0 4 
49 0.0971513 97.1014 95.788 136.297 11.558 82.74 86 50 9 3.5 1 1 1 0 98.5507 97.9158 92.7852 94.9934 0 4 
50 0.176029 97.1014 95.788 124.429 11.0856 83.16 86.125 50 9 2.5 1 1 1 0 98.5507 97.9158 92.7852 94.9934 0 4 
51 0.0971513 97.1014 95.788 121.012 10.9381 83.3 86 50 9 3.5 1 1 1 0 98.5507 97.9158 92.7852 94.9934 0 4 
52 0.176029 97.1014 95.788 113.064 10.6004 83.57 86.125 50 9 2.5 1 1 1 0 98.5507 97.9158 92.7852 94.9934 0 4 
53 0.0971513 97.1014 95.788 109.105 10.4223 83.78 86.25 50 9 3.5 1 1 1 0 98.5507 97.9158 92.7852 94.9934 0 4 
54 0.176029 97.1014 95.788 103.249 10.1367 84.005 86.375 50 9 2.5 1 1 1 0 98.5507 97.9158 92.7852 94.9934 0 4 
55 0.0971513 97.1014 95.788 99.9827 9.95042 84.27 86.625 50 9 3.5 1 1 1 0 98.5507 97.9158 92.7852 94.9934 0 4 
56 0.176029 97.1014 95.788 95.6934 9.74218 84.665 87 50 9 2.5 1 1 1 0 98.5507 97.9158 92.7852 94.9934 0 4 
57 0.0631057 97.1014 95.788 93.9492 9.63735 84.74 87.125 50 9 4.25 1 1 1 0 98.5507 97.9158 92.7852 94.9934 0 4 
58 0.176029 97.1014 95.788 79.8954 8.82789 85.265 87.375 50 9 2.5 1 1 1 0 98.5507 97.9158 92.7852 94.9934 0 4 
59 0.0631057 97.1014 95.788 80.3709 8.87072 85.305 87.375 50 9 4.25 1 1 1 0 98.5507 97.9158 92.7852 94.9934 0 4 
60 0.137021 97.1014 95.788 74.3239 8.54006 85.73 87.625 50 9 3 1 1 1 0 98.5507 97.9158 92.7852 94.9934 0 4 
61 0.0995936 97.1014 95.788 72.5266 8.44685 85.815 87.75 50 9 3.25 1 1 1 0 98.5507 97.9158 92.7852 94.9934 0 4 
62 0.137021 97.1014 95.788 67.5484 8.16121 86.22 88.375 50 9 3 1 1 1 0 98.5507 97.9158 92.7852 94.9934 0 4 
63 0.0995936 97.1014 95.788 66.5471 8.10233 86.27 88.25 50 9 3.25 1 1 1 0 98.5507 97.9158 92.7852 94.9934 0 4 
64 0.098915 97.1014 95.788 66.0847 8.07473 86.29 88.375 50 9 2.75 1 1 1 0 98.5507 97.9158 92.7852 94.9934 0 4 
65 0.141984 97.1014 95.788 64.8755 8.00726 86.39 88.25 50 9 3.25 1 1 1 0 98.5507 97.9158 92.7852 94.9934 0 4 
66 0.0946313 97.1014 95.788 48.5829 6.9481 86.86 88.25 50 9 3 1 1 1 0 98.5507 97.9158 92.7852 94.9934 0 4 
67 0.105496 97.1014 95.788 43.5081 6.56795 87.195 88.375 50 9 4.25 1 1 1 0 98.5507 97.9158 92.7852 94.9934 0 4 
68 0.0945818 97.1014 95.8333 43.6868 6.57222 87.315 88.5 50 9 3 1 1 1 0 98.913 98.426 92.7852 94.9934 0 4 
69 0.0857146 97.4638 96.3431 43.6219 6.52628 87.535 88.75 50 9 4.75 1 1 1 0 98.913 98.426 92.7852 94.9934 0 4 
70 0.0327116 97.4638 96.3431 43.5982 6.52391 87.53 88.875 50 9 5 1 1 1 0 98.913 98.426 92.7852 94.9934 0 4 
71 0.109147 97.4638 96.3431 44.1243 6.56604 87.66 89.125 50 9 4.25 1 1 1 0 98.913 98.426 92.7852 94.9934 0 4 
