# Created by main.cpp, 2016-05-25.10:50:37
# name: results
# type: matrix
# rows: 150
# columns: 21
0 0.39827 98.1884 97.9992 8.10755 2.73854 93.99 94 50 9 6.25 2 1 1 1 45.2899 36.0423 93.7512 94.3017 1 4 
1 0.299286 98.1884 97.9992 8.12867 2.74465 94.005 94 50 9 5.25 2 1 1 1 52.8986 50.183 93.7512 94.3017 1 4 
2 0.395152 98.1884 97.9992 7.51286 2.66192 94.03 94 50 9 6 2 1 1 1 54.3478 54.3497 93.7512 94.3017 1 4 
3 0.38511 98.1884 97.9992 7.40531 2.64363 94.05 94 50 9 6 2 1 1 1 54.3478 54.3497 93.7512 94.3017 1 4 
4 0.335948 98.1884 97.9992 7.41724 2.6459 94.075 94 50 9 6.25 2 1 1 1 58.6957 61.4942 93.7512 94.3017 1 4 
5 0.299214 98.1884 97.9992 7.41531 2.64106 94.06 94 50 9 5.25 2 1 1 1 60.1449 63.4288 93.7512 94.3017 1 4 
6 0.395152 98.1884 97.9992 7.20184 2.60604 94.1 94 50 9 6 2 1 1 1 60.1449 63.4288 93.7512 94.3017 1 4 
7 0.267145 98.1884 97.9992 7.23816 2.61637 94.09 94 50 9 5.25 2 1 1 1 60.1449 63.4288 93.7512 94.3017 1 4 
8 0.335948 98.1884 97.9992 7.18541 2.60433 94.155 94 50 9 6.25 2 1 1 1 60.1449 63.4288 93.7512 94.3017 1 4 
9 0.299214 98.1884 97.9992 7.25653 2.61601 94.19 94.125 50 9 5.25 2 1 1 1 60.1449 63.4288 93.7512 94.3017 1 4 
10 0.478362 98.1884 97.9992 7.25276 2.61645 94.205 94.125 50 9 6.75 2 1 1 1 61.5942 66.291 93.7512 94.3017 1 4 
11 0.267145 98.1884 97.9992 7.25571 2.61707 94.22 94.125 50 9 5.25 2 1 1 1 61.5942 66.6094 93.7512 94.3017 1 4 
12 0.386181 98.1884 97.9992 7.16918 2.60472 94.26 94.25 50 9 6.25 2 1 1 1 61.5942 66.6094 93.7512 94.3017 1 4 
13 0.299214 98.1884 97.9992 6.89082 2.53642 94.33 94.25 50 9 5.25 2 1 1 1 61.5942 66.6094 93.7512 94.3017 1 4 
14 0.386181 98.1884 97.9992 6.8901 2.52516 94.365 94.25 50 9 6.25 2 1 1 1 61.5942 66.6094 93.7512 94.3017 1 4 
15 0.38022 98.1884 98.007 7.22398 2.57111 94.345 94.25 50 9 6.25 2 1 1 1 61.5942 66.6094 93.7512 94.3017 1 4 
16 0.385147 98.1884 98.007 7.23704 2.57414 94.365 94.25 50 9 6.5 2 1 1 1 61.5942 66.6094 93.7512 94.3017 1 4 
17 0.38022 98.1884 98.007 6.88602 2.52421 94.405 94.5 50 9 6.25 2 1 1 1 61.5942 66.6094 93.7512 94.3017 1 4 
18 0.385147 98.1884 98.007 6.9652 2.53826 94.425 94.625 50 9 6.5 2 1 1 1 61.5942 66.6094 93.7512 94.3017 1 4 
19 0.320662 98.1884 98.007 6.95469 2.53638 94.46 94.75 50 9 6.25 2 1 1 1 61.5942 66.6094 93.7512 94.3017 1 4 
20 0.426933 98.1884 98.007 7.1198 2.56375 94.51 94.75 50 9 6.25 2 1 1 1 61.5942 66.6094 93.7512 94.3017 1 4 
21 0.287717 98.1884 98.007 7.1198 2.56375 94.51 94.75 50 9 6.25 2 1 1 1 61.5942 66.6094 93.7512 94.3017 1 4 
22 0.444351 98.1884 98.007 6.65531 2.48837 94.56 95 50 9 6.25 2 1 1 1 61.5942 66.6094 93.7512 94.3017 1 4 
23 0.38022 98.1884 98.007 6.65531 2.48837 94.56 95 50 9 6.25 2 1 1 1 61.5942 66.6094 93.7512 94.3017 1 4 
24 0.385147 98.1884 98.007 6.65459 2.48907 94.575 95 50 9 6.5 2 1 1 1 61.5942 66.6094 93.7512 94.3017 1 4 
25 0.320662 98.1884 98.007 6.69122 2.49474 94.56 95 50 9 6.25 2 1 1 1 61.5942 66.6094 93.7512 94.3017 1 4 
26 0.426933 98.1884 98.007 6.67847 2.49336 94.585 95 50 9 6.25 2 1 1 1 61.5942 66.6094 93.7512 94.3017 1 4 
27 0.320662 98.1884 98.007 6.64541 2.48761 94.575 95 50 9 6.25 2 1 1 1 61.5942 66.6094 93.7512 94.3017 1 4 
28 0.426933 98.1884 98.007 6.62092 2.4702 94.605 95 50 9 6.25 2 1 1 1 61.5942 66.6094 93.7512 94.3017 1 4 
29 0.374993 98.5507 98.4023 6.65765 2.47551 94.625 95 50 9 6.75 2 1 1 1 61.5942 66.6094 93.7512 94.3017 1 4 
30 0.346153 98.5507 98.4023 6.49684 2.45205 94.665 95 50 9 6 2 1 1 1 61.5942 66.6094 93.7512 94.3017 1 4 
31 0.374993 98.5507 98.4023 6.49684 2.45205 94.665 95 50 9 6.75 2 1 1 1 61.5942 66.6094 93.7512 94.3017 1 4 
32 0.346153 98.5507 98.4023 6.56755 2.47396 94.68 95 50 9 6 2 1 1 1 61.5942 66.6094 93.7512 94.3017 1 4 
33 0.35389 98.913 98.7978 6.56184 2.48084 94.67 95 50 9 5.75 2 1 1 1 61.5942 66.6094 93.7512 94.3017 1 4 
34 0.325049 98.913 98.7978 6.56184 2.48084 94.67 95 50 9 5 2 1 1 1 61.5942 66.6094 93.7512 94.3017 1 4 
35 0.35389 98.913 98.7978 6.74296 2.50947 94.675 95 50 9 5.75 2 1 1 1 61.5942 66.6094 93.7512 94.3017 1 4 
36 0.325049 98.913 98.7978 6.77755 2.51777 94.69 95 50 9 5 2 1 1 1 61.5942 66.6094 93.7512 94.3017 1 4 
37 0.35389 98.913 98.7978 6.80704 2.52475 94.685 95 50 9 5.75 2 1 1 1 61.5942 66.6094 93.7512 94.3017 1 4 
38 0.303481 98.913 98.7978 6.71816 2.50701 94.69 95 50 9 5 2 1 1 1 61.5942 66.6094 93.7512 94.3017 1 4 
39 0.388196 98.913 98.7978 6.71816 2.50701 94.69 95 50 9 5.75 2 1 1 1 61.5942 66.6094 93.7512 94.3017 1 4 
40 0.38914 98.913 98.7978 6.50531 2.4667 94.72 95 50 9 5 2 1 1 1 61.5942 66.6094 93.7512 94.3017 1 4 
41 0.386835 98.913 98.7978 6.28673 2.43403 94.75 95 50 9 5.75 2 1 1 1 61.5942 66.6094 93.7512 94.3017 1 4 
42 0.283054 98.913 98.7978 6.195 2.41304 94.795 95 50 9 5.25 2 1 1 1 61.5942 66.6094 93.7512 94.3017 1 4 
43 0.35554 98.913 98.7978 6.15745 2.40558 94.795 95 50 9 5.75 2 1 1 1 61.5942 66.6094 93.7512 94.3017 1 4 
44 0.303481 98.913 98.7978 5.9452 2.36927 94.905 95.125 50 9 5 2 1 1 1 61.5942 66.6094 93.7512 94.3017 1 4 
45 0.388196 98.913 98.7978 5.9452 2.36927 94.905 95.125 50 9 5.75 2 1 1 1 61.5942 66.6094 93.7512 94.3017 1 4 
46 0.38914 98.913 98.7978 5.68347 2.32547 94.93 95.125 50 9 5 2 1 1 1 61.5942 66.6094 93.7512 94.3017 1 4 
47 0.386835 98.913 98.7978 5.69367 2.32808 94.94 95.125 50 9 5.75 2 1 1 1 61.5942 66.6094 93.7512 94.3017 1 4 
48 0.38914 98.913 98.7978 5.64745 2.30684 94.975 95.125 50 9 5 2 1 1 1 61.5942 66.6094 93.7512 94.3017 1 4 
49 0.386835 98.913 98.7978 5.46214 2.27187 95.045 95.25 50 9 5.75 2 1 1 1 61.5942 66.6094 93.7512 94.3017 1 4 
50 0.38914 98.913 98.7978 5.45347 2.27017 95.07 95.25 50 9 5 2 1 1 1 61.5942 66.6094 93.7512 94.3017 1 4 
51 0.386835 98.913 98.7978 5.45347 2.27017 95.07 95.25 50 9 5.75 2 1 1 1 61.5942 66.6094 93.7512 94.3017 1 4 
52 0.38914 98.913 98.7978 5.55796 2.28741 95.05 95.125 50 9 5 2 1 1 1 61.5942 66.6094 93.7512 94.3017 1 4 
53 0.386835 98.913 98.7978 5.55796 2.28741 95.05 95.125 50 9 5.75 2 1 1 1 61.5942 66.6094 93.7512 94.3017 1 4 
54 0.38914 98.913 98.7978 5.51847 2.28001 95.055 95.25 50 9 5 2 1 1 1 61.5942 66.6094 93.7512 94.3017 1 4 
55 0.386835 98.913 98.7978 5.51316 2.28767 95.045 95.25 50 9 5.75 2 1 1 1 61.5942 66.6094 93.7512 94.3017 1 4 
56 0.38914 98.913 98.7978 5.51316 2.28767 95.045 95.25 50 9 5 2 1 1 1 61.5942 66.6094 93.7512 94.3017 1 4 
57 0.386835 98.913 98.7978 5.51316 2.28767 95.045 95.25 50 9 5.75 2 1 1 1 61.5942 66.6094 93.7512 94.3017 1 4 
58 0.38929 98.913 98.7978 5.55612 2.29638 95.04 95.25 50 9 5 2 1 1 1 61.5942 66.6094 93.7512 94.3017 1 4 
59 0.386835 98.913 98.7978 5.45194 2.27192 95.075 95.25 50 9 5.75 2 1 1 1 61.5942 66.6094 93.7512 94.3017 1 4 
60 0.38929 98.913 98.7978 5.28143 2.24318 95.12 95.25 50 9 5 2 1 1 1 61.5942 66.6094 93.7512 94.3017 1 4 
61 0.386835 98.913 98.7978 5.35561 2.25775 95.115 95.25 50 9 5.75 2 1 1 1 61.5942 66.6094 93.7512 94.3017 1 4 
62 0.38929 98.913 98.7978 5.36592 2.26105 95.12 95.25 50 9 5 2 1 1 1 61.5942 66.6094 93.7512 94.3017 1 4 
63 0.386835 98.913 98.7978 5.3601 2.26152 95.135 95.25 50 9 5.75 2 1 1 1 61.5942 66.6094 93.7512 94.3017 1 4 
64 0.38929 98.913 98.7978 5.39694 2.27479 95.15 95.25 50 9 5 2 1 1 1 61.5942 66.6094 93.7512 94.3017 1 4 
65 0.40817 98.913 98.7978 5.39694 2.27479 95.15 95.25 50 9 6.75 2 1 1 1 61.5942 66.6094 93.7512 94.3017 1 4 
66 0.38929 98.913 98.7978 5.37531 2.27206 95.16 95.25 50 9 5 2 1 1 1 61.5942 66.6094 93.7512 94.3017 1 4 
67 0.40817 98.913 98.7978 5.30418 2.25952 95.175 95.25 50 9 6.75 2 1 1 1 61.5942 66.6094 93.7512 94.3017 1 4 
68 0.38929 98.913 98.7978 5.2449 2.2468 95.17 95.375 50 9 5 2 1 1 1 61.5942 66.6094 93.7512 94.3017 1 4 
69 0.40817 98.913 98.7978 5.23224 2.24367 95.16 95.375 50 9 6.75 2 1 1 1 61.5942 66.6094 93.7512 94.3017 1 4 
70 0.447822 98.913 98.7978 5.20827 2.2376 95.135 95.5 50 9 5 2 1 1 1 61.5942 66.6094 93.7512 94.3017 1 4 
71 0.367535 98.913 98.7978 4.8749 2.17528 95.2 95.5 50 9 7 2 1 1 1 61.5942 66.6094 93.7512 94.3017 1 4 
72 0.3252 98.913 98.7978 4.78418 2.15727 95.155 95.5 50 9 5 2 1 1 1 61.5942 66.6094 93.7512 94.3017 1 4 
