# Created by main.cpp, 2016-06-29.11:50:45
# name: results
# type: matrix
# rows: 100
# columns: 17
1 1 48.8998 36.1154 0.511002 47.2059 35.2149 0.527941 46.4706 34.5149 0.535294 13.9174 0.361154 100 18 11 10 
2 1 51.4914 38.9893 0.485086 51.6912 39.0467 0.483088 49.4853 37.4232 0.505147 25.075 0.685089 100 18 11 10 
3 1 55.6235 41.377 0.443765 55.2941 41.3365 0.447059 53.6029 40.0382 0.463971 35.9654 1.00949 100 18 11 10 
4 1 57.0905 45.4311 0.429095 56.8382 46.1176 0.431618 55.2941 44.0697 0.447059 52.606 1.39304 100 18 11 10 
5 1 55.0122 47.945 0.449878 54.5588 48.8118 0.454412 54.2647 47.1157 0.457353 64.4422 1.73468 100 18 11 10 
6 1 58.5819 49.4867 0.414181 60.0735 51.8618 0.399265 57.3529 48.3503 0.426471 74.7059 2.06146 100 18 11 10 
7 1 61.3203 50.5342 0.386797 61.9853 52.118 0.380147 60.4412 48.7934 0.395588 84.3983 2.38663 100 18 11 10 
8 1 63.6919 53.1395 0.363081 65.5882 54.5132 0.344118 62.5 52.135 0.375 100.923 2.79838 100 18 11 10 
9 1 65.868 58.4992 0.34132 65.2206 58.5858 0.347794 65.5882 56.8353 0.344118 118.404 3.22097 100 18 11 10 
10 1 65.5501 58.5385 0.344499 66.25 59.6153 0.3375 65.8088 57.7087 0.341912 131.989 3.61301 100 18 11 10 
11 1 65.5501 58.5385 0.344499 66.25 59.6153 0.3375 65.8088 57.7087 0.341912 143.572 3.98025 100 18 11 10 
12 1 65.5501 58.5385 0.344499 66.25 59.6153 0.3375 65.8088 57.7087 0.341912 152.395 4.30092 100 18 11 10 
13 1 65.5501 58.5385 0.344499 66.25 59.6153 0.3375 65.8088 57.7087 0.341912 161.601 4.64198 100 18 11 10 
14 1 65.5501 58.5385 0.344499 66.25 59.6153 0.3375 65.8088 57.7087 0.341912 170.995 4.98511 100 18 11 10 
15 1 69.0465 61.4324 0.309535 70.7353 63.2174 0.292647 70 61.5503 0.3 189.557 5.44355 100 18 11 10 
16 1 68.6797 61.8203 0.313203 69.1912 62.2755 0.308088 68.9706 61.0686 0.310294 200.963 5.81623 100 18 11 10 
17 1 68.6797 61.8203 0.313203 69.1912 62.2755 0.308088 68.9706 61.0686 0.310294 211.196 6.17514 100 18 11 10 
18 1 68.6797 61.8203 0.313203 69.1912 62.2755 0.308088 68.9706 61.0686 0.310294 220.099 6.51769 100 18 11 10 
19 1 68.6797 61.8203 0.313203 69.1912 62.2755 0.308088 68.9706 61.0686 0.310294 233.305 6.91965 100 18 11 10 
20 1 70.0733 64.8471 0.299267 70.8088 64.9958 0.291912 69.5588 64.2858 0.304412 248.344 7.33463 100 18 11 10 
21 1 70.0733 64.8471 0.299267 70.8088 64.9958 0.291912 69.5588 64.2858 0.304412 258.445 7.71692 100 18 11 10 
22 1 70.2689 66.3195 0.297311 72.2794 67.9489 0.277206 70.7353 66.5728 0.292647 272.275 8.13786 100 18 11 10 
23 1 70.8068 66.6468 0.291932 72.9412 68.2586 0.270588 70.9559 66.1468 0.290441 291.919 8.64258 100 18 11 10 
24 1 72.3472 67.4484 0.276528 73.0147 68.2101 0.269853 71.8382 66.0913 0.281618 299.484 8.99131 100 18 11 10 
25 1 72.2983 69.1979 0.277017 73.5294 70.5999 0.264706 72.0588 68.5026 0.279412 311.982 9.41479 100 18 11 10 
26 1 72.2983 69.1979 0.277017 73.5294 70.5999 0.264706 72.0588 68.5026 0.279412 316.668 9.74047 100 18 11 10 
27 1 72.2983 69.1979 0.277017 73.5294 70.5999 0.264706 72.0588 68.5026 0.279412 319.948 10.0204 100 18 11 10 
28 1 72.2983 69.1979 0.277017 73.5294 70.5999 0.264706 72.0588 68.5026 0.279412 327.556 10.3964 100 18 11 10 
29 1 74.2298 71.0086 0.257702 75.7353 72.6929 0.242647 74.6324 71.173 0.253676 336.59 10.7874 100 18 11 10 
30 1 75.0856 72.4309 0.249144 78.5294 76.2001 0.214706 75.3676 72.8129 0.246324 353.361 11.2869 100 18 11 10 
31 1 75.0856 72.4309 0.249144 78.5294 76.2001 0.214706 75.3676 72.8129 0.246324 363.298 11.6928 100 18 11 10 
32 1 75.0856 72.4309 0.249144 78.5294 76.2001 0.214706 75.3676 72.8129 0.246324 374.415 12.1308 100 18 11 10 
33 1 75.0856 72.4309 0.249144 78.5294 76.2001 0.214706 75.3676 72.8129 0.246324 377.11 12.4387 100 18 11 10 
34 1 75.0856 72.4309 0.249144 78.5294 76.2001 0.214706 75.3676 72.8129 0.246324 381.64 12.7854 100 18 11 10 
35 1 76.7726 72.7203 0.232274 79.7059 76.3305 0.202941 76.9853 73.6989 0.230147 390.642 13.1931 100 18 11 10 
36 1 76.7726 72.7203 0.232274 79.7059 76.3305 0.202941 76.9853 73.6989 0.230147 398.651 13.6044 100 18 11 10 
37 1 76.7726 72.7203 0.232274 79.7059 76.3305 0.202941 76.9853 73.6989 0.230147 404.018 13.9959 100 18 11 10 
38 1 76.7726 72.7203 0.232274 79.7059 76.3305 0.202941 76.9853 73.6989 0.230147 410.579 14.4043 100 18 11 10 
39 1 75.5257 72.9139 0.244743 79.4118 77.2522 0.205882 76.7647 74.3631 0.232353 415.236 14.7808 100 18 11 10 
40 1 75.5257 72.9139 0.244743 79.4118 77.2522 0.205882 76.7647 74.3631 0.232353 420.352 15.1527 100 18 11 10 
41 1 75.5257 72.9139 0.244743 79.4118 77.2522 0.205882 76.7647 74.3631 0.232353 421.011 15.4678 100 18 11 10 
42 1 75.5257 72.9139 0.244743 79.4118 77.2522 0.205882 76.7647 74.3631 0.232353 421.446 15.779 100 18 11 10 
43 1 75.5257 72.9139 0.244743 79.4118 77.2522 0.205882 76.7647 74.3631 0.232353 424.083 16.1413 100 18 11 10 
44 1 75.5257 72.9139 0.244743 79.4118 77.2522 0.205882 76.7647 74.3631 0.232353 428.178 16.5347 100 18 11 10 
45 1 75.5257 72.9139 0.244743 79.4118 77.2522 0.205882 76.7647 74.3631 0.232353 431.371 16.9203 100 18 11 10 
46 1 75.5257 72.9139 0.244743 79.4118 77.2522 0.205882 76.7647 74.3631 0.232353 434.683 17.3182 100 18 11 10 
47 1 75.5257 72.9139 0.244743 79.4118 77.2522 0.205882 76.7647 74.3631 0.232353 436.79 17.6879 100 18 11 10 
48 1 75.5257 72.9139 0.244743 79.4118 77.2522 0.205882 76.7647 74.3631 0.232353 437.475 18.0026 100 18 11 10 
49 1 75.5257 72.9139 0.244743 79.4118 77.2522 0.205882 76.7647 74.3631 0.232353 439.969 18.3561 100 18 11 10 
50 1 76.7482 74.7062 0.232518 80.2206 78.3377 0.197794 78.0882 75.5923 0.219118 445.607 18.7613 100 18 11 10 
51 1 77.066 75.0107 0.22934 80.5882 78.6934 0.194118 78.0882 75.5923 0.219118 449.797 19.1804 100 18 11 10 
52 1 78.8264 76.4851 0.211736 80.8824 78.7465 0.191176 80 77.3319 0.2 458.865 19.6748 100 18 11 10 
53 1 78.8264 76.4851 0.211736 80.8824 78.7465 0.191176 80 77.3319 0.2 458.677 20 100 18 11 10 
54 1 78.8264 76.4851 0.211736 80.8824 78.7465 0.191176 80 77.3319 0.2 459.79 20.3843 100 18 11 10 
55 1 78.8753 76.5804 0.211247 80.2941 78.0314 0.197059 80.2941 77.8613 0.197059 461.684 20.7805 100 18 11 10 
56 1 78.8753 76.5804 0.211247 80.2941 78.0314 0.197059 80.2941 77.8613 0.197059 461.562 21.1769 100 18 11 10 
57 1 78.8753 76.5804 0.211247 80.2941 78.0314 0.197059 80.2941 77.8613 0.197059 462.542 21.5634 100 18 11 10 
58 1 80.0244 76.7663 0.199756 82.1324 79.3286 0.178676 81.6176 78.2023 0.183824 464.003 21.9508 100 18 11 10 
59 1 80.0244 76.7663 0.199756 82.1324 79.3286 0.178676 81.6176 78.2023 0.183824 461.407 22.2966 100 18 11 10 
60 1 80.0244 76.7663 0.199756 82.1324 79.3286 0.178676 81.6176 78.2023 0.183824 460.122 22.6747 100 18 11 10 
61 1 80.0244 76.7663 0.199756 82.1324 79.3286 0.178676 81.6176 78.2023 0.183824 460.181 23.0984 100 18 11 10 
62 1 80.0244 76.7663 0.199756 82.1324 79.3286 0.178676 81.6176 78.2023 0.183824 457.224 23.4643 100 18 11 10 
63 1 80.0244 76.7663 0.199756 82.1324 79.3286 0.178676 81.6176 78.2023 0.183824 456.054 23.8807 100 18 11 10 
64 1 80.0244 76.7663 0.199756 82.1324 79.3286 0.178676 81.6176 78.2023 0.183824 452.978 24.2833 100 18 11 10 
65 1 80.0244 76.7663 0.199756 82.1324 79.3286 0.178676 81.6176 78.2023 0.183824 448.173 24.6146 100 18 11 10 
66 1 80.0244 76.7663 0.199756 82.1324 79.3286 0.178676 81.6176 78.2023 0.183824 443.752 24.918 100 18 11 10 
67 1 80.0244 76.7663 0.199756 82.1324 79.3286 0.178676 81.6176 78.2023 0.183824 440.29 25.2836 100 18 11 10 
68 1 79.9511 76.9199 0.200489 82.4265 79.7848 0.175735 80.1471 76.8567 0.198529 440.66 25.7226 100 18 11 10 
69 1 79.9511 76.9199 0.200489 82.4265 79.7848 0.175735 80.1471 76.8567 0.198529 435.914 26.0396 100 18 11 10 
70 1 79.9511 76.9199 0.200489 82.4265 79.7848 0.175735 80.1471 76.8567 0.198529 433.182 26.4594 100 18 11 10 
71 1 79.9511 76.9199 0.200489 82.4265 79.7848 0.175735 80.1471 76.8567 0.198529 428.09 26.8342 100 18 11 10 
72 1 79.9511 76.9199 0.200489 82.4265 79.7848 0.175735 80.1471 76.8567 0.198529 422.174 27.195 100 18 11 10 
