# Created by main.cpp, 2016-06-26.14:42:20
# name: results
# type: matrix
# rows: 500
# columns: 25
1 0.512225 48.7775 39.6697 18.5076 3.94708 0.396697 -1 100 9 11 2 -1 1 0 -1 -1 51.6912 41.7178 48.8235 39.954 1 85.7353 84.2046 10 
2 0.461125 53.8875 43.0857 32.6912 5.36747 0.757241 -1 100 9 11 2 -1 1 0 -1 -1 56.3235 44.1879 54.1176 43.7888 1 85.7353 84.2046 10 
3 0.396577 60.3423 45.8118 45.9171 6.45735 1.10608 -1 100 9 11 2 -1 1 0 -1 -1 60.5147 45.81 58.6029 45.3892 1 85.7353 84.2046 10 
4 0.394866 60.5134 47.7203 60.7368 7.45892 1.47982 -1 100 9 11 2 -1 1 0 -1 -1 61.0294 48.2073 59.9265 47.4434 1 85.7353 84.2046 10 
5 0.408802 59.1198 48.634 72.4848 8.23878 1.83166 -1 100 9 11 2 -1 1 0 -1 -1 60.5882 49.8298 58.75 48.4256 1 85.7353 84.2046 10 
6 0.378729 62.1271 53.6397 88.2567 9.13445 2.2112 -1 100 9 11 2 -1 1 0 -1 -1 63.1618 54.2241 61.9853 52.2668 1 85.7353 84.2046 10 
7 0.345721 65.4279 54.5902 99.5643 9.71331 2.55283 -1 100 9 11 2 -1 1 0 -1 -1 66.7647 54.9493 65.2941 53.0105 1 85.7353 84.2046 10 
8 0.343765 65.6235 54.664 109.69 10.2377 2.88902 -1 100 9 11 2 -1 1 0 -1 -1 66.6176 54.8983 65.2206 52.9835 1 85.7353 84.2046 10 
9 0.349144 65.0856 56.7954 123.432 10.9289 3.27908 -1 100 9 11 2 -1 1 0 -1 -1 64.8529 57.1659 63.3088 54.5133 1 85.7353 84.2046 10 
10 0.349144 65.0856 56.7954 132.169 11.3377 3.60451 -1 100 9 11 2 -1 1 0 -1 -1 64.8529 57.1659 63.3088 54.5133 1 85.7353 84.2046 10 
11 0.339364 66.0636 56.8914 144.869 11.8954 3.98005 -1 100 9 11 2 -1 1 0 -1 -1 65.5882 57.1557 64.5588 54.898 1 85.7353 84.2046 10 
12 0.353056 64.6944 57.0787 155.655 12.3413 4.33966 -1 100 9 11 2 -1 1 0 -1 -1 64.1176 56.6086 64.1912 55.4091 1 85.7353 84.2046 10 
13 0.343521 65.6479 59.2328 166.928 12.8105 4.68951 -1 100 9 11 2 -1 1 0 -1 -1 66.0294 59.7082 64.2647 57.0091 1 85.7353 84.2046 10 
14 0.343521 65.6479 59.2328 176.069 13.1699 5.02741 -1 100 9 11 2 -1 1 0 -1 -1 66.0294 59.7082 64.2647 57.0091 1 85.7353 84.2046 10 
15 0.332763 66.7237 60.1019 187.419 13.6108 5.39558 -1 100 9 11 2 -1 1 0 -1 -1 67.5 60.8241 66.3971 59.0806 1 85.7353 84.2046 10 
16 0.332763 66.7237 60.1019 196.263 13.9351 5.74271 -1 100 9 11 2 -1 1 0 -1 -1 67.5 60.8241 66.3971 59.0806 1 85.7353 84.2046 10 
17 0.332763 66.7237 60.1019 206.855 14.2951 6.1132 -1 100 9 11 2 -1 1 0 -1 -1 67.5 60.8241 66.3971 59.0806 1 85.7353 84.2046 10 
18 0.332763 66.7237 60.1019 215.542 14.6017 6.45939 -1 100 9 11 2 -1 1 0 -1 -1 67.5 60.8241 66.3971 59.0806 1 85.7353 84.2046 10 
19 0.332763 66.7237 60.1019 224.406 14.9136 6.81642 -1 100 9 11 2 -1 1 0 -1 -1 67.5 60.8241 66.3971 59.0806 1 85.7353 84.2046 10 
20 0.332763 66.7237 60.1019 233.292 15.207 7.18509 -1 100 9 11 2 -1 1 0 -1 -1 67.5 60.8241 66.3971 59.0806 1 85.7353 84.2046 10 
21 0.332763 66.7237 60.1019 240.259 15.4425 7.50715 -1 100 9 11 2 -1 1 0 -1 -1 67.5 60.8241 66.3971 59.0806 1 85.7353 84.2046 10 
22 0.329829 67.0171 62.0349 253.519 15.8661 7.9222 -1 100 9 11 2 -1 1 0 -1 -1 67.6471 62.6203 66.3971 60.8317 1 85.7353 84.2046 10 
23 0.329829 67.0171 62.0349 260.05 16.0792 8.24933 -1 100 9 11 2 -1 1 0 -1 -1 67.6471 62.6203 66.3971 60.8317 1 85.7353 84.2046 10 
24 0.315403 68.4597 63.115 271.889 16.449 8.67207 -1 100 9 11 2 -1 1 0 -1 -1 68.5294 62.3539 66.7647 60.2367 1 85.7353 84.2046 10 
25 0.3 70 65.1244 284.671 16.8418 9.08508 -1 100 9 11 2 -1 1 0 -1 -1 69.8529 64.0175 66.9853 61.1838 1 85.7353 84.2046 10 
26 0.3 70 65.1244 289.867 16.9975 9.41314 -1 100 9 11 2 -1 1 0 -1 -1 69.8529 64.0175 66.9853 61.1838 1 85.7353 84.2046 10 
27 0.3 70 65.1244 297.538 17.2194 9.78901 -1 100 9 11 2 -1 1 0 -1 -1 69.8529 64.0175 66.9853 61.1838 1 85.7353 84.2046 10 
28 0.3 70 65.1244 303.473 17.3949 10.1351 -1 100 9 11 2 -1 1 0 -1 -1 69.8529 64.0175 66.9853 61.1838 1 85.7353 84.2046 10 
29 0.3 70 65.1244 307.866 17.5211 10.4645 -1 100 9 11 2 -1 1 0 -1 -1 69.8529 64.0175 66.9853 61.1838 1 85.7353 84.2046 10 
30 0.294621 70.5379 65.9671 321.097 17.902 10.922 -1 100 9 11 2 -1 1 0 -1 -1 70.7353 65.6982 68.3824 63.2451 1 85.7353 84.2046 10 
31 0.294621 70.5379 65.9671 328.906 18.1207 11.309 -1 100 9 11 2 -1 1 0 -1 -1 70.7353 65.6982 68.3824 63.2451 1 85.7353 84.2046 10 
32 0.294621 70.5379 65.9671 342.479 18.4829 11.7594 -1 100 9 11 2 -1 1 0 -1 -1 70.7353 65.6982 68.3824 63.2451 1 85.7353 84.2046 10 
33 0.273105 72.6895 68.0749 350.041 18.6896 12.1417 -1 100 9 11 2 -1 1 0 -1 -1 72.5735 67.4183 71.3235 66.2263 1 85.7353 84.2046 10 
34 0.273105 72.6895 68.0749 356.892 18.872 12.5289 -1 100 9 11 2 -1 1 0 -1 -1 72.5735 67.4183 71.3235 66.2263 1 85.7353 84.2046 10 
35 0.273105 72.6895 68.0749 362.158 19.0087 12.8831 -1 100 9 11 2 -1 1 0 -1 -1 72.5735 67.4183 71.3235 66.2263 1 85.7353 84.2046 10 
36 0.273105 72.6895 68.0749 366.869 19.1315 13.2475 -1 100 9 11 2 -1 1 0 -1 -1 72.5735 67.4183 71.3235 66.2263 1 85.7353 84.2046 10 
37 0.26088 73.912 68.3328 376.23 19.377 13.6901 -1 100 9 11 2 -1 1 0 -1 -1 72.5735 66.3427 72.2059 65.8112 1 85.7353 84.2046 10 
38 0.26088 73.912 68.3328 385.376 19.6008 14.1075 -1 100 9 11 2 -1 1 0 -1 -1 72.5735 66.3427 72.2059 65.8112 1 85.7353 84.2046 10 
39 0.259169 74.0831 68.6114 390.625 19.732 14.4722 -1 100 9 11 2 -1 1 0 -1 -1 73.1618 66.9885 71.8382 65.563 1 85.7353 84.2046 10 
40 0.268704 73.1296 69.1061 394.427 19.83 14.8325 -1 100 9 11 2 -1 1 0 -1 -1 71.8382 67.5122 70.9559 66.2443 1 85.7353 84.2046 10 
41 0.268704 73.1296 69.1061 397.066 19.8955 15.166 -1 100 9 11 2 -1 1 0 -1 -1 71.8382 67.5122 70.9559 66.2443 1 85.7353 84.2046 10 
42 0.27066 72.934 69.5549 401.016 19.9924 15.5242 -1 100 9 11 2 -1 1 0 -1 -1 71.9118 68.3687 71.3235 67.4277 1 85.7353 84.2046 10 
43 0.244254 75.5746 72.0634 408.733 20.1822 15.9393 -1 100 9 11 2 -1 1 0 -1 -1 73.8971 70.2361 74.0441 70.0122 1 85.7353 84.2046 10 
44 0.244254 75.5746 72.0634 415.335 20.336 16.3452 -1 100 9 11 2 -1 1 0 -1 -1 73.8971 70.2361 74.0441 70.0122 1 85.7353 84.2046 10 
45 0.244254 75.5746 72.0634 415.521 20.3426 16.6621 -1 100 9 11 2 -1 1 0 -1 -1 73.8971 70.2361 74.0441 70.0122 1 85.7353 84.2046 10 
46 0.244254 75.5746 72.0634 419.536 20.4433 17.0421 -1 100 9 11 2 -1 1 0 -1 -1 73.8971 70.2361 74.0441 70.0122 1 85.7353 84.2046 10 
47 0.244254 75.5746 72.0634 421.333 20.486 17.4031 -1 100 9 11 2 -1 1 0 -1 -1 73.8971 70.2361 74.0441 70.0122 1 85.7353 84.2046 10 
48 0.244254 75.5746 72.0634 420.579 20.4674 17.6985 -1 100 9 11 2 -1 1 0 -1 -1 73.8971 70.2361 74.0441 70.0122 1 85.7353 84.2046 10 
49 0.244254 75.5746 72.0634 421.738 20.4924 18.0434 -1 100 9 11 2 -1 1 0 -1 -1 73.8971 70.2361 74.0441 70.0122 1 85.7353 84.2046 10 
50 0.226161 77.3839 74.6379 430.296 20.7018 18.5322 -1 100 9 11 2 -1 1 0 -1 -1 75.5882 72.4286 75.3676 72.3913 1 85.7353 84.2046 10 
51 0.226161 77.3839 74.6379 432.631 20.7533 18.9079 -1 100 9 11 2 -1 1 0 -1 -1 75.5882 72.4286 75.3676 72.3913 1 85.7353 84.2046 10 
52 0.211491 78.8509 75.8142 441.365 20.9623 19.3882 -1 100 9 11 2 -1 1 0 -1 -1 77.1324 73.5551 76.9118 73.8263 1 85.7353 84.2046 10 
53 0.213203 78.6797 76.4312 442.336 20.9892 19.7397 -1 100 9 11 2 -1 1 0 -1 -1 78.3824 75.8395 77.7206 75.4769 1 85.7353 84.2046 10 
54 0.213203 78.6797 76.4312 442.295 20.9907 20.117 -1 100 9 11 2 -1 1 0 -1 -1 78.3824 75.8395 77.7206 75.4769 1 85.7353 84.2046 10 
55 0.213203 78.6797 76.4312 444.202 21.0306 20.53 -1 100 9 11 2 -1 1 0 -1 -1 78.3824 75.8395 77.7206 75.4769 1 85.7353 84.2046 10 
56 0.213203 78.6797 76.4312 444.487 21.0383 20.9052 -1 100 9 11 2 -1 1 0 -1 -1 78.3824 75.8395 77.7206 75.4769 1 85.7353 84.2046 10 
57 0.213203 78.6797 76.4312 446.884 21.101 21.3502 -1 100 9 11 2 -1 1 0 -1 -1 78.3824 75.8395 77.7206 75.4769 1 85.7353 84.2046 10 
58 0.213203 78.6797 76.4312 447.73 21.1239 21.7777 -1 100 9 11 2 -1 1 0 -1 -1 78.3824 75.8395 77.7206 75.4769 1 85.7353 84.2046 10 
59 0.200489 79.9511 77.6704 448.683 21.1487 22.1837 -1 100 9 11 2 -1 1 0 -1 -1 79.2647 76.6998 78.6765 76.4013 1 85.7353 84.2046 10 
60 0.200489 79.9511 77.6704 447.651 21.1253 22.5686 -1 100 9 11 2 -1 1 0 -1 -1 79.2647 76.6998 78.6765 76.4013 1 85.7353 84.2046 10 
