# Created by main.cpp, 2016-06-26.14:45:29
# name: results
# type: matrix
# rows: 150
# columns: 26
1 0.534343 46.5657 33.7302 12.695 3.41 0.341 0 100 9 5.4 2 1 1 -1 0 0 47.9091 34.7032 6.94111e-310 33.2607 1 93.7591 93.1556 4.29497e+09 20 
2 0.487374 51.2626 35.8408 21.081 4.48405 0.6225 0 100 9 5.45 2 1 1 -1 0 0 51.4545 36.2888 6.94111e-310 35.3763 2 93.7591 93.1556 4.29497e+09 20 
3 0.391919 60.8081 40.5087 32.9475 5.69433 0.9655 0 100 9 5.55 2 1 1 -1 0 0 59.1818 41.0416 6.94111e-310 40.1482 3 93.7591 93.1556 4.29497e+09 20 
4 0.338081 66.1919 48.3988 53.0296 7.13536 1.3705 0 100 9 5.4 2 1 1 -1 0 0 64.6364 49.1904 6.94111e-310 48.5537 4 93.7591 93.1556 4.29497e+09 20 
5 0.297677 70.2323 54.257 70.2793 8.25251 1.7525 0 100 9 5.25 2 1 1 -1 0 0 68.4545 55.1521 6.94111e-310 54.9685 5 93.7591 93.1556 4.29497e+09 20 
6 0.280808 71.9192 58.0614 83.2615 9.01508 2.088 0 100 9 6.45 2 1 1 -1 0 0 70.5455 59.3494 6.94111e-310 59.205 6 93.7591 93.1556 4.29497e+09 20 
7 0.280505 71.9495 58.1553 94.3987 9.6109 2.4265 0 100 9 6.05 2 1 1 -1 0 0 70.5455 59.3494 6.94111e-310 59.205 7 93.7591 93.1556 4.29497e+09 20 
8 0.284343 71.5657 59.0501 104.309 10.1248 2.745 0 100 9 5.9 2 1 1 -1 0 0 70.6364 60.5912 6.94111e-310 59.8306 8 93.7591 93.1556 4.29497e+09 20 
9 0.278283 72.1717 61.7787 119.128 10.8322 3.1255 0 100 9 6.55 2 1 1 -1 0 0 71.4545 63.0213 6.94111e-310 62.1274 9 93.7591 93.1556 4.29497e+09 20 
10 0.269495 73.0505 62.7872 130.721 11.3525 3.4775 0 100 9 5.85 2 1 1 -1 0 0 72.0909 63.8392 6.94111e-310 63.0993 10 93.7591 93.1556 4.29497e+09 20 
11 0.272121 72.7879 63.588 139.551 11.74 3.769 0 100 9 6.7 2 1 1 -1 0 0 72.1818 64.5396 6.94111e-310 63.2475 11 93.7591 93.1556 4.29497e+09 20 
12 0.259495 74.0505 66.0752 151.003 12.2209 4.1025 0 100 9 5.95 2 1 1 -1 0 0 73.4545 66.8962 6.94111e-310 65.9261 12 93.7591 93.1556 4.29497e+09 20 
13 0.227273 77.2727 70.7408 170.862 12.9929 4.5325 0 100 9 6.65 2 1 1 -1 0 0 76.5455 71.0626 6.94111e-310 70.7656 13 93.7591 93.1556 4.29497e+09 20 
14 0.221919 77.8081 71.2444 183.289 13.4384 4.891 0 100 9 6.65 2 1 1 -1 0 0 76.9091 71.3836 6.94111e-310 71.5324 14 93.7591 93.1556 4.29497e+09 20 
15 0.212222 78.7778 72.1766 194.728 13.8392 5.2355 0 100 9 6.55 2 1 1 -1 0 0 77.2727 71.7208 6.94111e-310 72.7081 15 93.7591 93.1556 4.29497e+09 20 
16 0.211313 78.8687 72.3089 208.445 14.3195 5.622 0 100 9 6.6 2 1 1 -1 0 0 77 71.494 6.94111e-310 72.614 16 93.7591 93.1556 4.29497e+09 20 
17 0.211313 78.8687 72.3089 214.825 14.5449 5.9135 0 100 9 6.5 2 1 1 -1 0 0 77 71.494 6.94111e-310 72.614 17 93.7591 93.1556 4.29497e+09 20 
18 0.20697 79.303 73.428 222.715 14.8266 6.238 0 100 9 6.5 2 1 1 -1 0 0 77.7273 73.0619 6.94111e-310 73.8177 18 93.7591 93.1556 4.29497e+09 20 
19 0.20697 79.303 73.428 231.981 15.1225 6.575 0 100 9 6.85 2 1 1 -1 0 0 77.7273 73.0619 6.94111e-310 73.8177 19 93.7591 93.1556 4.29497e+09 20 
20 0.20697 79.303 73.428 239.289 15.3612 6.908 0 100 9 6.5 2 1 1 -1 0 0 77.7273 73.0619 6.94111e-310 73.8177 20 93.7591 93.1556 4.29497e+09 20 
21 0.20697 79.303 73.428 246.082 15.5885 7.2245 0 100 9 6.85 2 1 1 -1 0 0 77.7273 73.0619 6.94111e-310 73.8177 21 93.7591 93.1556 4.29497e+09 20 
22 0.194848 80.5152 75.8415 256.574 15.9328 7.598 0 100 9 6.85 2 1 1 -1 0 0 79 75.4185 6.94111e-310 76.36 22 93.7591 93.1556 4.29497e+09 20 
23 0.177374 82.2626 77.6411 265.553 16.2136 7.9295 0 100 9 7.05 2 1 1 -1 0 0 80.3636 76.8607 6.94111e-310 78.4282 23 93.7591 93.1556 4.29497e+09 20 
24 0.177374 82.2626 77.6411 278.057 16.5861 8.3255 0 100 9 7.05 2 1 1 -1 0 0 80.3636 76.8607 6.94111e-310 78.4282 24 93.7591 93.1556 4.29497e+09 20 
25 0.166768 83.3232 78.3362 285.27 16.8042 8.657 0 100 9 7 2 1 1 -1 0 0 81.1818 77.4736 6.94111e-310 79.6095 25 93.7591 93.1556 4.29497e+09 20 
26 0.166768 83.3232 78.3362 291.253 16.9866 8.9925 0 100 9 7 2 1 1 -1 0 0 81.1818 77.4736 6.94111e-310 79.6095 26 93.7591 93.1556 4.29497e+09 20 
27 0.144848 85.5152 80.6044 302.552 17.3176 9.3745 0 100 9 7 2 1 1 -1 0 0 83.0909 79.5598 6.94111e-310 82.0758 27 93.7591 93.1556 4.29497e+09 20 
28 0.144848 85.5152 80.6044 308.521 17.4891 9.714 0 100 9 7 2 1 1 -1 0 0 83.0909 79.5598 6.94111e-310 82.0758 28 93.7591 93.1556 4.29497e+09 20 
29 0.144848 85.5152 80.6044 313.391 17.6289 10.039 0 100 9 7 2 1 1 -1 0 0 83.0909 79.5598 6.94111e-310 82.0758 29 93.7591 93.1556 4.29497e+09 20 
30 0.144848 85.5152 80.6044 319.119 17.7872 10.359 0 100 9 7 2 1 1 -1 0 0 83.0909 79.5598 6.94111e-310 82.0758 30 93.7591 93.1556 4.29497e+09 20 
31 0.14202 85.798 81.2417 330.425 18.1 10.768 0 100 9 7.35 2 1 1 -1 0 0 83.1818 79.8709 6.94111e-310 82.1701 31 93.7591 93.1556 4.29497e+09 20 
32 0.141313 85.8687 81.3227 339.511 18.3495 11.149 0 100 9 7.4 2 1 1 -1 0 0 83.1818 79.8991 6.94111e-310 82.217 32 93.7591 93.1556 4.29497e+09 20 
33 0.141313 85.8687 81.3227 344.662 18.4883 11.5075 0 100 9 7.4 2 1 1 -1 0 0 83.1818 79.8991 6.94111e-310 82.217 33 93.7591 93.1556 4.29497e+09 20 
34 0.123535 87.6465 84.5849 355.489 18.7933 11.8865 0 100 9 7.55 2 1 1 -1 0 0 84.8182 82.4549 6.94111e-310 85.4039 34 93.7591 93.1556 4.29497e+09 20 
35 0.123535 87.6465 84.5849 359.645 18.9002 12.196 0 100 9 7.55 2 1 1 -1 0 0 84.8182 82.4549 6.94111e-310 85.4039 35 93.7591 93.1556 4.29497e+09 20 
36 0.123535 87.6465 84.5849 365.314 19.0504 12.5525 0 100 9 7.55 2 1 1 -1 0 0 84.8182 82.4549 6.94111e-310 85.4039 36 93.7591 93.1556 4.29497e+09 20 
37 0.123535 87.6465 84.5849 367.686 19.1121 12.8575 0 100 9 7.55 2 1 1 -1 0 0 84.8182 82.4549 6.94111e-310 85.4039 37 93.7591 93.1556 4.29497e+09 20 
38 0.123535 87.6465 84.5849 371.137 19.2019 13.1885 0 100 9 7.55 2 1 1 -1 0 0 84.8182 82.4549 6.94111e-310 85.4039 38 93.7591 93.1556 4.29497e+09 20 
39 0.123535 87.6465 84.5849 377.467 19.3699 13.5645 0 100 9 7.55 2 1 1 -1 0 0 84.8182 82.4549 6.94111e-310 85.4039 39 93.7591 93.1556 4.29497e+09 20 
40 0.123535 87.6465 84.5849 380.499 19.4415 13.8915 0 100 9 7.55 2 1 1 -1 0 0 84.8182 82.4549 6.94111e-310 85.4039 40 93.7591 93.1556 4.29497e+09 20 
41 0.123535 87.6465 84.5849 384.669 19.5493 14.229 0 100 9 7.55 2 1 1 -1 0 0 84.8182 82.4549 6.94111e-310 85.4039 41 93.7591 93.1556 4.29497e+09 20 
42 0.123535 87.6465 84.5849 391.77 19.7348 14.611 0 100 9 7.55 2 1 1 -1 0 0 84.8182 82.4549 6.94111e-310 85.4039 42 93.7591 93.1556 4.29497e+09 20 
43 0.118485 88.1515 85.3527 402.442 20.0011 15.032 0 100 9 7.25 2 1 1 -1 0 0 85.2727 83.0475 6.94111e-310 85.8857 43 93.7591 93.1556 4.29497e+09 20 
44 0.118485 88.1515 85.3527 409.795 20.1719 15.429 0 100 9 7.25 2 1 1 -1 0 0 85.2727 83.0475 6.94111e-310 85.8857 44 93.7591 93.1556 4.29497e+09 20 
45 0.118485 88.1515 85.3527 411.654 20.2206 15.728 0 100 9 7.25 2 1 1 -1 0 0 85.2727 83.0475 6.94111e-310 85.8857 45 93.7591 93.1556 4.29497e+09 20 
46 0.117576 88.2424 85.469 412.622 20.2454 16.0555 0 100 9 7.5 2 1 1 -1 0 0 85.4545 83.3316 6.94111e-310 86.012 46 93.7591 93.1556 4.29497e+09 20 
47 0.117576 88.2424 85.469 415.45 20.3155 16.388 0 100 9 7.5 2 1 1 -1 0 0 85.4545 83.3316 6.94111e-310 86.012 47 93.7591 93.1556 4.29497e+09 20 
48 0.115152 88.4848 87.4256 421.594 20.477 16.78 0 100 9 7.25 2 1 1 -1 0 0 85 83.9087 6.94111e-310 87.7438 48 93.7591 93.1556 4.29497e+09 20 
49 0.115152 88.4848 87.4256 421.534 20.4771 17.0905 0 100 9 7.25 2 1 1 -1 0 0 85 83.9087 6.94111e-310 87.7438 49 93.7591 93.1556 4.29497e+09 20 
50 0.115152 88.4848 87.4256 428.814 20.6535 17.48 3.85 100 9 7.25 2 1 1 -1 0 0 85 83.9087 6.94111e-310 87.7438 50 93.7591 93.1556 4.29497e+09 20 
51 0.115152 88.4848 87.4256 434.052 20.7913 17.871 9.5 100 9 7.25 2 1 1 -1 0 0 85 83.9087 6.94111e-310 87.7438 51 93.7591 93.1556 4.29497e+09 20 
52 0.115152 88.4848 87.4256 432.998 20.7673 18.1735 13.25 100 9 7.25 2 1 1 -1 0 0 85 83.9087 6.94111e-310 87.7438 52 93.7591 93.1556 4.29497e+09 20 
53 0.115152 88.4848 87.4256 434.692 20.8089 18.518 17.075 100 9 7.25 2 1 1 -1 0 0 85 83.9087 6.94111e-310 87.7438 53 93.7591 93.1556 4.29497e+09 20 
