# Created by main.cpp, 2016-06-29.10:15:12
# name: results
# type: matrix
# rows: 150
# columns: 16
1 0 36.1616 26.5579 0.638384 34.3066 25.5435 0.656934 27.2727 21.4286 0.727273 7.29 0.27 100 1 1 
2 0 36.1616 26.5579 0.638384 34.3066 25.5435 0.656934 27.2727 21.4286 0.727273 14.4327 0.54 100 6 1 
3 0 36.1616 26.5579 0.638384 34.3066 25.5435 0.656934 27.2727 21.4286 0.727273 21.4282 0.81 100 1 1 
4 0 36.1616 26.5579 0.638384 34.3066 25.5435 0.656934 27.2727 21.4286 0.727273 28.2764 1.08 100 9 1 
5 0 36.1616 26.5579 0.638384 34.3066 25.5435 0.656934 27.2727 21.4286 0.727273 28.7418 1.16 100 6 1 
6 0 36.1616 26.5579 0.638384 34.3066 25.5435 0.656934 27.2727 21.4286 0.727273 35.3991 1.43 100 10 1 
7 0 36.1616 26.5579 0.638384 34.3066 25.5435 0.656934 27.2727 21.4286 0.727273 41.9091 1.7 100 1 1 
8 0 63.8384 38.9642 0.361616 65.6934 39.6476 0.343066 72.7273 42.1053 0.272727 55.7797 2.09 100 3 1 
9 0 68.4848 51.4877 0.315152 70.073 52.0447 0.29927 74.5455 48.8032 0.254545 79.6364 2.6 100 4 1 
10 0 68.4848 51.4877 0.315152 70.073 52.0447 0.29927 74.5455 48.8032 0.254545 85.5082 2.87 100 4 1 
11 0 68.4848 51.4877 0.315152 70.073 52.0447 0.29927 74.5455 48.8032 0.254545 91.2327 3.14 100 4 1 
12 0 68.4848 51.4877 0.315152 70.073 52.0447 0.29927 74.5455 48.8032 0.254545 103.969 3.53 100 4 1 
13 0 68.4848 51.4877 0.315152 70.073 52.0447 0.29927 74.5455 48.8032 0.254545 109.333 3.8 100 4 1 
14 0 68.4848 51.4877 0.315152 70.073 52.0447 0.29927 74.5455 48.8032 0.254545 121.549 4.19 100 4 1 
15 0 68.4848 51.4877 0.315152 70.073 52.0447 0.29927 74.5455 48.8032 0.254545 133.458 4.58 100 4 1 
16 0 68.4848 51.4877 0.315152 70.073 52.0447 0.29927 74.5455 48.8032 0.254545 138.25 4.85 100 4 1 
17 0 68.4848 51.4877 0.315152 70.073 52.0447 0.29927 74.5455 48.8032 0.254545 143.819 5.14 100 4 1 
18 0 68.4848 51.4877 0.315152 70.073 52.0447 0.29927 74.5455 48.8032 0.254545 154.979 5.53 100 4 1 
19 0 68.4848 51.4877 0.315152 70.073 52.0447 0.29927 74.5455 48.8032 0.254545 170.202 5.98 100 4 1 
20 0 68.4848 51.4877 0.315152 70.073 52.0447 0.29927 74.5455 48.8032 0.254545 174.23 6.25 100 4 1 
21 0 68.4848 51.4877 0.315152 70.073 52.0447 0.29927 74.5455 48.8032 0.254545 177.323 6.5 100 4 1 
22 0 68.4848 51.4877 0.315152 70.073 52.0447 0.29927 74.5455 48.8032 0.254545 188.749 6.91 100 4 1 
23 0 68.4848 51.4877 0.315152 70.073 52.0447 0.29927 74.5455 48.8032 0.254545 188.303 7 100 4 1 
24 0 68.4848 51.4877 0.315152 70.073 52.0447 0.29927 74.5455 48.8032 0.254545 197.998 7.39 100 4 1 
25 0 68.4848 51.4877 0.315152 70.073 52.0447 0.29927 74.5455 48.8032 0.254545 207.385 7.78 100 4 1 
26 0 68.4848 51.4877 0.315152 70.073 52.0447 0.29927 74.5455 48.8032 0.254545 210.432 8.05 100 4 1 
27 0 68.4848 51.4877 0.315152 70.073 52.0447 0.29927 74.5455 48.8032 0.254545 219.299 8.44 100 4 1 
28 0 91.3131 90.3277 0.0868687 94.8905 94.2413 0.0510949 92.7273 91.1859 0.0727273 284.954 9.34 100 10 1 
29 0 91.3131 90.3277 0.0868687 94.8905 94.2413 0.0510949 92.7273 91.1859 0.0727273 292.805 9.73 100 10 1 
30 0 91.3131 90.3277 0.0868687 94.8905 94.2413 0.0510949 92.7273 91.1859 0.0727273 294.788 10 100 10 1 
31 0 91.3131 90.3277 0.0868687 94.8905 94.2413 0.0510949 92.7273 91.1859 0.0727273 302.119 10.39 100 10 1 
32 0 91.3131 90.3277 0.0868687 94.8905 94.2413 0.0510949 92.7273 91.1859 0.0727273 309.143 10.78 100 10 1 
33 0 91.3131 90.3277 0.0868687 94.8905 94.2413 0.0510949 92.7273 91.1859 0.0727273 310.553 11.05 100 10 1 
34 0 91.3131 90.3277 0.0868687 94.8905 94.2413 0.0510949 92.7273 91.1859 0.0727273 317.057 11.44 100 10 1 
35 0 91.3131 90.3277 0.0868687 94.8905 94.2413 0.0510949 92.7273 91.1859 0.0727273 321.697 11.8 100 10 1 
36 0 91.3131 90.3277 0.0868687 94.8905 94.2413 0.0510949 92.7273 91.1859 0.0727273 322.551 12.07 100 10 1 
37 0 91.3131 90.3277 0.0868687 94.8905 94.2413 0.0510949 92.7273 91.1859 0.0727273 328.251 12.46 100 10 1 
38 0 91.3131 90.3277 0.0868687 94.8905 94.2413 0.0510949 92.7273 91.1859 0.0727273 333.644 12.85 100 10 1 
39 0 91.3131 90.3277 0.0868687 94.8905 94.2413 0.0510949 92.7273 91.1859 0.0727273 333.174 13.09 100 10 1 
40 0 91.3131 90.3277 0.0868687 94.8905 94.2413 0.0510949 92.7273 91.1859 0.0727273 338.07 13.48 100 10 1 
41 0 91.3131 90.3277 0.0868687 94.8905 94.2413 0.0510949 92.7273 91.1859 0.0727273 338.008 13.75 100 10 1 
42 0 91.3131 90.3277 0.0868687 94.8905 94.2413 0.0510949 92.7273 91.1859 0.0727273 342.384 14.14 100 10 1 
43 0 91.3131 90.3277 0.0868687 94.8905 94.2413 0.0510949 92.7273 91.1859 0.0727273 341.962 14.41 100 10 1 
44 0 91.3131 90.3277 0.0868687 94.8905 94.2413 0.0510949 92.7273 91.1859 0.0727273 341.392 14.68 100 10 1 
45 0 91.3131 90.3277 0.0868687 94.8905 94.2413 0.0510949 92.7273 91.1859 0.0727273 345.035 15.07 100 10 1 
46 0 91.3131 90.3277 0.0868687 94.8905 94.2413 0.0510949 92.7273 91.1859 0.0727273 344.105 15.34 100 10 1 
47 0 91.3131 90.3277 0.0868687 94.8905 94.2413 0.0510949 92.7273 91.1859 0.0727273 347.229 15.73 100 10 1 
48 0 91.3131 90.3277 0.0868687 94.8905 94.2413 0.0510949 92.7273 91.1859 0.0727273 345.939 16 100 10 1 
49 0 91.3131 90.3277 0.0868687 94.8905 94.2413 0.0510949 92.7273 91.1859 0.0727273 348.543 16.39 100 10 1 
50 0 91.3131 90.3277 0.0868687 94.8905 94.2413 0.0510949 92.7273 91.1859 0.0727273 346.893 16.66 100 10 1 
51 0 91.3131 90.3277 0.0868687 94.8905 94.2413 0.0510949 92.7273 91.1859 0.0727273 355.738 17.17 100 10 1 
52 0 91.3131 90.3277 0.0868687 94.8905 94.2413 0.0510949 92.7273 91.1859 0.0727273 385.973 17.92 100 10 1 
53 0 91.3131 90.3277 0.0868687 94.8905 94.2413 0.0510949 92.7273 91.1859 0.0727273 383.489 18.19 100 10 1 
54 0 91.3131 90.3277 0.0868687 94.8905 94.2413 0.0510949 92.7273 91.1859 0.0727273 380.857 18.46 100 10 1 
55 0 91.3131 90.3277 0.0868687 94.8905 94.2413 0.0510949 92.7273 91.1859 0.0727273 425.479 19.34 100 10 1 
56 0 91.3131 90.3277 0.0868687 94.8905 94.2413 0.0510949 92.7273 91.1859 0.0727273 425.452 19.73 100 10 1 
57 0 91.3131 90.3277 0.0868687 94.8905 94.2413 0.0510949 92.7273 91.1859 0.0727273 425.117 20.12 100 10 1 
58 0 91.3131 90.3277 0.0868687 94.8905 94.2413 0.0510949 92.7273 91.1859 0.0727273 424.475 20.51 100 10 1 
59 0 91.3131 90.3277 0.0868687 94.8905 94.2413 0.0510949 92.7273 91.1859 0.0727273 423.525 20.9 100 10 1 
60 0 91.3131 90.3277 0.0868687 94.8905 94.2413 0.0510949 92.7273 91.1859 0.0727273 419.415 21.17 100 10 1 
61 0 91.3131 90.3277 0.0868687 94.8905 94.2413 0.0510949 92.7273 91.1859 0.0727273 415.158 21.44 100 10 1 
62 0 91.3131 90.3277 0.0868687 94.8905 94.2413 0.0510949 92.7273 91.1859 0.0727273 410.753 21.71 100 10 1 
63 0 91.3131 90.3277 0.0868687 94.8905 94.2413 0.0510949 92.7273 91.1859 0.0727273 408.859 22.1 100 10 1 
64 0 91.3131 90.3277 0.0868687 94.8905 94.2413 0.0510949 92.7273 91.1859 0.0727273 404.094 22.37 100 10 1 
65 0 91.3131 90.3277 0.0868687 94.8905 94.2413 0.0510949 92.7273 91.1859 0.0727273 399.182 22.64 100 10 1 
66 0 91.3131 90.3277 0.0868687 94.8905 94.2413 0.0510949 92.7273 91.1859 0.0727273 394.123 22.91 100 10 1 
67 0 91.3131 90.3277 0.0868687 94.8905 94.2413 0.0510949 92.7273 91.1859 0.0727273 391.283 23.3 100 10 1 
68 0 91.3131 90.3277 0.0868687 94.8905 94.2413 0.0510949 92.7273 91.1859 0.0727273 388.135 23.69 100 10 1 
69 0 91.3131 90.3277 0.0868687 94.8905 94.2413 0.0510949 92.7273 91.1859 0.0727273 382.503 23.96 100 10 1 
70 0 91.3131 90.3277 0.0868687 94.8905 94.2413 0.0510949 92.7273 91.1859 0.0727273 378.836 24.35 100 10 1 
71 0 91.3131 90.3277 0.0868687 94.8905 94.2413 0.0510949 92.7273 91.1859 0.0727273 372.844 24.62 100 10 1 
72 0 91.3131 90.3277 0.0868687 94.8905 94.2413 0.0510949 92.7273 91.1859 0.0727273 366.705 24.89 100 10 1 
73 0 91.3131 90.3277 0.0868687 94.8905 94.2413 0.0510949 92.7273 91.1859 0.0727273 360.419 25.16 100 10 1 
74 0 91.3131 90.3277 0.0868687 94.8905 94.2413 0.0510949 92.7273 91.1859 0.0727273 355.806 25.55 100 10 1 
75 0 91.3131 90.3277 0.0868687 94.8905 94.2413 0.0510949 92.7273 91.1859 0.0727273 349.159 25.82 100 10 1 
