# Created by main.cpp, 2016-06-26.14:43:40
# name: results
# type: matrix
# rows: 150
# columns: 25
0 0.288326 47.7017 33.6061 0 0 0 -1 -1 9 1 1 1 1 -1 -1 -1 47.0221 32.9901 47.9044 33.1111 0 93.1618 92.3951 20 
1 0.153507 65.6479 41.3669 0 0 0 -1 -1 9 1.6 1 1 1 -1 -1 -1 65.5515 41.2342 67.2059 41.7926 1 93.1618 92.3951 20 
2 0.153507 65.6479 41.3669 0 0 0 -1 -1 9 1.6 1 1 1 -1 -1 -1 65.5515 41.2342 67.2059 41.7926 2 93.1618 92.3951 20 
3 0.149695 66.7848 44.0951 0 0 0 -1 -1 9 1.6 1 1 1 -1 -1 -1 67.0588 44.4974 68.4559 44.8058 3 93.1618 92.3951 20 
4 0.0717024 85.11 79.085 0 0 0 -1 -1 9 1.9 1 1 1 -1 -1 -1 85.2206 79.9479 85.9559 80.8976 4 93.1618 92.3951 20 
5 0.0704008 86.1736 80.6897 0 0 0 -1 -1 9 1.9 1 1 1 -1 -1 -1 86.2132 81.2817 85.3676 80.5022 5 93.1618 92.3951 20 
6 0.0561057 89.9267 88.0516 0 0 0 -1 -1 9 1.95 1 1 1 -1 -1 -1 90.2574 88.8016 89.4853 88.2757 6 93.1618 92.3951 20 
7 0.0530127 90.2445 88.4245 0 0 0 -1 -1 9 1.95 1 1 1 -1 -1 -1 90.7353 89.378 89.5588 88.3537 7 93.1618 92.3951 20 
8 0.052111 90.4156 88.6585 0 0 0 -1 -1 9 1.95 1 1 1 -1 -1 -1 90.9559 89.6319 89.3382 88.1209 8 93.1618 92.3951 20 
9 0.0379418 90.8313 89.1846 0 0 0 -1 -1 9 2 1 1 1 -1 -1 -1 91.7647 90.5486 90.6985 89.5479 9 93.1618 92.3951 20 
10 0.0348871 91.5159 90.0591 0 0 0 -1 -1 9 2 1 1 1 -1 -1 -1 92.0588 90.9649 90.6985 89.6346 10 93.1618 92.3951 20 
11 0.0342471 91.7237 90.3341 0 0 0 -1 -1 9 2 1 1 1 -1 -1 -1 92.2426 91.1714 91.4338 90.4014 11 93.1618 92.3951 20 
12 0.0256194 93.8386 93.0951 0 0 0 -1 -1 9 2 1 1 1 -1 -1 -1 93.3824 92.7004 92.1691 91.3734 12 93.1618 92.3951 20 
13 0.0254607 93.8509 93.1146 0 0 0 -1 -1 9 2 1 1 1 -1 -1 -1 93.5294 92.8516 92.4265 91.6592 13 93.1618 92.3951 20 
14 0.0246176 93.9364 93.2195 0 0 0 -1 -1 9 2 1 1 1 -1 -1 -1 93.8603 93.2349 92.6103 91.8545 14 93.1618 92.3951 20 
15 0.0226314 94.0954 93.4174 0 0 0 -1 -1 9 2 1 1 1 -1 -1 -1 94.1176 93.5268 93.0515 92.3103 15 93.1618 92.3951 20 
16 0.0205091 94.2176 93.5725 0 0 0 -1 -1 9 2 1 1 1 -1 -1 -1 94.3382 93.7689 93.0147 92.2634 16 93.1618 92.3951 20 
17 0.019958 94.2298 93.5892 0 0 0 -1 -1 9 2 1 1 1 -1 -1 -1 94.375 93.8121 93.0515 92.3089 17 93.1618 92.3951 20 
18 0.019958 94.2298 93.5892 0 0 0 -1 -1 9 2 1 1 1 -1 -1 -1 94.375 93.8121 93.0515 92.3089 18 93.1618 92.3951 20 
19 0.019958 94.2298 93.5892 0 0 0 -1 -1 9 2 1 1 1 -1 -1 -1 94.375 93.8121 93.0515 92.3089 19 93.1618 92.3951 20 
20 0.019958 94.2298 93.5892 0 0 0 -1 -1 9 2 1 1 1 -1 -1 -1 94.375 93.8121 93.0515 92.3089 20 93.1618 92.3951 20 
21 0.019958 94.2298 93.5892 0 0 0 -1 -1 9 2 1 1 1 -1 -1 -1 94.375 93.8121 93.0515 92.3089 21 93.1618 92.3951 20 
22 0.019958 94.2298 93.5892 0 0 0 -1 -1 9 2 1 1 1 -1 -1 -1 94.375 93.8121 93.0515 92.3089 22 93.1618 92.3951 20 
23 0.019958 94.2298 93.5892 0 0 0 -1 -1 9 2 1 1 1 -1 -1 -1 94.375 93.8121 93.0515 92.3089 23 93.1618 92.3951 20 
24 0.019958 94.2298 93.5892 0 0 0 -1 -1 9 2 1 1 1 -1 -1 -1 94.375 93.8121 93.0515 92.3089 24 93.1618 92.3951 20 
25 0.0192543 94.2298 93.5943 0 0 0 -1 -1 9 2 1 1 1 -1 -1 -1 94.5588 94.0157 93.0882 92.3488 25 93.1618 92.3951 20 
26 0.0192543 94.2298 93.5943 0 0 0 -1 -1 9 2 1 1 1 -1 -1 -1 94.5588 94.0157 93.0882 92.3488 26 93.1618 92.3951 20 
27 0.0192543 94.2298 93.5943 0 0 0 -1 -1 9 2 1 1 1 -1 -1 -1 94.5588 94.0157 93.0882 92.3488 27 93.1618 92.3951 20 
28 0.0192543 94.2298 93.5943 0 0 0 -1 -1 9 2 1 1 1 -1 -1 -1 94.5588 94.0157 93.0882 92.3488 28 93.1618 92.3951 20 
29 0.0192543 94.2298 93.5943 0 0 0 -1 -1 9 2 1 1 1 -1 -1 -1 94.5588 94.0157 93.0882 92.3488 29 93.1618 92.3951 20 
30 0.0182844 94.2787 93.6503 0 0 0 -1 -1 9 2 1 1 1 -1 -1 -1 94.6324 94.0959 92.9779 92.2137 30 93.1618 92.3951 20 
31 0.0182844 94.2787 93.6503 0 0 0 -1 -1 9 2 1 1 1 -1 -1 -1 94.6324 94.0959 92.9779 92.2137 31 93.1618 92.3951 20 
32 0.0182844 94.2787 93.6503 0 0 0 -1 -1 9 2 1 1 1 -1 -1 -1 94.6324 94.0959 92.9779 92.2137 32 93.1618 92.3951 20 
33 0.0182844 94.2787 93.6503 0 0 0 -1 -1 9 2 1 1 1 -1 -1 -1 94.6324 94.0959 92.9779 92.2137 33 93.1618 92.3951 20 
34 0.0182844 94.2787 93.6503 0 0 0 -1 -1 9 2 1 1 1 -1 -1 -1 94.6324 94.0959 92.9779 92.2137 34 93.1618 92.3951 20 
35 0.0182844 94.2787 93.6503 0 0 0 -1 -1 9 2 1 1 1 -1 -1 -1 94.6324 94.0959 92.9779 92.2137 35 93.1618 92.3951 20 
36 0.0182844 94.2787 93.6503 0 0 0 -1 -1 9 2 1 1 1 -1 -1 -1 94.6324 94.0959 92.9779 92.2137 36 93.1618 92.3951 20 
37 0.0182844 94.2787 93.6503 0 0 0 -1 -1 9 2 1 1 1 -1 -1 -1 94.6324 94.0959 92.9779 92.2137 37 93.1618 92.3951 20 
38 0.0182844 94.2787 93.6503 0 0 0 -1 -1 9 2 1 1 1 -1 -1 -1 94.6324 94.0959 92.9779 92.2137 38 93.1618 92.3951 20 
39 0.0182844 94.2787 93.6503 0 0 0 -1 -1 9 2 1 1 1 -1 -1 -1 94.6324 94.0959 92.9779 92.2137 39 93.1618 92.3951 20 
40 0.0182844 94.2787 93.6503 0 0 0 -1 -1 9 2 1 1 1 -1 -1 -1 94.6324 94.0959 92.9779 92.2137 40 93.1618 92.3951 20 
41 0.0182549 94.2787 93.6513 0 0 0 -1 -1 9 2.05 1 1 1 -1 -1 -1 94.6691 94.1391 92.9412 92.1761 41 93.1618 92.3951 20 
42 0.0182743 94.2543 93.624 0 0 0 -1 -1 9 2.1 1 1 1 -1 -1 -1 94.7059 94.1787 92.9044 92.1348 42 93.1618 92.3951 20 
43 0.0182743 94.2543 93.624 0 0 0 -1 -1 9 2.1 1 1 1 -1 -1 -1 94.7059 94.1787 92.9044 92.1348 43 93.1618 92.3951 20 
44 0.0182743 94.2543 93.624 0 0 0 -1 -1 9 2.1 1 1 1 -1 -1 -1 94.7059 94.1787 92.9044 92.1348 44 93.1618 92.3951 20 
45 0.0182743 94.2543 93.624 0 0 0 -1 -1 9 2.1 1 1 1 -1 -1 -1 94.7059 94.1787 92.9044 92.1348 45 93.1618 92.3951 20 
46 0.0182743 94.2543 93.624 0 0 0 -1 -1 9 2.1 1 1 1 -1 -1 -1 94.7059 94.1787 92.9044 92.1348 46 93.1618 92.3951 20 
47 0.0183801 94.2298 93.5934 0 0 0 -1 -1 9 2.15 1 1 1 -1 -1 -1 94.7426 94.2161 93.0515 92.2942 47 93.1618 92.3951 20 
48 0.0183801 94.2298 93.5934 0 0 0 -1 -1 9 2.15 1 1 1 -1 -1 -1 94.7426 94.2161 93.0515 92.2942 48 93.1618 92.3951 20 
49 0.0183801 94.2298 93.5934 0 0 0 -1 -1 9 2.15 1 1 1 -1 -1 -1 94.7426 94.2161 93.0515 92.2942 49 93.1618 92.3951 20 
50 0.0181112 94.3032 93.6749 0 0 0 -1 -1 9 2.2 1 1 1 -1 -1 -1 94.7794 94.2567 93.0515 92.2991 50 93.1618 92.3951 20 
51 0.0181112 94.3032 93.6749 0 0 0 -1 -1 9 2.2 1 1 1 -1 -1 -1 94.7794 94.2567 93.0515 92.2991 51 93.1618 92.3951 20 
52 0.0181112 94.3032 93.6749 0 0 0 -1 -1 9 2.2 1 1 1 -1 -1 -1 94.7794 94.2567 93.0515 92.2991 52 93.1618 92.3951 20 
53 0.0181112 94.3032 93.6749 0 0 0 -1 -1 9 2.2 1 1 1 -1 -1 -1 94.7794 94.2567 93.0515 92.2991 53 93.1618 92.3951 20 
54 0.0181112 94.3032 93.6749 0 0 0 -1 -1 9 2.2 1 1 1 -1 -1 -1 94.7794 94.2567 93.0515 92.2991 54 93.1618 92.3951 20 
55 0.0181112 94.3032 93.6749 0 0 0 -1 -1 9 2.2 1 1 1 -1 -1 -1 94.7794 94.2567 93.0515 92.2991 55 93.1618 92.3951 20 
56 0.0181112 94.3032 93.6749 0 0 0 -1 -1 9 2.2 1 1 1 -1 -1 -1 94.7794 94.2567 93.0515 92.2991 56 93.1618 92.3951 20 
57 0.0181112 94.3032 93.6749 0 0 0 -1 -1 9 2.2 1 1 1 -1 -1 -1 94.7794 94.2567 93.0515 92.2991 57 93.1618 92.3951 20 
58 0.0181112 94.3032 93.6749 0 0 0 -1 -1 9 2.2 1 1 1 -1 -1 -1 94.7794 94.2567 93.0515 92.2991 58 93.1618 92.3951 20 
59 0.0181112 94.3032 93.6749 0 0 0 -1 -1 9 2.2 1 1 1 -1 -1 -1 94.7794 94.2567 93.0515 92.2991 59 93.1618 92.3951 20 
60 0.0181112 94.3032 93.6749 0 0 0 -1 -1 9 2.2 1 1 1 -1 -1 -1 94.7794 94.2567 93.0515 92.2991 60 93.1618 92.3951 20 
61 0.0181112 94.3032 93.6749 0 0 0 -1 -1 9 2.2 1 1 1 -1 -1 -1 94.7794 94.2567 93.0515 92.2991 61 93.1618 92.3951 20 
62 0.0181112 94.3032 93.6749 0 0 0 -1 -1 9 2.2 1 1 1 -1 -1 -1 94.7794 94.2567 93.0515 92.2991 62 93.1618 92.3951 20 
63 0.0181112 94.3032 93.6749 0 0 0 -1 -1 9 2.2 1 1 1 -1 -1 -1 94.7794 94.2567 93.0515 92.2991 63 93.1618 92.3951 20 
64 0.0181112 94.3032 93.6749 0 0 0 -1 -1 9 2.2 1 1 1 -1 -1 -1 94.7794 94.2567 93.0515 92.2991 64 93.1618 92.3951 20 
65 0.0181112 94.3032 93.6749 0 0 0 -1 -1 9 2.2 1 1 1 -1 -1 -1 94.7794 94.2567 93.0515 92.2991 65 93.1618 92.3951 20 
66 0.0181112 94.3032 93.6749 0 0 0 -1 -1 9 2.2 1 1 1 -1 -1 -1 94.7794 94.2567 93.0515 92.2991 66 93.1618 92.3951 20 
67 0.0181112 94.3032 93.6749 0 0 0 -1 -1 9 2.2 1 1 1 -1 -1 -1 94.7794 94.2567 93.0515 92.2991 67 93.1618 92.3951 20 
