# Created by main.cpp, 2016-06-29.10:15:09
# name: results
# type: matrix
# rows: 150
# columns: 25
0 35.4523 26.1733 0.645477 0 0 0 -1 -1 9 1 1 1 1 -1 -1 -1 36.7647 26.8817 0.632353 32.3529 24.4444 0.676471 0 1 
1 64.5477 39.2273 0.354523 0 0 0 -1 -1 9 2 1 1 1 -1 -1 -1 63.2353 38.7387 0.367647 67.6471 40.3509 0.323529 1 1 
2 64.5477 39.2273 0.354523 0 0 0 -1 -1 9 2 1 1 1 -1 -1 -1 63.2353 38.7387 0.367647 67.6471 40.3509 0.323529 2 1 
3 64.5477 39.2273 0.354523 0 0 0 -1 -1 9 2 1 1 1 -1 -1 -1 63.2353 38.7387 0.367647 67.6471 40.3509 0.323529 3 1 
4 92.665 91.6757 0.0733496 0 0 0 -1 -1 9 2 1 1 1 -1 -1 -1 90.4412 89.1447 0.0955882 90.4412 88.877 0.0955882 4 1 
5 92.665 91.6757 0.0733496 0 0 0 -1 -1 9 2 1 1 1 -1 -1 -1 90.4412 89.1447 0.0955882 90.4412 88.877 0.0955882 5 1 
6 92.665 91.6757 0.0733496 0 0 0 -1 -1 9 2 1 1 1 -1 -1 -1 90.4412 89.1447 0.0955882 90.4412 88.877 0.0955882 6 1 
7 94.132 93.5275 0.0586797 0 0 0 -1 -1 9 2 1 1 1 -1 -1 -1 91.9118 91.3381 0.0808824 88.9706 88.089 0.110294 7 1 
8 94.3765 93.7659 0.0562347 0 0 0 -1 -1 9 2 1 1 1 -1 -1 -1 92.6471 92.093 0.0735294 91.1765 90.2462 0.0882353 8 1 
9 94.3765 93.7659 0.0562347 0 0 0 -1 -1 9 2 1 1 1 -1 -1 -1 92.6471 92.093 0.0735294 91.1765 90.2462 0.0882353 9 1 
10 94.8655 94.308 0.0513447 0 0 0 -1 -1 9 2 1 1 1 -1 -1 -1 94.1176 93.6195 0.0588235 92.6471 91.7874 0.0735294 10 1 
11 94.8655 94.308 0.0513447 0 0 0 -1 -1 9 2 1 1 1 -1 -1 -1 94.1176 93.6195 0.0588235 92.6471 91.7874 0.0735294 11 1 
12 94.8655 94.308 0.0513447 0 0 0 -1 -1 9 2 1 1 1 -1 -1 -1 94.1176 93.6195 0.0588235 92.6471 91.7874 0.0735294 12 1 
13 94.8655 94.308 0.0513447 0 0 0 -1 -1 9 2 1 1 1 -1 -1 -1 94.1176 93.6195 0.0588235 92.6471 91.7874 0.0735294 13 1 
14 94.8655 94.308 0.0513447 0 0 0 -1 -1 9 2 1 1 1 -1 -1 -1 94.1176 93.6195 0.0588235 92.6471 91.7874 0.0735294 14 1 
15 94.8655 94.308 0.0513447 0 0 0 -1 -1 9 2 1 1 1 -1 -1 -1 94.1176 93.6195 0.0588235 92.6471 91.7874 0.0735294 15 1 
16 94.8655 94.308 0.0513447 0 0 0 -1 -1 9 2 1 1 1 -1 -1 -1 94.1176 93.6195 0.0588235 92.6471 91.7874 0.0735294 16 1 
17 94.8655 94.308 0.0513447 0 0 0 -1 -1 9 2 1 1 1 -1 -1 -1 94.1176 93.6195 0.0588235 92.6471 91.7874 0.0735294 17 1 
18 94.8655 94.308 0.0513447 0 0 0 -1 -1 9 2 1 1 1 -1 -1 -1 94.1176 93.6195 0.0588235 92.6471 91.7874 0.0735294 18 1 
19 94.8655 94.308 0.0513447 0 0 0 -1 -1 9 2 1 1 1 -1 -1 -1 94.1176 93.6195 0.0588235 92.6471 91.7874 0.0735294 19 1 
20 94.8655 94.308 0.0513447 0 0 0 -1 -1 9 2 1 1 1 -1 -1 -1 94.1176 93.6195 0.0588235 92.6471 91.7874 0.0735294 20 1 
21 94.8655 94.308 0.0513447 0 0 0 -1 -1 9 2 1 1 1 -1 -1 -1 94.1176 93.6195 0.0588235 92.6471 91.7874 0.0735294 21 1 
22 94.8655 94.308 0.0513447 0 0 0 -1 -1 9 2 1 1 1 -1 -1 -1 94.1176 93.6195 0.0588235 92.6471 91.7874 0.0735294 22 1 
23 95.3545 94.8501 0.0464548 0 0 0 -1 -1 9 2 1 1 1 -1 -1 -1 94.8529 94.3918 0.0514706 92.6471 91.4979 0.0735294 23 1 
24 95.3545 94.8501 0.0464548 0 0 0 -1 -1 9 2 1 1 1 -1 -1 -1 94.8529 94.3918 0.0514706 92.6471 91.4979 0.0735294 24 1 
25 95.3545 94.8501 0.0464548 0 0 0 -1 -1 9 2 1 1 1 -1 -1 -1 94.8529 94.3918 0.0514706 92.6471 91.4979 0.0735294 25 1 
26 95.3545 94.8501 0.0464548 0 0 0 -1 -1 9 2 1 1 1 -1 -1 -1 94.8529 94.3918 0.0514706 92.6471 91.4979 0.0735294 26 1 
27 95.3545 94.8501 0.0464548 0 0 0 -1 -1 9 2 1 1 1 -1 -1 -1 94.8529 94.3918 0.0514706 92.6471 91.4979 0.0735294 27 1 
28 95.3545 94.8501 0.0464548 0 0 0 -1 -1 9 2 1 1 1 -1 -1 -1 94.8529 94.3918 0.0514706 92.6471 91.4979 0.0735294 28 1 
29 95.3545 94.8501 0.0464548 0 0 0 -1 -1 9 2 1 1 1 -1 -1 -1 94.8529 94.3918 0.0514706 92.6471 91.4979 0.0735294 29 1 
30 95.3545 94.8501 0.0464548 0 0 0 -1 -1 9 2 1 1 1 -1 -1 -1 94.8529 94.3918 0.0514706 92.6471 91.4979 0.0735294 30 1 
31 95.3545 94.8501 0.0464548 0 0 0 -1 -1 9 2 1 1 1 -1 -1 -1 94.8529 94.3918 0.0514706 92.6471 91.4979 0.0735294 31 1 
32 95.3545 94.8501 0.0464548 0 0 0 -1 -1 9 2 1 1 1 -1 -1 -1 94.8529 94.3918 0.0514706 92.6471 91.4979 0.0735294 32 1 
33 95.3545 94.8501 0.0464548 0 0 0 -1 -1 9 2 1 1 1 -1 -1 -1 94.8529 94.3918 0.0514706 92.6471 91.4979 0.0735294 33 1 
34 95.3545 94.8501 0.0464548 0 0 0 -1 -1 9 2 1 1 1 -1 -1 -1 94.8529 94.3918 0.0514706 92.6471 91.4979 0.0735294 34 1 
35 95.3545 94.8501 0.0464548 0 0 0 -1 -1 9 2 1 1 1 -1 -1 -1 94.8529 94.3918 0.0514706 92.6471 91.4979 0.0735294 35 1 
36 95.3545 94.8501 0.0464548 0 0 0 -1 -1 9 2 1 1 1 -1 -1 -1 94.8529 94.3918 0.0514706 92.6471 91.4979 0.0735294 36 1 
37 95.3545 94.8501 0.0464548 0 0 0 -1 -1 9 2 1 1 1 -1 -1 -1 94.8529 94.3918 0.0514706 92.6471 91.4979 0.0735294 37 1 
38 95.3545 94.8501 0.0464548 0 0 0 -1 -1 9 2 1 1 1 -1 -1 -1 94.8529 94.3918 0.0514706 92.6471 91.4979 0.0735294 38 1 
39 95.3545 94.8501 0.0464548 0 0 0 -1 -1 9 2 1 1 1 -1 -1 -1 94.8529 94.3918 0.0514706 92.6471 91.4979 0.0735294 39 1 
40 95.3545 94.8501 0.0464548 0 0 0 -1 -1 9 2 1 1 1 -1 -1 -1 94.8529 94.3918 0.0514706 92.6471 91.4979 0.0735294 40 1 
41 95.3545 94.8501 0.0464548 0 0 0 -1 -1 9 2 1 1 1 -1 -1 -1 94.8529 94.3918 0.0514706 92.6471 91.4979 0.0735294 41 1 
42 95.3545 94.8501 0.0464548 0 0 0 -1 -1 9 2 1 1 1 -1 -1 -1 94.8529 94.3918 0.0514706 92.6471 91.4979 0.0735294 42 1 
43 95.3545 94.8501 0.0464548 0 0 0 -1 -1 9 2 1 1 1 -1 -1 -1 94.8529 94.3918 0.0514706 92.6471 91.4979 0.0735294 43 1 
44 95.3545 94.8501 0.0464548 0 0 0 -1 -1 9 2 1 1 1 -1 -1 -1 94.8529 94.3918 0.0514706 92.6471 91.4979 0.0735294 44 1 
45 95.3545 94.8501 0.0464548 0 0 0 -1 -1 9 2 1 1 1 -1 -1 -1 94.8529 94.3918 0.0514706 92.6471 91.4979 0.0735294 45 1 
46 95.3545 94.8501 0.0464548 0 0 0 -1 -1 9 2 1 1 1 -1 -1 -1 94.8529 94.3918 0.0514706 92.6471 91.4979 0.0735294 46 1 
47 95.3545 94.8501 0.0464548 0 0 0 -1 -1 9 2 1 1 1 -1 -1 -1 94.8529 94.3918 0.0514706 92.6471 91.4979 0.0735294 47 1 
48 95.3545 94.8501 0.0464548 0 0 0 -1 -1 9 2 1 1 1 -1 -1 -1 94.8529 94.3918 0.0514706 92.6471 91.4979 0.0735294 48 1 
49 95.3545 94.8501 0.0464548 0 0 0 -1 -1 9 2 1 1 1 -1 -1 -1 94.8529 94.3918 0.0514706 92.6471 91.4979 0.0735294 49 1 
50 95.3545 94.8501 0.0464548 0 0 0 -1 -1 9 2 1 1 1 -1 -1 -1 94.8529 94.3918 0.0514706 92.6471 91.4979 0.0735294 50 1 
51 95.3545 94.8501 0.0464548 0 0 0 -1 -1 9 2 1 1 1 -1 -1 -1 94.8529 94.3918 0.0514706 92.6471 91.4979 0.0735294 51 1 
52 95.3545 94.8501 0.0464548 0 0 0 -1 -1 9 2 1 1 1 -1 -1 -1 94.8529 94.3918 0.0514706 92.6471 91.4979 0.0735294 52 1 
53 95.3545 94.8501 0.0464548 0 0 0 -1 -1 9 2 1 1 1 -1 -1 -1 94.8529 94.3918 0.0514706 92.6471 91.4979 0.0735294 53 1 
54 95.3545 94.8501 0.0464548 0 0 0 -1 -1 9 2 1 1 1 -1 -1 -1 94.8529 94.3918 0.0514706 92.6471 91.4979 0.0735294 54 1 
55 95.3545 94.8501 0.0464548 0 0 0 -1 -1 9 2 1 1 1 -1 -1 -1 94.8529 94.3918 0.0514706 92.6471 91.4979 0.0735294 55 1 
56 95.3545 94.8501 0.0464548 0 0 0 -1 -1 9 2 1 1 1 -1 -1 -1 94.8529 94.3918 0.0514706 92.6471 91.4979 0.0735294 56 1 
57 95.3545 94.8501 0.0464548 0 0 0 -1 -1 9 2 1 1 1 -1 -1 -1 94.8529 94.3918 0.0514706 92.6471 91.4979 0.0735294 57 1 
58 95.3545 94.8501 0.0464548 0 0 0 -1 -1 9 2 1 1 1 -1 -1 -1 94.8529 94.3918 0.0514706 92.6471 91.4979 0.0735294 58 1 
59 95.3545 94.8501 0.0464548 0 0 0 -1 -1 9 2 1 1 1 -1 -1 -1 94.8529 94.3918 0.0514706 92.6471 91.4979 0.0735294 59 1 
60 95.3545 94.8501 0.0464548 0 0 0 -1 -1 9 2 1 1 1 -1 -1 -1 94.8529 94.3918 0.0514706 92.6471 91.4979 0.0735294 60 1 
61 95.3545 94.8501 0.0464548 0 0 0 -1 -1 9 2 1 1 1 -1 -1 -1 94.8529 94.3918 0.0514706 92.6471 91.4979 0.0735294 61 1 
62 95.3545 94.8501 0.0464548 0 0 0 -1 -1 9 2 1 1 1 -1 -1 -1 94.8529 94.3918 0.0514706 92.6471 91.4979 0.0735294 62 1 
63 95.3545 94.8501 0.0464548 0 0 0 -1 -1 9 2 1 1 1 -1 -1 -1 94.8529 94.3918 0.0514706 92.6471 91.4979 0.0735294 63 1 
64 95.3545 94.8501 0.0464548 0 0 0 -1 -1 9 2 1 1 1 -1 -1 -1 94.8529 94.3918 0.0514706 92.6471 91.4979 0.0735294 64 1 
65 95.3545 94.8501 0.0464548 0 0 0 -1 -1 9 2 1 1 1 -1 -1 -1 94.8529 94.3918 0.0514706 92.6471 91.4979 0.0735294 65 1 
66 95.3545 94.8501 0.0464548 0 0 0 -1 -1 9 2 1 1 1 -1 -1 -1 94.8529 94.3918 0.0514706 92.6471 91.4979 0.0735294 66 1 
