# Created by main.cpp, 2016-06-29.10:15:11
# name: results
# type: matrix
# rows: 150
# columns: 16
1 0 33.5354 25.1135 0.664646 39.4161 28.2723 0.605839 30.9091 23.6111 0.690909 6.25 0.25 100 1 1 
2 0 33.5354 25.1135 0.664646 39.4161 28.2723 0.605839 30.9091 23.6111 0.690909 12.3737 0.5 100 6 1 
3 0 33.5354 25.1135 0.664646 39.4161 28.2723 0.605839 30.9091 23.6111 0.690909 18.3712 0.75 100 1 1 
4 0 33.5354 25.1135 0.664646 39.4161 28.2723 0.605839 30.9091 23.6111 0.690909 24.2424 1 100 9 1 
5 0 33.5354 25.1135 0.664646 39.4161 28.2723 0.605839 30.9091 23.6111 0.690909 24.591 1.07 100 6 1 
6 0 33.5354 25.1135 0.664646 39.4161 28.2723 0.605839 30.9091 23.6111 0.690909 30.3006 1.32 100 10 1 
7 0 33.5354 25.1135 0.664646 39.4161 28.2723 0.605839 30.9091 23.6111 0.690909 35.8839 1.57 100 1 1 
8 0 66.4646 39.9272 0.335354 60.5839 37.7273 0.394161 69.0909 40.8602 0.309091 50.6153 1.97 100 3 1 
9 0 71.7172 54.7697 0.282828 64.2336 47.0792 0.357664 69.0909 40.8602 0.309091 78.6764 2.52 100 4 1 
10 0 71.7172 54.7697 0.282828 64.2336 47.0792 0.357664 69.0909 40.8602 0.309091 83.6536 2.77 100 4 1 
11 0 71.7172 54.7697 0.282828 64.2336 47.0792 0.357664 69.0909 40.8602 0.309091 88.5046 3.02 100 4 1 
12 0 71.7172 54.7697 0.282828 64.2336 47.0792 0.357664 69.0909 40.8602 0.309091 102.064 3.42 100 4 1 
13 0 71.7172 54.7697 0.282828 64.2336 47.0792 0.357664 69.0909 40.8602 0.309091 106.587 3.67 100 4 1 
14 0 71.7172 54.7697 0.282828 64.2336 47.0792 0.357664 69.0909 40.8602 0.309091 119.621 4.07 100 4 1 
15 0 71.7172 54.7697 0.282828 64.2336 47.0792 0.357664 69.0909 40.8602 0.309091 132.332 4.47 100 4 1 
16 0 71.7172 54.7697 0.282828 64.2336 47.0792 0.357664 69.0909 40.8602 0.309091 136.325 4.72 100 4 1 
17 0 71.7172 54.7697 0.282828 64.2336 47.0792 0.357664 69.0909 40.8602 0.309091 142.464 5.02 100 4 1 
18 0 71.7172 54.7697 0.282828 64.2336 47.0792 0.357664 69.0909 40.8602 0.309091 154.408 5.42 100 4 1 
19 0 71.7172 54.7697 0.282828 64.2336 47.0792 0.357664 69.0909 40.8602 0.309091 170.531 5.88 100 4 1 
20 0 71.7172 54.7697 0.282828 64.2336 47.0792 0.357664 69.0909 40.8602 0.309091 173.811 6.13 100 4 1 
21 0 71.7172 54.7697 0.282828 64.2336 47.0792 0.357664 69.0909 40.8602 0.309091 176.253 6.36 100 4 1 
22 0 71.7172 54.7697 0.282828 64.2336 47.0792 0.357664 69.0909 40.8602 0.309091 188.497 6.78 100 4 1 
23 0 71.7172 54.7697 0.282828 64.2336 47.0792 0.357664 69.0909 40.8602 0.309091 188.041 6.86 100 4 1 
24 0 71.7172 54.7697 0.282828 64.2336 47.0792 0.357664 69.0909 40.8602 0.309091 198.497 7.26 100 4 1 
25 0 71.7172 54.7697 0.282828 64.2336 47.0792 0.357664 69.0909 40.8602 0.309091 208.631 7.66 100 4 1 
26 0 71.7172 54.7697 0.282828 64.2336 47.0792 0.357664 69.0909 40.8602 0.309091 211.012 7.91 100 4 1 
27 0 71.7172 54.7697 0.282828 64.2336 47.0792 0.357664 69.0909 40.8602 0.309091 220.62 8.31 100 4 1 
28 0 92.9293 91.9061 0.0707071 90.5109 89.9634 0.0948905 87.2727 83.61 0.127273 289.815 9.23 100 10 1 
29 0 92.9293 91.9061 0.0707071 90.5109 89.9634 0.0948905 87.2727 83.61 0.127273 298.357 9.63 100 10 1 
30 0 92.9293 91.9061 0.0707071 90.5109 89.9634 0.0948905 87.2727 83.61 0.127273 299.743 9.88 100 10 1 
31 0 92.9293 91.9061 0.0707071 90.5109 89.9634 0.0948905 87.2727 83.61 0.127273 307.759 10.28 100 10 1 
32 0 92.9293 91.9061 0.0707071 90.5109 89.9634 0.0948905 87.2727 83.61 0.127273 315.452 10.68 100 10 1 
33 0 92.9293 91.9061 0.0707071 90.5109 89.9634 0.0948905 87.2727 83.61 0.127273 316.308 10.93 100 10 1 
34 0 92.9293 91.9061 0.0707071 90.5109 89.9634 0.0948905 87.2727 83.61 0.127273 323.476 11.33 100 10 1 
35 0 92.9293 91.9061 0.0707071 90.5109 89.9634 0.0948905 87.2727 83.61 0.127273 328.697 11.7 100 10 1 
36 0 92.9293 91.9061 0.0707071 90.5109 89.9634 0.0948905 87.2727 83.61 0.127273 329.038 11.95 100 10 1 
37 0 92.9293 91.9061 0.0707071 90.5109 89.9634 0.0948905 87.2727 83.61 0.127273 335.381 12.35 100 10 1 
38 0 92.9293 91.9061 0.0707071 90.5109 89.9634 0.0948905 87.2727 83.61 0.127273 341.402 12.75 100 10 1 
39 0 92.9293 91.9061 0.0707071 90.5109 89.9634 0.0948905 87.2727 83.61 0.127273 340.575 12.97 100 10 1 
40 0 92.9293 91.9061 0.0707071 90.5109 89.9634 0.0948905 87.2727 83.61 0.127273 346.094 13.37 100 10 1 
41 0 92.9293 91.9061 0.0707071 90.5109 89.9634 0.0948905 87.2727 83.61 0.127273 345.831 13.63 100 10 1 
42 0 92.9293 91.9061 0.0707071 90.5109 89.9634 0.0948905 87.2727 83.61 0.127273 350.817 14.03 100 10 1 
43 0 92.9293 91.9061 0.0707071 90.5109 89.9634 0.0948905 87.2727 83.61 0.127273 349.981 14.28 100 10 1 
44 0 92.9293 91.9061 0.0707071 90.5109 89.9634 0.0948905 87.2727 83.61 0.127273 349.019 14.53 100 10 1 
45 0 92.9293 91.9061 0.0707071 90.5109 89.9634 0.0948905 87.2727 83.61 0.127273 353.278 14.93 100 10 1 
46 0 92.9293 91.9061 0.0707071 90.5109 89.9634 0.0948905 87.2727 83.61 0.127273 351.987 15.18 100 10 1 
47 0 92.9293 91.9061 0.0707071 90.5109 89.9634 0.0948905 87.2727 83.61 0.127273 355.721 15.58 100 10 1 
48 0 92.9293 91.9061 0.0707071 90.5109 89.9634 0.0948905 87.2727 83.61 0.127273 354.102 15.83 100 10 1 
49 0 92.9293 91.9061 0.0707071 90.5109 89.9634 0.0948905 87.2727 83.61 0.127273 357.31 16.23 100 10 1 
50 0 92.9293 91.9061 0.0707071 90.5109 89.9634 0.0948905 87.2727 83.61 0.127273 355.363 16.48 100 10 1 
51 0 92.9293 91.9061 0.0707071 90.5109 89.9634 0.0948905 87.2727 83.61 0.127273 364.394 16.99 100 10 1 
52 0 92.9293 91.9061 0.0707071 90.5109 89.9634 0.0948905 87.2727 83.61 0.127273 393.755 17.73 100 10 1 
53 0 92.9293 91.9061 0.0707071 90.5109 89.9634 0.0948905 87.2727 83.61 0.127273 391.05 17.98 100 10 1 
54 0 92.9293 91.9061 0.0707071 90.5109 89.9634 0.0948905 87.2727 83.61 0.127273 388.219 18.23 100 10 1 
55 0 92.9293 91.9061 0.0707071 90.5109 89.9634 0.0948905 87.2727 83.61 0.127273 436.074 19.13 100 10 1 
56 0 92.9293 91.9061 0.0707071 90.5109 89.9634 0.0948905 87.2727 83.61 0.127273 436.615 19.53 100 10 1 
57 0 92.9293 91.9061 0.0707071 90.5109 89.9634 0.0948905 87.2727 83.61 0.127273 436.833 19.93 100 10 1 
58 0 92.9293 91.9061 0.0707071 90.5109 89.9634 0.0948905 87.2727 83.61 0.127273 436.728 20.33 100 10 1 
59 0 92.9293 91.9061 0.0707071 90.5109 89.9634 0.0948905 87.2727 83.61 0.127273 436.3 20.73 100 10 1 
60 0 92.9293 91.9061 0.0707071 90.5109 89.9634 0.0948905 87.2727 83.61 0.127273 432.08 20.98 100 10 1 
61 0 92.9293 91.9061 0.0707071 90.5109 89.9634 0.0948905 87.2727 83.61 0.127273 427.734 21.23 100 10 1 
62 0 92.9293 91.9061 0.0707071 90.5109 89.9634 0.0948905 87.2727 83.61 0.127273 423.262 21.48 100 10 1 
63 0 92.9293 91.9061 0.0707071 90.5109 89.9634 0.0948905 87.2727 83.61 0.127273 421.905 21.88 100 10 1 
64 0 92.9293 91.9061 0.0707071 90.5109 89.9634 0.0948905 87.2727 83.61 0.127273 417.104 22.13 100 10 1 
65 0 92.9293 91.9061 0.0707071 90.5109 89.9634 0.0948905 87.2727 83.61 0.127273 412.177 22.38 100 10 1 
66 0 92.9293 91.9061 0.0707071 90.5109 89.9634 0.0948905 87.2727 83.61 0.127273 407.124 22.63 100 10 1 
67 0 92.9293 91.9061 0.0707071 90.5109 89.9634 0.0948905 87.2727 83.61 0.127273 404.837 23.03 100 10 1 
68 0 92.9293 91.9061 0.0707071 90.5109 89.9634 0.0948905 87.2727 83.61 0.127273 402.227 23.43 100 10 1 
69 0 92.9293 91.9061 0.0707071 90.5109 89.9634 0.0948905 87.2727 83.61 0.127273 396.644 23.68 100 10 1 
70 0 92.9293 91.9061 0.0707071 90.5109 89.9634 0.0948905 87.2727 83.61 0.127273 393.509 24.08 100 10 1 
71 0 92.9293 91.9061 0.0707071 90.5109 89.9634 0.0948905 87.2727 83.61 0.127273 387.597 24.33 100 10 1 
72 0 92.9293 91.9061 0.0707071 90.5109 89.9634 0.0948905 87.2727 83.61 0.127273 381.559 24.58 100 10 1 
73 0 92.9293 91.9061 0.0707071 90.5109 89.9634 0.0948905 87.2727 83.61 0.127273 375.395 24.83 100 10 1 
74 0 92.9293 91.9061 0.0707071 90.5109 89.9634 0.0948905 87.2727 83.61 0.127273 371.33 25.23 100 10 1 
75 0 92.9293 91.9061 0.0707071 90.5109 89.9634 0.0948905 87.2727 83.61 0.127273 364.838 25.48 100 10 1 
76 0 92.9293 91.9061 0.0707071 90.5109 89.9634 0.0948905 87.2727 83.61 0.127273 359.973 25.87 100 10 1 
