# Created by main.cpp, 2016-06-26.14:44:05
# name: results
# type: matrix
# rows: 150
# columns: 26
1 0.548889 45.1111 34.1092 14.072 3.41 0.341 0 100 9 5.5 2 1 1 -1 0 0 44.4545 33.4905 6.94111e-310 35.2912 1 89.562 88.8538 1 20 
2 0.476162 52.3838 37.5953 23.6207 4.62309 0.6365 0 100 9 5.85 2 1 1 -1 0 0 52.5455 37.3098 6.94111e-310 37.3743 2 89.562 88.8538 1 20 
3 0.378384 62.1616 42.3392 35.146 5.79883 0.968 0 100 9 5.45 2 1 1 -1 0 0 63.8182 42.5747 6.94111e-310 40.7187 3 89.562 88.8538 1 20 
4 0.34798 65.202 44.9496 49.6994 6.94079 1.3435 0 100 9 5.45 2 1 1 -1 0 0 66.6364 44.9314 6.94111e-310 42.3277 4 89.562 88.8538 1 20 
5 0.305253 69.4747 50.8667 66.3839 8.00267 1.708 0 100 9 5.55 2 1 1 -1 0 0 70.5455 50.3239 6.94111e-310 47.9933 5 89.562 88.8538 1 20 
6 0.298182 70.1818 52.5351 79.8826 8.77677 2.0515 0 100 9 5.95 2 1 1 -1 0 0 71.0909 51.7692 6.94111e-310 49.3485 6 89.562 88.8538 1 20 
7 0.298182 70.1818 52.5351 89.4259 9.30673 2.358 0 100 9 5.7 2 1 1 -1 0 0 71.0909 51.7692 6.94111e-310 49.3485 7 89.562 88.8538 1 20 
8 0.285455 71.4545 55.0956 101.598 9.9327 2.6955 0 100 9 5.3 2 1 1 -1 0 0 72.1818 54.2023 6.94111e-310 51.8253 8 89.562 88.8538 1 20 
9 0.263434 73.6566 57.322 113.595 10.5238 3.0375 0 100 9 5.8 2 1 1 -1 0 0 74.0909 55.9702 6.94111e-310 54.2129 9 89.562 88.8538 1 20 
10 0.263434 73.6566 57.322 121.158 10.8854 3.335 0 100 9 5.15 2 1 1 -1 0 0 74.0909 55.9702 6.94111e-310 54.2129 10 89.562 88.8538 1 20 
11 0.273232 72.6768 57.391 129.292 11.2496 3.6425 0 100 9 6.1 2 1 1 -1 0 0 72.7273 55.7127 6.94111e-310 54.0867 11 89.562 88.8538 1 20 
12 0.260303 73.9697 59.9403 139.262 11.6883 3.95 0 100 9 5.25 2 1 1 -1 0 0 73.6364 57.8107 6.94111e-310 56.6073 12 89.562 88.8538 1 20 
13 0.239899 76.0101 63.373 158.185 12.4496 4.38 0 100 9 6.05 2 1 1 -1 0 0 75.8182 61.5391 6.94111e-310 60.9008 13 89.562 88.8538 1 20 
14 0.250404 74.9596 63.5135 170.15 12.9047 4.7355 0 100 9 5.95 2 1 1 -1 0 0 74.6364 61.6808 6.94111e-310 60.7873 14 89.562 88.8538 1 20 
15 0.213131 78.6869 68.6103 183.978 13.4252 5.092 0 100 9 6.05 2 1 1 -1 0 0 78.2727 66.6662 6.94111e-310 65.7802 15 89.562 88.8538 1 20 
16 0.213131 78.6869 68.6103 191.442 13.7101 5.4095 0 100 9 6.55 2 1 1 -1 0 0 78.2727 66.6662 6.94111e-310 65.7802 16 89.562 88.8538 1 20 
17 0.208687 79.1313 69.0742 200.803 14.0503 5.7535 0 100 9 7.1 2 1 1 -1 0 0 79 67.3973 6.94111e-310 66.3029 17 89.562 88.8538 1 20 
18 0.190808 80.9192 72.8589 213.263 14.4946 6.1315 0 100 9 6.4 2 1 1 -1 0 0 80.2727 70.579 6.94111e-310 69.9955 18 89.562 88.8538 1 20 
19 0.178889 82.1111 75.2908 222.917 14.839 6.4705 0 100 9 7.25 2 1 1 -1 0 0 81.4545 73.0953 6.94111e-310 72.7591 19 89.562 88.8538 1 20 
20 0.171616 82.8384 77.3226 235.008 15.2509 6.862 0 100 9 6.8 2 1 1 -1 0 0 82.1818 75.1774 6.94111e-310 74.6318 20 89.562 88.8538 1 20 
21 0.16303 83.697 78.1499 244.69 15.5719 7.2155 0 100 9 7 2 1 1 -1 0 0 82.9091 75.8373 6.94111e-310 75.3088 21 89.562 88.8538 1 20 
22 0.150303 84.9697 80.6678 255.468 15.9219 7.5765 0 100 9 7 2 1 1 -1 0 0 83.7273 77.7869 6.94111e-310 77.6042 22 89.562 88.8538 1 20 
23 0.15101 84.899 80.6693 263.745 16.1644 7.8995 0 100 9 7.05 2 1 1 -1 0 0 83.7273 77.7869 6.94111e-310 77.6042 23 89.562 88.8538 1 20 
24 0.145556 85.4444 81.1592 279.28 16.629 8.322 0 100 9 7.3 2 1 1 -1 0 0 83.9091 77.8028 6.94111e-310 78.1604 24 89.562 88.8538 1 20 
25 0.144242 85.5758 81.2325 289.524 16.9096 8.668 0 100 9 7.3 2 1 1 -1 0 0 83.7273 77.4148 6.94111e-310 78.2186 25 89.562 88.8538 1 20 
26 0.144242 85.5758 81.2325 294.105 17.0501 8.965 0 100 9 7.3 2 1 1 -1 0 0 83.7273 77.4148 6.94111e-310 78.2186 26 89.562 88.8538 1 20 
27 0.122323 87.7677 83.4868 308.071 17.4524 9.3725 0 100 9 7.3 2 1 1 -1 0 0 86.1818 79.9616 6.94111e-310 80.4899 27 89.562 88.8538 1 20 
28 0.121414 87.8586 83.5948 319.055 17.754 9.754 0 100 9 7.4 2 1 1 -1 0 0 85.9091 79.5828 6.94111e-310 80.2888 28 89.562 88.8538 1 20 
29 0.118182 88.1818 83.8337 327.043 17.9824 10.118 0 100 9 7.6 2 1 1 -1 0 0 85.9091 79.3119 6.94111e-310 80.3824 29 89.562 88.8538 1 20 
30 0.118081 88.1919 83.8706 340.227 18.3298 10.5255 0 100 9 7.2 2 1 1 -1 0 0 85.9091 79.3454 6.94111e-310 80.2142 30 89.562 88.8538 1 20 
31 0.118081 88.1919 83.8706 352.477 18.6521 10.9185 0 100 9 7.2 2 1 1 -1 0 0 85.9091 79.3454 6.94111e-310 80.2142 31 89.562 88.8538 1 20 
32 0.117778 88.2222 83.9673 361.69 18.893 11.282 0 100 9 7.15 2 1 1 -1 0 0 86.2727 79.9764 6.94111e-310 80.2354 32 89.562 88.8538 1 20 
33 0.117778 88.2222 83.9673 366.023 19.0113 11.618 0 100 9 7.15 2 1 1 -1 0 0 86.2727 79.9764 6.94111e-310 80.2354 33 89.562 88.8538 1 20 
34 0.113535 88.6465 84.6273 371.962 19.1701 11.9565 0 100 9 7.2 2 1 1 -1 0 0 86.3636 80.1441 6.94111e-310 80.7866 34 89.562 88.8538 1 20 
35 0.102222 89.7778 86.8042 379.124 19.3732 12.303 0 100 9 7.1 2 1 1 -1 0 0 87.1818 82.0937 6.94111e-310 82.8961 35 89.562 88.8538 1 20 
36 0.102222 89.7778 86.8042 387.017 19.5711 12.6925 0 100 9 7.1 2 1 1 -1 0 0 87.1818 82.0937 6.94111e-310 82.8961 36 89.562 88.8538 1 20 
37 0.102222 89.7778 86.8042 390.074 19.651 13.0225 0 100 9 7.1 2 1 1 -1 0 0 87.1818 82.0937 6.94111e-310 82.8961 37 89.562 88.8538 1 20 
38 0.102222 89.7778 86.8042 392.792 19.7223 13.3345 0 100 9 7.1 2 1 1 -1 0 0 87.1818 82.0937 6.94111e-310 82.8961 38 89.562 88.8538 1 20 
39 0.102222 89.7778 86.8042 399.028 19.8803 13.7005 0 100 9 7.1 2 1 1 -1 0 0 87.1818 82.0937 6.94111e-310 82.8961 39 89.562 88.8538 1 20 
40 0.101111 89.8889 86.9452 410.344 20.1639 14.1095 0 100 9 7.3 2 1 1 -1 0 0 87.3636 82.4136 6.94111e-310 83.1797 40 89.562 88.8538 1 20 
41 0.101111 89.8889 86.9452 413.24 20.2374 14.453 0 100 9 7.3 2 1 1 -1 0 0 87.3636 82.4136 6.94111e-310 83.1797 41 89.562 88.8538 1 20 
42 0.101111 89.8889 86.9452 418.102 20.3642 14.8095 0 100 9 7.3 2 1 1 -1 0 0 87.3636 82.4136 6.94111e-310 83.1797 42 89.562 88.8538 1 20 
43 0.101111 89.8889 86.9452 418.766 20.3812 15.107 0 100 9 7.3 2 1 1 -1 0 0 87.3636 82.4136 6.94111e-310 83.1797 43 89.562 88.8538 1 20 
44 0.100606 89.9394 86.9855 426.095 20.551 15.4955 0 100 9 7.55 2 1 1 -1 0 0 87.1818 82.1518 6.94111e-310 83.1905 44 89.562 88.8538 1 20 
45 0.0960606 90.3939 87.8064 429.166 20.6381 15.8225 0 100 9 7.55 2 1 1 -1 0 0 87.5455 82.8998 6.94111e-310 84.1495 45 89.562 88.8538 1 20 
46 0.0949495 90.5051 87.9323 430.894 20.6786 16.1495 0 100 9 7.8 2 1 1 -1 0 0 87.5455 82.8998 6.94111e-310 84.3454 46 89.562 88.8538 1 20 
47 0.0947475 90.5253 87.9351 438.347 20.8577 16.531 0 100 9 7.5 2 1 1 -1 0 0 87.3636 82.5802 6.94111e-310 84.2647 47 89.562 88.8538 1 20 
48 0.0993939 90.0606 88.7959 442.123 20.9582 16.9035 0 100 9 7.25 2 1 1 -1 0 0 87 83.8779 6.94111e-310 85.1121 48 89.562 88.8538 1 20 
49 0.0982828 90.1717 88.91 444.894 21.0203 17.2575 0 100 9 7.4 2 1 1 -1 0 0 87.0909 83.976 6.94111e-310 85.2928 49 89.562 88.8538 1 20 
50 0.0982828 90.1717 88.91 450.84 21.1632 17.632 4.075 100 9 7.4 2 1 1 -1 0 0 87.0909 83.976 6.94111e-310 85.2928 50 89.562 88.8538 1 20 
51 0.0978788 90.2121 88.9948 454.619 21.2629 18.019 10.4 100 9 7.25 2 1 1 -1 0 0 87.4545 84.5576 6.94111e-310 85.5794 51 89.562 88.8538 1 20 
52 0.0978788 90.2121 88.9948 454.543 21.2634 18.3365 14.825 100 9 7.25 2 1 1 -1 0 0 87.4545 84.5576 6.94111e-310 85.5794 52 89.562 88.8538 1 20 
53 0.0978788 90.2121 88.9948 455.84 21.2956 18.675 18.35 100 9 7.25 2 1 1 -1 0 0 87.4545 84.5576 6.94111e-310 85.5794 53 89.562 88.8538 1 20 
54 0.0978788 90.2121 88.9948 458.773 21.3545 19.0195 21.3 100 9 7.25 2 1 1 -1 0 0 87.4545 84.5576 6.94111e-310 85.5794 54 89.562 88.8538 1 20 
55 0.0978788 90.2121 88.9948 462.277 21.4317 19.3785 23.1 100 9 7.25 2 1 1 -1 0 0 87.4545 84.5576 6.94111e-310 85.5794 55 89.562 88.8538 1 20 
56 0.0978788 90.2121 88.9948 462.855 21.4463 19.741 24.275 100 9 7.25 2 1 1 -1 0 0 87.4545 84.5576 6.94111e-310 85.5794 56 89.562 88.8538 1 20 
57 0.0978788 90.2121 88.9948 460.337 21.3877 20.0105 24.5 100 9 7.25 2 1 1 -1 0 0 87.4545 84.5576 6.94111e-310 85.5794 57 89.562 88.8538 1 20 
