# Created by main.cpp, 2016-06-29.10:15:10
# name: results
# type: matrix
# rows: 100
# columns: 23
1 0 59.6577 37.366 13.8226 3.71787 0.37366 -1 100 9 11 2 -1 1 0 -1 -1 62.5 40.243 58.0882 38.3146 1 1 
2 0 64.5477 47.7291 36.0187 6.00156 0.850951 -1 100 9 11 2 -1 1 0 -1 -1 63.9706 46.9722 70.5882 50.991 1 1 
3 0 64.5477 47.7291 41.9565 6.47739 1.1046 -1 100 9 11 2 -1 1 0 -1 -1 63.9706 46.9722 70.5882 50.991 1 1 
4 0 64.5477 47.7291 57.3043 7.56996 1.50965 -1 100 9 11 2 -1 1 0 -1 -1 63.9706 46.9722 70.5882 50.991 1 1 
5 0 64.5477 47.7291 63.231 7.95179 1.77005 -1 100 9 11 2 -1 1 0 -1 -1 63.9706 46.9722 70.5882 50.991 1 1 
6 0 69.9267 62.0854 99.1936 9.9596 2.3909 -1 100 9 11 2 -1 1 0 -1 -1 69.8529 63.9584 65.4412 55.9992 1 1 
7 0 69.9267 62.0854 104.536 10.2243 2.64862 -1 100 9 11 2 -1 1 0 -1 -1 69.8529 63.9584 65.4412 55.9992 1 1 
8 0 69.9267 62.0854 109.737 10.4755 2.90612 -1 100 9 11 2 -1 1 0 -1 -1 69.8529 63.9584 65.4412 55.9992 1 1 
9 0 69.9267 62.0854 122.626 11.0737 3.29749 -1 100 9 11 2 -1 1 0 -1 -1 69.8529 63.9584 65.4412 55.9992 1 1 
10 0 69.9267 62.0854 127.442 11.289 3.55386 -1 100 9 11 2 -1 1 0 -1 -1 69.8529 63.9584 65.4412 55.9992 1 1 
11 0 69.9267 62.0854 132.686 11.5189 3.82269 -1 100 9 11 2 -1 1 0 -1 -1 69.8529 63.9584 65.4412 55.9992 1 1 
12 0 69.9267 62.0854 138.146 11.7536 4.09931 -1 100 9 11 2 -1 1 0 -1 -1 69.8529 63.9584 65.4412 55.9992 1 1 
13 0 69.9267 62.0854 150.415 12.2644 4.49517 -1 100 9 11 2 -1 1 0 -1 -1 69.8529 63.9584 65.4412 55.9992 1 1 
14 0 69.9267 62.0854 163.087 12.7706 4.90122 -1 100 9 11 2 -1 1 0 -1 -1 69.8529 63.9584 65.4412 55.9992 1 1 
15 0 69.9267 62.0854 167.529 12.9433 5.16825 -1 100 9 11 2 -1 1 0 -1 -1 69.8529 63.9584 65.4412 55.9992 1 1 
16 0 69.9267 62.0854 178.891 13.375 5.56322 -1 100 9 11 2 -1 1 0 -1 -1 69.8529 63.9584 65.4412 55.9992 1 1 
17 0 69.9267 62.0854 190.214 13.7918 5.96225 -1 100 9 11 2 -1 1 0 -1 -1 69.8529 63.9584 65.4412 55.9992 1 1 
18 0 69.9267 62.0854 194.046 13.93 6.22823 -1 100 9 11 2 -1 1 0 -1 -1 69.8529 63.9584 65.4412 55.9992 1 1 
19 0 69.9267 62.0854 203.981 14.2822 6.61412 -1 100 9 11 2 -1 1 0 -1 -1 69.8529 63.9584 65.4412 55.9992 1 1 
20 0 69.9267 62.0854 207.096 14.3908 6.87048 -1 100 9 11 2 -1 1 0 -1 -1 69.8529 63.9584 65.4412 55.9992 1 1 
21 0 69.9267 62.0854 226.613 15.0537 7.38928 -1 100 9 11 2 -1 1 0 -1 -1 69.8529 63.9584 65.4412 55.9992 1 1 
22 0 81.4181 77.0157 273.953 16.5515 8.15943 -1 100 9 11 2 -1 1 0 -1 -1 83.8235 79.5796 78.6765 72.3635 1 1 
23 0 81.4181 77.0157 276.47 16.6274 8.42135 -1 100 9 11 2 -1 1 0 -1 -1 83.8235 79.5796 78.6765 72.3635 1 1 
24 0 81.4181 77.0157 285.262 16.8897 8.81632 -1 100 9 11 2 -1 1 0 -1 -1 83.8235 79.5796 78.6765 72.3635 1 1 
25 0 81.4181 77.0157 285.5 16.8968 9.00707 -1 100 9 11 2 -1 1 0 -1 -1 83.8235 79.5796 78.6765 72.3635 1 1 
26 0 81.4181 77.0157 285.693 16.9024 9.19914 -1 100 9 11 2 -1 1 0 -1 -1 83.8235 79.5796 78.6765 72.3635 1 1 
27 0 81.4181 77.0157 287.573 16.958 9.45828 -1 100 9 11 2 -1 1 0 -1 -1 83.8235 79.5796 78.6765 72.3635 1 1 
28 0 81.4181 77.0157 290.37 17.0402 9.74715 -1 100 9 11 2 -1 1 0 -1 -1 83.8235 79.5796 78.6765 72.3635 1 1 
29 0 81.4181 77.0157 291.362 17.0693 9.98601 -1 100 9 11 2 -1 1 0 -1 -1 83.8235 79.5796 78.6765 72.3635 1 1 
30 0 81.4181 77.0157 303.222 17.4133 10.4474 -1 100 9 11 2 -1 1 0 -1 -1 83.8235 79.5796 78.6765 72.3635 1 1 
31 0 81.4181 77.0157 304.331 17.4451 10.7024 -1 100 9 11 2 -1 1 0 -1 -1 83.8235 79.5796 78.6765 72.3635 1 1 
32 0 81.4181 77.0157 344.943 18.5726 11.46 -1 100 9 11 2 -1 1 0 -1 -1 83.8235 79.5796 78.6765 72.3635 1 1 
33 0 81.4181 77.0157 351.731 18.7545 11.8621 -1 100 9 11 2 -1 1 0 -1 -1 83.8235 79.5796 78.6765 72.3635 1 1 
34 0 81.4181 77.0157 353.316 18.7967 12.1562 -1 100 9 11 2 -1 1 0 -1 -1 83.8235 79.5796 78.6765 72.3635 1 1 
35 0 81.4181 77.0157 355.286 18.849 12.466 -1 100 9 11 2 -1 1 0 -1 -1 83.8235 79.5796 78.6765 72.3635 1 1 
36 0 81.4181 77.0157 364.668 19.0963 12.9245 -1 100 9 11 2 -1 1 0 -1 -1 83.8235 79.5796 78.6765 72.3635 1 1 
37 0 81.4181 77.0157 364.874 19.1017 13.1934 -1 100 9 11 2 -1 1 0 -1 -1 83.8235 79.5796 78.6765 72.3635 1 1 
38 0 81.4181 77.0157 393.065 19.8259 13.8766 -1 100 9 11 2 -1 1 0 -1 -1 83.8235 79.5796 78.6765 72.3635 1 1 
39 0 81.4181 77.0157 392.567 19.8133 14.1377 -1 100 9 11 2 -1 1 0 -1 -1 83.8235 79.5796 78.6765 72.3635 1 1 
40 0 81.4181 77.0157 397.403 19.935 14.5436 -1 100 9 11 2 -1 1 0 -1 -1 83.8235 79.5796 78.6765 72.3635 1 1 
41 0 81.4181 77.0157 401.358 20.0339 14.9386 -1 100 9 11 2 -1 1 0 -1 -1 83.8235 79.5796 78.6765 72.3635 1 1 
42 0 81.4181 77.0157 399.191 19.9798 15.1192 -1 100 9 11 2 -1 1 0 -1 -1 83.8235 79.5796 78.6765 72.3635 1 1 
43 0 81.4181 77.0157 403.08 20.0768 15.5221 -1 100 9 11 2 -1 1 0 -1 -1 83.8235 79.5796 78.6765 72.3635 1 1 
44 0 81.4181 77.0157 410.448 20.2595 15.9935 -1 100 9 11 2 -1 1 0 -1 -1 83.8235 79.5796 78.6765 72.3635 1 1 
45 0 81.4181 77.0157 408.646 20.215 16.244 -1 100 9 11 2 -1 1 0 -1 -1 83.8235 79.5796 78.6765 72.3635 1 1 
46 0 81.4181 77.0157 434.553 20.8459 16.9453 -1 100 9 11 2 -1 1 0 -1 -1 83.8235 79.5796 78.6765 72.3635 1 1 
47 0 81.4181 77.0157 438.188 20.9329 17.3734 -1 100 9 11 2 -1 1 0 -1 -1 83.8235 79.5796 78.6765 72.3635 1 1 
48 0 81.4181 77.0157 435.994 20.8805 17.6417 -1 100 9 11 2 -1 1 0 -1 -1 83.8235 79.5796 78.6765 72.3635 1 1 
49 0 81.4181 77.0157 438.679 20.9447 18.0626 -1 100 9 11 2 -1 1 0 -1 -1 83.8235 79.5796 78.6765 72.3635 1 1 
50 0 81.4181 77.0157 444.483 21.0828 18.5482 -1 100 9 11 2 -1 1 0 -1 -1 83.8235 79.5796 78.6765 72.3635 1 1 
51 0 81.4181 77.0157 464.446 21.551 19.2221 -1 100 9 11 2 -1 1 0 -1 -1 83.8235 79.5796 78.6765 72.3635 1 1 
52 0 81.4181 77.0157 491.537 22.1706 19.9743 -1 100 9 11 2 -1 1 0 -1 -1 83.8235 79.5796 78.6765 72.3635 1 1 
53 0 81.4181 77.0157 491.002 22.1586 20.3639 -1 100 9 11 2 -1 1 0 -1 -1 83.8235 79.5796 78.6765 72.3635 1 1 
54 0 81.4181 77.0157 487.116 22.0707 20.625 -1 100 9 11 2 -1 1 0 -1 -1 83.8235 79.5796 78.6765 72.3635 1 1 
55 0 81.4181 77.0157 485.747 22.0397 21.0053 -1 100 9 11 2 -1 1 0 -1 -1 83.8235 79.5796 78.6765 72.3635 1 1 
56 0 81.4181 77.0157 490.78 22.1536 21.5271 -1 100 9 11 2 -1 1 0 -1 -1 83.8235 79.5796 78.6765 72.3635 1 1 
57 0 81.4181 77.0157 486.392 22.0543 21.7989 -1 100 9 11 2 -1 1 0 -1 -1 83.8235 79.5796 78.6765 72.3635 1 1 
58 0 81.4181 77.0157 484.866 22.0197 22.201 -1 100 9 11 2 -1 1 0 -1 -1 83.8235 79.5796 78.6765 72.3635 1 1 
59 0 81.4181 77.0157 481.845 21.951 22.5658 -1 100 9 11 2 -1 1 0 -1 -1 83.8235 79.5796 78.6765 72.3635 1 1 
60 0 81.4181 77.0157 479.582 21.8994 22.9643 -1 100 9 11 2 -1 1 0 -1 -1 83.8235 79.5796 78.6765 72.3635 1 1 
61 0 81.4181 77.0157 487.094 22.0702 23.5564 -1 100 9 11 2 -1 1 0 -1 -1 83.8235 79.5796 78.6765 72.3635 1 1 
62 0 81.4181 77.0157 484.241 22.0055 23.9611 -1 100 9 11 2 -1 1 0 -1 -1 83.8235 79.5796 78.6765 72.3635 1 1 
63 0 81.4181 77.0157 478.548 21.8757 24.2359 -1 100 9 11 2 -1 1 0 -1 -1 83.8235 79.5796 78.6765 72.3635 1 1 
64 0 81.4181 77.0157 472.659 21.7407 24.5019 -1 100 9 11 2 -1 1 0 -1 -1 83.8235 79.5796 78.6765 72.3635 1 1 
65 0 81.4181 77.0157 466.666 21.6025 24.7762 -1 100 9 11 2 -1 1 0 -1 -1 83.8235 79.5796 78.6765 72.3635 1 1 
66 0 81.4181 77.0157 462.462 21.5049 25.1685 -1 100 9 11 2 -1 1 0 -1 -1 83.8235 79.5796 78.6765 72.3635 1 1 
67 0 81.4181 77.0157 456.246 21.3599 25.4657 -1 100 9 11 2 -1 1 0 -1 -1 83.8235 79.5796 78.6765 72.3635 1 1 
68 0 81.4181 77.0157 449.701 21.2062 25.7304 -1 100 9 11 2 -1 1 0 -1 -1 83.8235 79.5796 78.6765 72.3635 1 1 
69 0 81.4181 77.0157 445.1 21.0974 26.1354 -1 100 9 11 2 -1 1 0 -1 -1 83.8235 79.5796 78.6765 72.3635 1 1 
70 0 81.4181 77.0157 438.214 20.9336 26.3875 -1 100 9 11 2 -1 1 0 -1 -1 83.8235 79.5796 78.6765 72.3635 1 1 
71 0 81.4181 77.0157 431.351 20.769 26.6954 -1 100 9 11 2 -1 1 0 -1 -1 83.8235 79.5796 78.6765 72.3635 1 1 
72 0 81.4181 77.0157 424.422 20.6015 26.9129 -1 100 9 11 2 -1 1 0 -1 -1 83.8235 79.5796 78.6765 72.3635 1 1 
