# Created by main.cpp, 2016-06-26.14:43:49
# name: results
# type: matrix
# rows: 150
# columns: 25
1 0.473594 52.6406 42.8176 21.2427 4.2603 0.428176 -1 100 9 11 2 -1 1 0 -1 -1 52.9412 41.9683 53.3456 42.6155 1 84.1176 82.3425 20 
2 0.395966 60.4034 46.5809 37.9533 5.83579 0.824136 -1 100 9 11 2 -1 1 0 -1 -1 60.4044 45.9559 58.9338 45.6663 1 84.1176 82.3425 20 
3 0.373594 62.6406 48.8511 51.0879 6.84478 1.17071 -1 100 9 11 2 -1 1 0 -1 -1 62.7206 48.2514 62.4265 48.4239 1 84.1176 82.3425 20 
4 0.380807 61.9193 49.876 64.2855 7.74912 1.53521 -1 100 9 11 2 -1 1 0 -1 -1 61.7647 48.9268 61.9118 49.84 1 84.1176 82.3425 20 
5 0.378606 62.1394 51.3912 76.6237 8.53523 1.89114 -1 100 9 11 2 -1 1 0 -1 -1 60.0735 49.807 60.2941 50.3291 1 84.1176 82.3425 20 
6 0.347677 65.2323 56.2469 93.4223 9.47359 2.29 -1 100 9 11 2 -1 1 0 -1 -1 63.0882 53.9484 63.75 54.8957 1 84.1176 82.3425 20 
7 0.332641 66.7359 56.5651 107.84 10.163 2.67099 -1 100 9 11 2 -1 1 0 -1 -1 65.1103 54.6421 65.625 55.4106 1 84.1176 82.3425 20 
8 0.337531 66.2469 56.8938 118.163 10.6807 3.01038 -1 100 9 11 2 -1 1 0 -1 -1 64.3015 55.1337 65.4412 55.9877 1 84.1176 82.3425 20 
9 0.333007 66.6993 58.7675 131.534 11.3096 3.3875 -1 100 9 11 2 -1 1 0 -1 -1 65.1471 56.9457 65.9191 57.4444 1 84.1176 82.3425 20 
10 0.320538 67.9462 59.9322 143.727 11.8391 3.75056 -1 100 9 11 2 -1 1 0 -1 -1 66.6176 58.1755 67.6471 59.0565 1 84.1176 82.3425 20 
11 0.317604 68.2396 60.0467 155.289 12.3258 4.10288 -1 100 9 11 2 -1 1 0 -1 -1 66.4338 57.6199 67.8309 59.2599 1 84.1176 82.3425 20 
12 0.322616 67.7384 61.6357 168.19 12.8527 4.48868 -1 100 9 11 2 -1 1 0 -1 -1 64.5221 57.5426 66.4338 60.0567 1 84.1176 82.3425 20 
13 0.300611 69.9389 63.4922 184.102 13.4691 4.90954 -1 100 9 11 2 -1 1 0 -1 -1 67.5368 60.5821 68.4926 61.9875 1 84.1176 82.3425 20 
14 0.300611 69.9389 63.4922 195.363 13.8756 5.27657 -1 100 9 11 2 -1 1 0 -1 -1 67.5368 60.5821 68.4926 61.9875 1 84.1176 82.3425 20 
15 0.293643 70.6357 65.4579 210.298 14.4112 5.68146 -1 100 9 11 2 -1 1 0 -1 -1 68.8971 63.2032 69.9632 64.5656 1 84.1176 82.3425 20 
16 0.282641 71.7359 66.6426 220.843 14.7692 6.04427 -1 100 9 11 2 -1 1 0 -1 -1 70.0735 64.651 71.3603 66.022 1 84.1176 82.3425 20 
17 0.282641 71.7359 66.6426 231.866 15.136 6.42422 -1 100 9 11 2 -1 1 0 -1 -1 70.0735 64.651 71.3603 66.022 1 84.1176 82.3425 20 
18 0.275795 72.4205 67.1984 242.278 15.4738 6.78322 -1 100 9 11 2 -1 1 0 -1 -1 70.3676 64.7116 71.6176 66.1885 1 84.1176 82.3425 20 
19 0.268093 73.1907 68.5494 255.265 15.8953 7.18194 -1 100 9 11 2 -1 1 0 -1 -1 70.4044 65.4055 72.7206 67.5738 1 84.1176 82.3425 20 
20 0.268093 73.1907 68.5494 263.572 16.1596 7.5371 -1 100 9 11 2 -1 1 0 -1 -1 70.4044 65.4055 72.7206 67.5738 1 84.1176 82.3425 20 
21 0.268093 73.1907 68.5494 274.532 16.4928 7.92549 -1 100 9 11 2 -1 1 0 -1 -1 70.4044 65.4055 72.7206 67.5738 1 84.1176 82.3425 20 
22 0.261858 73.8142 69.3603 287 16.8641 8.34874 -1 100 9 11 2 -1 1 0 -1 -1 71.2868 66.2859 73.0515 68.1441 1 84.1176 82.3425 20 
23 0.261858 73.8142 69.3603 296.093 17.135 8.72047 -1 100 9 11 2 -1 1 0 -1 -1 71.2868 66.2859 73.0515 68.1441 1 84.1176 82.3425 20 
24 0.259169 74.0831 69.4791 304.079 17.3651 9.07673 -1 100 9 11 2 -1 1 0 -1 -1 71.3603 66.2735 72.9412 67.8568 1 84.1176 82.3425 20 
25 0.255746 74.4254 70.9447 314.436 17.6718 9.47053 -1 100 9 11 2 -1 1 0 -1 -1 72.0956 68.4716 73.6397 69.4185 1 84.1176 82.3425 20 
26 0.248166 75.1834 72.3032 326.555 18.0068 9.89069 -1 100 9 11 2 -1 1 0 -1 -1 73.125 70.244 75.0735 71.5971 1 84.1176 82.3425 20 
27 0.248166 75.1834 72.3032 333.485 18.1965 10.2589 -1 100 9 11 2 -1 1 0 -1 -1 73.125 70.244 75.0735 71.5971 1 84.1176 82.3425 20 
28 0.243521 75.6479 73.1131 341.23 18.4096 10.619 -1 100 9 11 2 -1 1 0 -1 -1 73.8235 70.9665 75.0368 71.6454 1 84.1176 82.3425 20 
29 0.243521 75.6479 73.1131 347.764 18.5828 10.9763 -1 100 9 11 2 -1 1 0 -1 -1 73.8235 70.9665 75.0368 71.6454 1 84.1176 82.3425 20 
30 0.240831 75.9169 73.5074 355.914 18.8124 11.3555 -1 100 9 11 2 -1 1 0 -1 -1 74.1176 71.5573 74.8162 71.5163 1 84.1176 82.3425 20 
31 0.235208 76.4792 74.3034 365.179 19.047 11.7304 -1 100 9 11 2 -1 1 0 -1 -1 74.7059 72.7988 75.4779 72.622 1 84.1176 82.3425 20 
32 0.235208 76.4792 74.392 372.569 19.2422 12.1144 -1 100 9 11 2 -1 1 0 -1 -1 74.6324 72.8913 75.6618 72.8589 1 84.1176 82.3425 20 
33 0.225917 77.4083 75.4389 380.916 19.4633 12.5166 -1 100 9 11 2 -1 1 0 -1 -1 75.625 73.9343 76.7647 74.1393 1 84.1176 82.3425 20 
34 0.222494 77.7506 75.7259 389.859 19.691 12.9032 -1 100 9 11 2 -1 1 0 -1 -1 75.9559 74.224 76.9853 74.3577 1 84.1176 82.3425 20 
35 0.219927 78.0073 75.9804 396.745 19.8653 13.2821 -1 100 9 11 2 -1 1 0 -1 -1 76.4338 74.6976 77.6103 75.0015 1 84.1176 82.3425 20 
36 0.219927 78.0073 75.9804 399.197 19.9267 13.6027 -1 100 9 11 2 -1 1 0 -1 -1 76.4338 74.6976 77.6103 75.0015 1 84.1176 82.3425 20 
37 0.219927 78.0073 75.9804 404.022 20.0498 13.9594 -1 100 9 11 2 -1 1 0 -1 -1 76.4338 74.6976 77.6103 75.0015 1 84.1176 82.3425 20 
38 0.219927 78.0073 75.9804 411.489 20.2347 14.3694 -1 100 9 11 2 -1 1 0 -1 -1 76.4338 74.6976 77.6103 75.0015 1 84.1176 82.3425 20 
39 0.219927 78.0073 76.0304 416.9 20.3712 14.7527 -1 100 9 11 2 -1 1 0 -1 -1 76.6176 75.0229 77.7941 75.1683 1 84.1176 82.3425 20 
40 0.219927 78.0073 76.0304 421.411 20.4839 15.1304 -1 100 9 11 2 -1 1 0 -1 -1 76.6176 75.0229 77.7941 75.1683 1 84.1176 82.3425 20 
41 0.219927 78.0073 76.0304 426.756 20.6166 15.5275 -1 100 9 11 2 -1 1 0 -1 -1 76.6176 75.0229 77.7941 75.1683 1 84.1176 82.3425 20 
42 0.219927 78.0073 76.0304 428.716 20.6652 15.8655 -1 100 9 11 2 -1 1 0 -1 -1 76.6176 75.0229 77.7941 75.1683 1 84.1176 82.3425 20 
43 0.219927 78.0073 76.0304 435.812 20.8381 16.306 -1 100 9 11 2 -1 1 0 -1 -1 76.6176 75.0229 77.7941 75.1683 1 84.1176 82.3425 20 
44 0.219927 78.0073 76.0304 438.639 20.9057 16.6728 -1 100 9 11 2 -1 1 0 -1 -1 76.6176 75.0229 77.7941 75.1683 1 84.1176 82.3425 20 
45 0.219927 78.0073 76.0304 441.816 20.9782 17.0577 -1 100 9 11 2 -1 1 0 -1 -1 76.6176 75.0229 77.7941 75.1683 1 84.1176 82.3425 20 
46 0.213936 78.6064 76.8763 448.791 21.15 17.4805 -1 100 9 11 2 -1 1 0 -1 -1 77.7574 76.3009 78.8235 76.5877 1 84.1176 82.3425 20 
47 0.213936 78.6064 76.8763 450.258 21.1834 17.8369 -1 100 9 11 2 -1 1 0 -1 -1 77.7574 76.3009 78.8235 76.5877 1 84.1176 82.3425 20 
48 0.213936 78.6064 76.8763 453.056 21.2516 18.227 -1 100 9 11 2 -1 1 0 -1 -1 77.7574 76.3009 78.8235 76.5877 1 84.1176 82.3425 20 
49 0.212347 78.7653 76.9824 455.457 21.3089 18.6095 -1 100 9 11 2 -1 1 0 -1 -1 77.7941 76.2514 79.2279 76.8936 1 84.1176 82.3425 20 
50 0.207457 79.2543 77.5227 458.683 21.3856 18.9971 -1 100 9 11 2 -1 1 0 -1 -1 78.125 76.6308 79.375 77.067 1 84.1176 82.3425 20 
51 0.207457 79.2543 77.5227 460.289 21.4241 19.3778 -1 100 9 11 2 -1 1 0 -1 -1 78.125 76.6308 79.375 77.067 1 84.1176 82.3425 20 
52 0.207457 79.2543 77.5227 460.935 21.4366 19.7389 -1 100 9 11 2 -1 1 0 -1 -1 78.125 76.6308 79.375 77.067 1 84.1176 82.3425 20 
53 0.20709 79.291 77.6049 464.213 21.5103 20.163 -1 100 9 11 2 -1 1 0 -1 -1 78.2721 76.8533 80.0368 77.9184 1 84.1176 82.3425 20 
54 0.200978 79.9022 78.0365 468.249 21.608 20.5889 -1 100 9 11 2 -1 1 0 -1 -1 78.9706 77.4907 80.5515 78.077 1 84.1176 82.3425 20 
55 0.199878 80.0122 78.0957 473.417 21.7272 21.0626 -1 100 9 11 2 -1 1 0 -1 -1 79.4853 77.9772 80.7353 78.2124 1 84.1176 82.3425 20 
56 0.199878 80.0122 78.0957 473.558 21.7305 21.4441 -1 100 9 11 2 -1 1 0 -1 -1 79.4853 77.9772 80.7353 78.2124 1 84.1176 82.3425 20 
57 0.199878 80.0122 78.0957 475.25 21.7683 21.8389 -1 100 9 11 2 -1 1 0 -1 -1 79.4853 77.9772 80.7353 78.2124 1 84.1176 82.3425 20 
58 0.199878 80.0122 78.0957 475.027 21.7639 22.2371 -1 100 9 11 2 -1 1 0 -1 -1 79.4853 77.9772 80.7353 78.2124 1 84.1176 82.3425 20 
59 0.199878 80.0122 78.0957 472.915 21.7151 22.5932 -1 100 9 11 2 -1 1 0 -1 -1 79.4853 77.9772 80.7353 78.2124 1 84.1176 82.3425 20 
