# Created by main.cpp, 2016-06-29.10:15:11
# name: results
# type: matrix
# rows: 150
# columns: 16
1 0 34.9495 25.8982 0.650505 37.9562 27.5132 0.620438 34.5455 25.6757 0.654545 6.76 0.26 100 1 1 
2 0 34.9495 25.8982 0.650505 37.9562 27.5132 0.620438 34.5455 25.6757 0.654545 13.3834 0.52 100 6 1 
3 0 34.9495 25.8982 0.650505 37.9562 27.5132 0.620438 34.5455 25.6757 0.654545 19.8703 0.78 100 1 1 
4 0 34.9495 25.8982 0.650505 37.9562 27.5132 0.620438 34.5455 25.6757 0.654545 26.2206 1.04 100 9 1 
5 0 34.9495 25.8982 0.650505 37.9562 27.5132 0.620438 34.5455 25.6757 0.654545 26.4545 1.1 100 6 1 
6 0 34.9495 25.8982 0.650505 37.9562 27.5132 0.620438 34.5455 25.6757 0.654545 32.6368 1.36 100 10 1 
7 0 34.9495 25.8982 0.650505 37.9562 27.5132 0.620438 34.5455 25.6757 0.654545 38.6824 1.62 100 1 1 
8 0 65.0505 39.4125 0.349495 62.0438 38.2883 0.379562 65.4545 39.5604 0.345455 52.6161 2.01 100 3 1 
9 0 70.101 53.2828 0.29899 64.9635 46.1337 0.350365 69.0909 49.9732 0.309091 78.5539 2.54 100 4 1 
10 0 70.101 53.2828 0.29899 64.9635 46.1337 0.350365 69.0909 49.9732 0.309091 83.9798 2.8 100 4 1 
11 0 70.101 53.2828 0.29899 64.9635 46.1337 0.350365 69.0909 49.9732 0.309091 89.2691 3.06 100 4 1 
12 0 70.101 53.2828 0.29899 64.9635 46.1337 0.350365 69.0909 49.9732 0.309091 102.068 3.45 100 4 1 
13 0 70.101 53.2828 0.29899 64.9635 46.1337 0.350365 69.0909 49.9732 0.309091 107.016 3.71 100 4 1 
14 0 70.101 53.2828 0.29899 64.9635 46.1337 0.350365 69.0909 49.9732 0.309091 119.303 4.1 100 4 1 
15 0 70.101 53.2828 0.29899 64.9635 46.1337 0.350365 69.0909 49.9732 0.309091 131.283 4.49 100 4 1 
16 0 70.101 53.2828 0.29899 64.9635 46.1337 0.350365 69.0909 49.9732 0.309091 135.684 4.75 100 4 1 
17 0 70.101 53.2828 0.29899 64.9635 46.1337 0.350365 69.0909 49.9732 0.309091 141.312 5.04 100 4 1 
18 0 70.101 53.2828 0.29899 64.9635 46.1337 0.350365 69.0909 49.9732 0.309091 152.551 5.43 100 4 1 
19 0 70.101 53.2828 0.29899 64.9635 46.1337 0.350365 69.0909 49.9732 0.309091 167.864 5.88 100 4 1 
20 0 70.101 53.2828 0.29899 64.9635 46.1337 0.350365 69.0909 49.9732 0.309091 171.536 6.14 100 4 1 
21 0 70.101 53.2828 0.29899 64.9635 46.1337 0.350365 69.0909 49.9732 0.309091 174.319 6.38 100 4 1 
22 0 70.101 53.2828 0.29899 64.9635 46.1337 0.350365 69.0909 49.9732 0.309091 186.545 6.8 100 4 1 
23 0 70.101 53.2828 0.29899 64.9635 46.1337 0.350365 69.0909 49.9732 0.309091 186.086 6.88 100 4 1 
24 0 70.101 53.2828 0.29899 64.9635 46.1337 0.350365 69.0909 49.9732 0.309091 195.876 7.27 100 4 1 
25 0 70.101 53.2828 0.29899 64.9635 46.1337 0.350365 69.0909 49.9732 0.309091 205.358 7.66 100 4 1 
26 0 70.101 53.2828 0.29899 64.9635 46.1337 0.350365 69.0909 49.9732 0.309091 208.095 7.92 100 4 1 
27 0 70.101 53.2828 0.29899 64.9635 46.1337 0.350365 69.0909 49.9732 0.309091 217.065 8.31 100 4 1 
28 0 93.5354 92.7491 0.0646465 87.5912 86.557 0.124088 92.7273 91.4861 0.0727273 287.942 9.24 100 10 1 
29 0 93.5354 92.7491 0.0646465 87.5912 86.557 0.124088 92.7273 91.4861 0.0727273 295.872 9.63 100 10 1 
30 0 93.5354 92.7491 0.0646465 87.5912 86.557 0.124088 92.7273 91.4861 0.0727273 297.574 9.89 100 10 1 
31 0 93.5354 92.7491 0.0646465 87.5912 86.557 0.124088 92.7273 91.4861 0.0727273 304.992 10.28 100 10 1 
32 0 93.5354 92.7491 0.0646465 87.5912 86.557 0.124088 92.7273 91.4861 0.0727273 312.102 10.67 100 10 1 
33 0 93.5354 92.7491 0.0646465 87.5912 86.557 0.124088 92.7273 91.4861 0.0727273 313.258 10.93 100 10 1 
34 0 93.5354 92.7491 0.0646465 87.5912 86.557 0.124088 92.7273 91.4861 0.0727273 319.856 11.32 100 10 1 
35 0 93.5354 92.7491 0.0646465 87.5912 86.557 0.124088 92.7273 91.4861 0.0727273 324.583 11.68 100 10 1 
36 0 93.5354 92.7491 0.0646465 87.5912 86.557 0.124088 92.7273 91.4861 0.0727273 325.208 11.94 100 10 1 
37 0 93.5354 92.7491 0.0646465 87.5912 86.557 0.124088 92.7273 91.4861 0.0727273 331.011 12.33 100 10 1 
38 0 93.5354 92.7491 0.0646465 87.5912 86.557 0.124088 92.7273 91.4861 0.0727273 336.507 12.72 100 10 1 
39 0 93.5354 92.7491 0.0646465 87.5912 86.557 0.124088 92.7273 91.4861 0.0727273 335.886 12.95 100 10 1 
40 0 93.5354 92.7491 0.0646465 87.5912 86.557 0.124088 92.7273 91.4861 0.0727273 340.893 13.34 100 10 1 
41 0 93.5354 92.7491 0.0646465 87.5912 86.557 0.124088 92.7273 91.4861 0.0727273 340.646 13.6 100 10 1 
42 0 93.5354 92.7491 0.0646465 87.5912 86.557 0.124088 92.7273 91.4861 0.0727273 345.141 13.99 100 10 1 
43 0 93.5354 92.7491 0.0646465 87.5912 86.557 0.124088 92.7273 91.4861 0.0727273 344.553 14.25 100 10 1 
44 0 93.5354 92.7491 0.0646465 87.5912 86.557 0.124088 92.7273 91.4861 0.0727273 343.828 14.51 100 10 1 
45 0 93.5354 92.7491 0.0646465 87.5912 86.557 0.124088 92.7273 91.4861 0.0727273 347.606 14.9 100 10 1 
46 0 93.5354 92.7491 0.0646465 87.5912 86.557 0.124088 92.7273 91.4861 0.0727273 346.54 15.16 100 10 1 
47 0 93.5354 92.7491 0.0646465 87.5912 86.557 0.124088 92.7273 91.4861 0.0727273 349.806 15.55 100 10 1 
48 0 93.5354 92.7491 0.0646465 87.5912 86.557 0.124088 92.7273 91.4861 0.0727273 348.398 15.81 100 10 1 
49 0 93.5354 92.7491 0.0646465 87.5912 86.557 0.124088 92.7273 91.4861 0.0727273 351.152 16.2 100 10 1 
50 0 93.5354 92.7491 0.0646465 87.5912 86.557 0.124088 92.7273 91.4861 0.0727273 349.402 16.46 100 10 1 
51 0 93.5354 92.7491 0.0646465 87.5912 86.557 0.124088 92.7273 91.4861 0.0727273 358.454 16.97 100 10 1 
52 0 93.5354 92.7491 0.0646465 87.5912 86.557 0.124088 92.7273 91.4861 0.0727273 387.844 17.71 100 10 1 
53 0 93.5354 92.7491 0.0646465 87.5912 86.557 0.124088 92.7273 91.4861 0.0727273 385.302 17.97 100 10 1 
54 0 93.5354 92.7491 0.0646465 87.5912 86.557 0.124088 92.7273 91.4861 0.0727273 382.623 18.23 100 10 1 
55 0 93.5354 92.7491 0.0646465 87.5912 86.557 0.124088 92.7273 91.4861 0.0727273 431.92 19.14 100 10 1 
56 0 93.5354 92.7491 0.0646465 87.5912 86.557 0.124088 92.7273 91.4861 0.0727273 432.05 19.53 100 10 1 
57 0 93.5354 92.7491 0.0646465 87.5912 86.557 0.124088 92.7273 91.4861 0.0727273 431.872 19.92 100 10 1 
58 0 93.5354 92.7491 0.0646465 87.5912 86.557 0.124088 92.7273 91.4861 0.0727273 431.388 20.31 100 10 1 
59 0 93.5354 92.7491 0.0646465 87.5912 86.557 0.124088 92.7273 91.4861 0.0727273 430.596 20.7 100 10 1 
60 0 93.5354 92.7491 0.0646465 87.5912 86.557 0.124088 92.7273 91.4861 0.0727273 426.483 20.96 100 10 1 
61 0 93.5354 92.7491 0.0646465 87.5912 86.557 0.124088 92.7273 91.4861 0.0727273 422.234 21.22 100 10 1 
62 0 93.5354 92.7491 0.0646465 87.5912 86.557 0.124088 92.7273 91.4861 0.0727273 417.848 21.48 100 10 1 
63 0 93.5354 92.7491 0.0646465 87.5912 86.557 0.124088 92.7273 91.4861 0.0727273 416.134 21.87 100 10 1 
64 0 93.5354 92.7491 0.0646465 87.5912 86.557 0.124088 92.7273 91.4861 0.0727273 411.407 22.13 100 10 1 
65 0 93.5354 92.7491 0.0646465 87.5912 86.557 0.124088 92.7273 91.4861 0.0727273 406.543 22.39 100 10 1 
66 0 93.5354 92.7491 0.0646465 87.5912 86.557 0.124088 92.7273 91.4861 0.0727273 401.543 22.65 100 10 1 
67 0 93.5354 92.7491 0.0646465 87.5912 86.557 0.124088 92.7273 91.4861 0.0727273 398.907 23.04 100 10 1 
68 0 93.5354 92.7491 0.0646465 87.5912 86.557 0.124088 92.7273 91.4861 0.0727273 395.965 23.43 100 10 1 
69 0 93.5354 92.7491 0.0646465 87.5912 86.557 0.124088 92.7273 91.4861 0.0727273 390.418 23.69 100 10 1 
70 0 93.5354 92.7491 0.0646465 87.5912 86.557 0.124088 92.7273 91.4861 0.0727273 386.963 24.08 100 10 1 
71 0 93.5354 92.7491 0.0646465 87.5912 86.557 0.124088 92.7273 91.4861 0.0727273 381.075 24.34 100 10 1 
72 0 93.5354 92.7491 0.0646465 87.5912 86.557 0.124088 92.7273 91.4861 0.0727273 375.051 24.6 100 10 1 
73 0 93.5354 92.7491 0.0646465 87.5912 86.557 0.124088 92.7273 91.4861 0.0727273 368.889 24.86 100 10 1 
74 0 93.5354 92.7491 0.0646465 87.5912 86.557 0.124088 92.7273 91.4861 0.0727273 364.513 25.25 100 10 1 
75 0 93.5354 92.7491 0.0646465 87.5912 86.557 0.124088 92.7273 91.4861 0.0727273 358.01 25.51 100 10 1 
76 0 93.5354 92.7491 0.0646465 87.5912 86.557 0.124088 92.7273 91.4861 0.0727273 353.121 25.9 100 10 1 
