# Created by main.cpp, 2016-06-26.14:44:48
# name: results
# type: matrix
# rows: 150
# columns: 26
1 0.520404 47.9596 35.1407 14.385 3.52 0.352 0 100 9 5.45 2 1 1 -1 0 0 48.7273 36.0828 6.94111e-310 32.6682 1 92.5182 89.8587 4.29497e+09 20 
2 0.448485 55.1515 38.5664 24.157 4.76782 0.662 0 100 9 5.85 2 1 1 -1 0 0 55.4545 39.1916 6.94111e-310 37.9886 2 92.5182 89.8587 4.29497e+09 20 
3 0.407475 59.2525 40.4907 34.9238 5.81007 0.9865 0 100 9 5.45 2 1 1 -1 0 0 59.1818 40.9577 6.94111e-310 42.3196 3 92.5182 89.8587 4.29497e+09 20 
4 0.378687 62.1313 43.8339 49.2188 6.86115 1.3415 0 100 9 5.5 2 1 1 -1 0 0 62.0909 44.3976 6.94111e-310 46.3677 4 92.5182 89.8587 4.29497e+09 20 
5 0.313232 68.6768 53.7303 71.4951 8.28831 1.769 0 100 9 5.8 2 1 1 -1 0 0 68.4545 53.9431 6.94111e-310 55.5561 5 92.5182 89.8587 4.29497e+09 20 
6 0.305152 69.4848 56.9498 87.1623 9.1739 2.1415 0 100 9 5.85 2 1 1 -1 0 0 69.4545 57.2935 6.94111e-310 57.6649 6 92.5182 89.8587 4.29497e+09 20 
7 0.305152 69.4848 56.9498 96.0169 9.63891 2.44 0 100 9 5.4 2 1 1 -1 0 0 69.4545 57.2935 6.94111e-310 57.6649 7 92.5182 89.8587 4.29497e+09 20 
8 0.298384 70.1616 58.7689 109.899 10.3276 2.806 0 100 9 5.65 2 1 1 -1 0 0 70.1818 59.1604 6.94111e-310 59.2263 8 92.5182 89.8587 4.29497e+09 20 
9 0.290303 70.9697 59.5774 121.969 10.9029 3.1615 0 100 9 6.25 2 1 1 -1 0 0 70.7273 59.7017 6.94111e-310 60.1323 9 92.5182 89.8587 4.29497e+09 20 
10 0.281212 71.8788 60.665 131.002 11.3232 3.4825 0 100 9 5.4 2 1 1 -1 0 0 71.0909 60.1328 6.94111e-310 60.9957 10 92.5182 89.8587 4.29497e+09 20 
11 0.282222 71.7778 61.5038 141.938 11.7936 3.8295 0 100 9 6 2 1 1 -1 0 0 71.2727 61.2061 6.94111e-310 60.8962 11 92.5182 89.8587 4.29497e+09 20 
12 0.268283 73.1717 64.0534 155.657 12.372 4.201 0 100 9 5.5 2 1 1 -1 0 0 72.6364 63.6766 6.94111e-310 63.3205 12 92.5182 89.8587 4.29497e+09 20 
13 0.236263 76.3737 69.4666 173.376 13.0771 4.6165 0 100 9 6.5 2 1 1 -1 0 0 75.4545 68.2142 6.94111e-310 68.4143 13 92.5182 89.8587 4.29497e+09 20 
14 0.236263 76.3737 69.4666 185.391 13.5138 4.97 0 100 9 6.4 2 1 1 -1 0 0 75.4545 68.2142 6.94111e-310 68.4143 14 92.5182 89.8587 4.29497e+09 20 
15 0.212727 78.7273 72.9638 199.844 14.0241 5.346 0 100 9 6.8 2 1 1 -1 0 0 77.7273 71.5855 6.94111e-310 71.9516 15 92.5182 89.8587 4.29497e+09 20 
16 0.212727 78.7273 72.9638 207.169 14.2898 5.6565 0 100 9 6.8 2 1 1 -1 0 0 77.7273 71.5855 6.94111e-310 71.9516 16 92.5182 89.8587 4.29497e+09 20 
17 0.212727 78.7273 72.9638 214.297 14.536 5.9755 0 100 9 6.75 2 1 1 -1 0 0 77.7273 71.5855 6.94111e-310 71.9516 17 92.5182 89.8587 4.29497e+09 20 
18 0.198485 80.1515 75.5536 224.362 14.8879 6.323 0 100 9 7 2 1 1 -1 0 0 79.1818 74.1664 6.94111e-310 74.5304 18 92.5182 89.8587 4.29497e+09 20 
19 0.198485 80.1515 75.5536 232.45 15.1487 6.6395 0 100 9 7.2 2 1 1 -1 0 0 79.1818 74.1664 6.94111e-310 74.5304 19 92.5182 89.8587 4.29497e+09 20 
20 0.195556 80.4444 75.7934 243.326 15.4962 7.0175 0 100 9 7.2 2 1 1 -1 0 0 79.5455 74.4961 6.94111e-310 75.2411 20 92.5182 89.8587 4.29497e+09 20 
21 0.195556 80.4444 75.7934 248.944 15.6823 7.3125 0 100 9 7.4 2 1 1 -1 0 0 79.5455 74.4961 6.94111e-310 75.2411 21 92.5182 89.8587 4.29497e+09 20 
22 0.182121 81.7879 78.2763 259.029 16.0132 7.68 0 100 9 7.5 2 1 1 -1 0 0 80.7273 76.7345 6.94111e-310 77.5981 22 92.5182 89.8587 4.29497e+09 20 
23 0.182626 81.7374 78.2819 267.755 16.277 8.0215 0 100 9 7.45 2 1 1 -1 0 0 80.7273 76.7345 6.94111e-310 77.5738 23 92.5182 89.8587 4.29497e+09 20 
24 0.182626 81.7374 78.2819 278.521 16.5985 8.3765 0 100 9 7.3 2 1 1 -1 0 0 80.7273 76.7345 6.94111e-310 77.5738 24 92.5182 89.8587 4.29497e+09 20 
25 0.172525 82.7475 79.0679 288.006 16.8707 8.7285 0 100 9 7.2 2 1 1 -1 0 0 80.8182 75.9567 6.94111e-310 78.8293 25 92.5182 89.8587 4.29497e+09 20 
26 0.172525 82.7475 79.0679 293.612 17.0447 9.0465 0 100 9 7.4 2 1 1 -1 0 0 80.8182 75.9567 6.94111e-310 78.8293 26 92.5182 89.8587 4.29497e+09 20 
27 0.152525 84.7475 81.1825 306.381 17.4122 9.44 0 100 9 7.45 2 1 1 -1 0 0 83 78.2847 6.94111e-310 81.4664 27 92.5182 89.8587 4.29497e+09 20 
28 0.144747 85.5253 81.7979 316.832 17.7152 9.8365 0 100 9 7.5 2 1 1 -1 0 0 83.2727 78.0852 6.94111e-310 82.5573 28 92.5182 89.8587 4.29497e+09 20 
29 0.144747 85.5253 81.7979 321.308 17.8426 10.1545 0 100 9 7.35 2 1 1 -1 0 0 83.2727 78.0852 6.94111e-310 82.5573 29 92.5182 89.8587 4.29497e+09 20 
30 0.144747 85.5253 81.7979 327.871 18.0231 10.492 0 100 9 7.5 2 1 1 -1 0 0 83.2727 78.0852 6.94111e-310 82.5573 30 92.5182 89.8587 4.29497e+09 20 
31 0.143333 85.6667 82.4731 341.631 18.4048 10.9145 0 100 9 7.4 2 1 1 -1 0 0 84.4545 80.784 6.94111e-310 82.3112 31 92.5182 89.8587 4.29497e+09 20 
32 0.132727 86.7273 83.5221 358.167 18.8355 11.359 0 100 9 7.2 2 1 1 -1 0 0 85.4545 81.7635 6.94111e-310 83.5915 32 92.5182 89.8587 4.29497e+09 20 
33 0.132727 86.7273 83.5221 362.219 18.9461 11.697 0 100 9 7.05 2 1 1 -1 0 0 85.4545 81.7635 6.94111e-310 83.5915 33 92.5182 89.8587 4.29497e+09 20 
34 0.131818 86.8182 83.7304 367.545 19.0888 12.0265 0 100 9 7.2 2 1 1 -1 0 0 85.8182 82.3406 6.94111e-310 83.7484 34 92.5182 89.8587 4.29497e+09 20 
35 0.135657 86.4343 84.4729 373.996 19.2601 12.3845 0 100 9 6.95 2 1 1 -1 0 0 85.6364 83.2681 6.94111e-310 83.9141 35 92.5182 89.8587 4.29497e+09 20 
36 0.135657 86.4343 84.4729 377.33 19.3491 12.7205 0 100 9 6.95 2 1 1 -1 0 0 85.6364 83.2681 6.94111e-310 83.9141 36 92.5182 89.8587 4.29497e+09 20 
37 0.135657 86.4343 84.4729 382.921 19.495 13.085 0 100 9 6.95 2 1 1 -1 0 0 85.6364 83.2681 6.94111e-310 83.9141 37 92.5182 89.8587 4.29497e+09 20 
38 0.13101 86.899 84.8414 388.853 19.6455 13.454 0 100 9 7.3 2 1 1 -1 0 0 86 83.4429 6.94111e-310 84.664 38 92.5182 89.8587 4.29497e+09 20 
39 0.126566 87.3434 85.2698 397.25 19.8582 13.8415 0 100 9 7.2 2 1 1 -1 0 0 86.5455 83.9808 6.94111e-310 85.1851 39 92.5182 89.8587 4.29497e+09 20 
40 0.122121 87.7879 85.8516 403.368 20.0105 14.2045 0 100 9 7 2 1 1 -1 0 0 87.4545 85.3124 6.94111e-310 85.7371 40 92.5182 89.8587 4.29497e+09 20 
41 0.122121 87.7879 85.8516 409.267 20.1584 14.583 0 100 9 7 2 1 1 -1 0 0 87.4545 85.3124 6.94111e-310 85.7371 41 92.5182 89.8587 4.29497e+09 20 
42 0.122121 87.7879 85.8516 416.337 20.3373 14.974 0 100 9 7 2 1 1 -1 0 0 87.4545 85.3124 6.94111e-310 85.7371 42 92.5182 89.8587 4.29497e+09 20 
43 0.122121 87.7879 85.8516 417.102 20.3555 15.286 0 100 9 7 2 1 1 -1 0 0 87.4545 85.3124 6.94111e-310 85.7371 43 92.5182 89.8587 4.29497e+09 20 
44 0.122121 87.7879 85.8516 423.556 20.5076 15.659 0 100 9 7 2 1 1 -1 0 0 87.4545 85.3124 6.94111e-310 85.7371 44 92.5182 89.8587 4.29497e+09 20 
45 0.112626 88.7374 86.4198 427.128 20.6021 16.0075 0 100 9 7.25 2 1 1 -1 0 0 87.8182 84.8636 6.94111e-310 86.4496 45 92.5182 89.8587 4.29497e+09 20 
46 0.111919 88.8081 86.4728 430.329 20.6768 16.3475 0 100 9 7.5 2 1 1 -1 0 0 87.8182 84.8636 6.94111e-310 87.0103 46 92.5182 89.8587 4.29497e+09 20 
47 0.111919 88.8081 86.4728 435.401 20.8012 16.7135 0 100 9 7.5 2 1 1 -1 0 0 87.8182 84.8636 6.94111e-310 87.0103 47 92.5182 89.8587 4.29497e+09 20 
48 0.115051 88.4949 87.2665 435.698 20.8128 17.0265 0 100 9 7.5 2 1 1 -1 0 0 87.7273 85.8985 6.94111e-310 86.6003 48 92.5182 89.8587 4.29497e+09 20 
49 0.113535 88.6465 87.4207 438.239 20.87 17.3885 0 100 9 7.65 2 1 1 -1 0 0 87.8182 85.9789 6.94111e-310 86.5915 49 92.5182 89.8587 4.29497e+09 20 
50 0.113535 88.6465 87.4207 437.689 20.8592 17.703 4.725 100 9 7.65 2 1 1 -1 0 0 87.8182 85.9789 6.94111e-310 86.5915 50 92.5182 89.8587 4.29497e+09 20 
51 0.113535 88.6465 87.4207 441.616 20.9603 18.0765 11.5 100 9 7.65 2 1 1 -1 0 0 87.8182 85.9789 6.94111e-310 86.5915 51 92.5182 89.8587 4.29497e+09 20 
52 0.113535 88.6465 87.4207 440.367 20.9324 18.383 15.725 100 9 7.65 2 1 1 -1 0 0 87.8182 85.9789 6.94111e-310 86.5915 52 92.5182 89.8587 4.29497e+09 20 
53 0.113535 88.6465 87.4207 440.265 20.932 18.711 18.575 100 9 7.65 2 1 1 -1 0 0 87.8182 85.9789 6.94111e-310 86.5915 53 92.5182 89.8587 4.29497e+09 20 
