# Created by main.cpp, 2016-06-29.12:33:09
# name: results
# type: matrix
# rows: 100
# columns: 17
0 20 49.4578 32.2052 0.505422 50.1818 32.6448 0.498182 52.7273 34.3373 0.472727 -1 -1 -1 2 1 10 
1 20 70.6627 41.8267 0.293373 70 41.6237 0.3 72.9091 43.5004 0.270909 -1 -1 -1 2 1 10 
2 20 70.6627 41.8267 0.293373 70 41.6237 0.3 72.9091 43.5004 0.270909 -1 -1 -1 2 1 10 
3 20 71.8072 45.954 0.281928 72.5455 48.2186 0.274545 74 47.2774 0.26 -1 -1 -1 2 1 10 
4 20 74.2771 56.2385 0.257229 76.7273 62.371 0.232727 78 60.9006 0.22 -1 -1 -1 2 1 10 
5 20 74.1566 57.5304 0.258434 75.6364 61.9171 0.243636 79.0909 62.8095 0.209091 -1 -1 -1 2 1 10 
6 20 74.4578 59.3831 0.255422 75.2727 62.5205 0.247273 80 66.3954 0.2 -1 -1 -1 2 1 10 
7 20 74.8193 61.2239 0.251807 76.7273 66.7422 0.232727 81.4545 69.6389 0.185455 -1 -1 -1 2 1 10 
8 20 76.6867 68.0265 0.233133 76.3636 70.2238 0.236364 82.9091 75.5393 0.170909 -1 -1 -1 2 1 10 
9 20 78.1325 69.9793 0.218675 76.7273 71.3057 0.232727 83.6364 77.0323 0.163636 -1 -1 -1 2 1 10 
10 20 78.3735 70.2435 0.216265 77.0909 71.6512 0.229091 84 77.5612 0.16 -1 -1 -1 2 1 10 
11 20 80.8434 74.0999 0.191566 79.4545 74.2409 0.205455 84.7273 78.7027 0.152727 -1 -1 -1 2 1 10 
12 20 80.8434 74.0999 0.191566 79.4545 74.2409 0.205455 84.7273 78.7027 0.152727 -1 -1 -1 2 1 10 
13 20 82.7711 76.0966 0.172289 78.5455 73.3725 0.214545 85.0909 79.2271 0.149091 -1 -1 -1 2 1 10 
14 20 82.8916 76.24 0.171084 78.5455 73.3725 0.214545 85.4545 79.6123 0.145455 -1 -1 -1 2 1 10 
15 20 82.8916 76.24 0.171084 78.5455 73.3725 0.214545 85.4545 79.6123 0.145455 -1 -1 -1 2 1 10 
16 20 82.8916 76.24 0.171084 78.5455 73.3725 0.214545 85.4545 79.6123 0.145455 -1 -1 -1 2 1 10 
17 20 87.2892 83.9102 0.127108 78.5455 77.1237 0.214545 86.3636 83.8838 0.136364 -1 -1 -1 2 1 10 
18 20 87.2892 83.9102 0.127108 78.5455 77.1237 0.214545 86.3636 83.8838 0.136364 -1 -1 -1 2 1 10 
19 20 88.6747 85.9088 0.113253 78.3636 77.0691 0.216364 86.5455 84.1987 0.134545 -1 -1 -1 2 1 10 
20 20 89.0361 86.3898 0.109639 78.1818 76.8946 0.218182 86.7273 84.4761 0.132727 -1 -1 -1 3 1 10 
21 20 89.0361 86.3898 0.109639 78.1818 76.8946 0.218182 86.7273 84.4761 0.132727 -1 -1 -1 3 1 10 
22 20 89.0361 86.3898 0.109639 78.1818 76.8946 0.218182 86.7273 84.4761 0.132727 -1 -1 -1 3 1 10 
23 20 89.0361 86.3898 0.109639 78.1818 76.8946 0.218182 86.7273 84.4761 0.132727 -1 -1 -1 3 1 10 
24 20 89.0361 86.3898 0.109639 78.1818 76.8946 0.218182 86.7273 84.4761 0.132727 -1 -1 -1 3 1 10 
25 20 89.0361 86.3898 0.109639 78.1818 76.8946 0.218182 86.7273 84.4761 0.132727 -1 -1 -1 3 1 10 
26 20 89.0361 86.3898 0.109639 78.1818 76.8946 0.218182 86.7273 84.4761 0.132727 -1 -1 -1 3 1 10 
27 20 89.0361 86.3898 0.109639 78.1818 76.8946 0.218182 86.7273 84.4761 0.132727 -1 -1 -1 3 1 10 
28 20 89.8193 87.4181 0.101807 78.3636 77.124 0.216364 87.0909 84.8739 0.129091 -1 -1 -1 3 1 10 
29 20 89.6386 87.0301 0.103614 79.2727 77.9413 0.207273 87.2727 85.0882 0.127273 -1 -1 -1 3 1 10 
30 20 89.6386 87.0301 0.103614 79.2727 77.9413 0.207273 87.2727 85.0882 0.127273 -1 -1 -1 3 1 10 
31 20 91.0241 88.5927 0.089759 78.7273 77.456 0.212727 87.6364 85.4836 0.123636 -1 -1 -1 3 1 10 
32 20 91.0241 88.5927 0.089759 78.7273 77.456 0.212727 87.6364 85.4836 0.123636 -1 -1 -1 3 1 10 
33 20 91.0241 88.5927 0.089759 78.7273 77.456 0.212727 87.6364 85.4836 0.123636 -1 -1 -1 3 1 10 
34 20 91.0241 88.5927 0.089759 78.7273 77.456 0.212727 87.6364 85.4836 0.123636 -1 -1 -1 3 1 10 
35 20 91.0241 88.5927 0.089759 78.7273 77.456 0.212727 87.6364 85.4836 0.123636 -1 -1 -1 3 1 10 
36 20 90.9639 88.5115 0.0903614 79.0909 77.722 0.209091 87.8182 85.6641 0.121818 -1 -1 -1 3 1 10 
37 20 90.9639 88.5115 0.0903614 79.0909 77.722 0.209091 87.8182 85.6641 0.121818 -1 -1 -1 3 1 10 
38 20 91.1446 88.7146 0.0885542 78.9091 77.5598 0.210909 88.1818 86.0266 0.118182 -1 -1 -1 3 1 10 
39 20 91.0241 88.5585 0.089759 79.2727 77.9093 0.207273 88.3636 86.2283 0.116364 -1 -1 -1 3 1 10 
40 20 91.0843 88.6266 0.0891566 79.2727 77.9093 0.207273 88.5455 86.4163 0.114545 -1 -1 -1 4 1 10 
41 20 91.0843 88.6266 0.0891566 79.2727 77.9093 0.207273 88.5455 86.4163 0.114545 -1 -1 -1 4 1 10 
42 20 91.0843 88.6266 0.0891566 79.2727 77.9093 0.207273 88.5455 86.4163 0.114545 -1 -1 -1 4 1 10 
43 20 91.0843 88.6266 0.0891566 79.2727 77.9093 0.207273 88.5455 86.4163 0.114545 -1 -1 -1 4 1 10 
44 20 91.0843 88.6266 0.0891566 79.2727 77.9093 0.207273 88.5455 86.4163 0.114545 -1 -1 -1 4 1 10 
45 20 91.0843 88.6266 0.0891566 79.2727 77.9093 0.207273 88.5455 86.4163 0.114545 -1 -1 -1 4 1 10 
46 20 91.0843 88.6266 0.0891566 79.2727 77.9093 0.207273 88.5455 86.4163 0.114545 -1 -1 -1 4 1 10 
47 20 90.4217 87.5911 0.0957831 80.3636 78.9597 0.196364 89.0909 86.7929 0.109091 -1 -1 -1 4 1 10 
48 20 90.4217 87.5911 0.0957831 80.3636 78.9597 0.196364 89.0909 86.7929 0.109091 -1 -1 -1 4 1 10 
49 20 90.4217 87.5911 0.0957831 80.3636 78.9597 0.196364 89.0909 86.7929 0.109091 -1 -1 -1 4 1 10 
50 20 90.4217 87.5911 0.0957831 80.3636 78.9597 0.196364 89.0909 86.7929 0.109091 -1 -1 -1 4 1 10 
51 20 90.4217 87.5911 0.0957831 80.3636 78.9597 0.196364 89.0909 86.7929 0.109091 -1 -1 -1 4 1 10 
52 20 90.4217 87.5911 0.0957831 80.3636 78.9597 0.196364 89.0909 86.7929 0.109091 -1 -1 -1 4 1 10 
53 20 90.4217 87.5911 0.0957831 80.3636 78.9597 0.196364 89.0909 86.7929 0.109091 -1 -1 -1 4 1 10 
54 20 90.4217 87.5583 0.0957831 80.9091 79.4928 0.190909 89.2727 86.9408 0.107273 -1 -1 -1 4 1 10 
55 20 90.4217 87.5583 0.0957831 80.9091 79.4928 0.190909 89.2727 86.9408 0.107273 -1 -1 -1 4 1 10 
56 20 90.4217 87.5583 0.0957831 80.9091 79.4928 0.190909 89.2727 86.9408 0.107273 -1 -1 -1 4 1 10 
57 20 90.4217 87.5583 0.0957831 80.9091 79.4928 0.190909 89.2727 86.9408 0.107273 -1 -1 -1 4 1 10 
58 20 90.4217 87.5583 0.0957831 80.9091 79.4928 0.190909 89.2727 86.9408 0.107273 -1 -1 -1 4 1 10 
59 20 90.4217 87.5583 0.0957831 80.9091 79.4928 0.190909 89.2727 86.9408 0.107273 -1 -1 -1 4 1 10 
60 20 90.4217 87.5583 0.0957831 80.9091 79.4928 0.190909 89.2727 86.9408 0.107273 -1 -1 -1 5 1 10 
61 20 90.4217 87.5583 0.0957831 80.9091 79.4928 0.190909 89.2727 86.9408 0.107273 -1 -1 -1 5 1 10 
62 20 90.4217 87.5583 0.0957831 80.9091 79.4928 0.190909 89.2727 86.9408 0.107273 -1 -1 -1 5 1 10 
63 20 90.4217 87.5583 0.0957831 80.9091 79.4928 0.190909 89.2727 86.9408 0.107273 -1 -1 -1 5 1 10 
64 20 90.4217 87.5583 0.0957831 80.9091 79.4928 0.190909 89.2727 86.9408 0.107273 -1 -1 -1 5 1 10 
65 20 90.4217 87.5583 0.0957831 80.9091 79.4928 0.190909 89.2727 86.9408 0.107273 -1 -1 -1 5 1 10 
66 20 89.5181 85.9099 0.104819 80.5455 79.0063 0.194545 89.4545 86.9663 0.105455 -1 -1 -1 5 1 10 
67 20 89.5181 85.9099 0.104819 80.5455 79.0063 0.194545 89.4545 86.9663 0.105455 -1 -1 -1 5 1 10 
68 20 89.5181 85.9099 0.104819 80.5455 79.0063 0.194545 89.4545 86.9663 0.105455 -1 -1 -1 5 1 10 
69 20 89.5181 85.9099 0.104819 80.5455 79.0063 0.194545 89.4545 86.9663 0.105455 -1 -1 -1 5 1 10 
70 20 89.5181 85.9099 0.104819 80.5455 79.0063 0.194545 89.4545 86.9663 0.105455 -1 -1 -1 5 1 10 
71 20 89.5181 85.9099 0.104819 80.5455 79.0063 0.194545 89.4545 86.9663 0.105455 -1 -1 -1 5 1 10 
72 20 89.4578 85.8144 0.105422 80.3636 78.8312 0.196364 89.6364 87.1764 0.103636 -1 -1 -1 5 1 10 
73 20 89.4578 85.8144 0.105422 80.3636 78.8312 0.196364 89.6364 87.1764 0.103636 -1 -1 -1 5 1 10 
74 20 89.4578 85.8144 0.105422 80.3636 78.8312 0.196364 89.6364 87.1764 0.103636 -1 -1 -1 5 1 10 
75 20 89.4578 85.8144 0.105422 80.3636 78.8312 0.196364 89.6364 87.1764 0.103636 -1 -1 -1 5 1 10 
76 20 89.5783 85.9284 0.104217 80.5455 78.9728 0.194545 89.8182 87.3834 0.101818 -1 -1 -1 5 1 10 
77 20 89.5783 85.9284 0.104217 80.5455 78.9728 0.194545 89.8182 87.3834 0.101818 -1 -1 -1 5 1 10 
78 20 89.5783 85.9284 0.104217 80.5455 78.9728 0.194545 89.8182 87.3834 0.101818 -1 -1 -1 5 1 10 
79 20 89.5783 85.9284 0.104217 80.5455 78.9728 0.194545 89.8182 87.3834 0.101818 -1 -1 -1 5 1 10 
80 20 89.5783 85.9284 0.104217 80.5455 78.9728 0.194545 89.8182 87.3834 0.101818 -1 -1 -1 6 1 10 
