# Created by main.cpp, 2016-06-29.08:45:51
# name: results
# type: matrix
# rows: 275
# columns: 16
1 0 34.7475 17.8942 1.00808 30.8081 16.3448 1.07071 25.4545 14.9811 1.34545 3.41273 0.18 100 6.09091 1 
2 0 39.0572 19.4171 0.795286 33.8384 17.86 0.858586 29.0909 16.5865 1 6.24467 0.346364 100 5.45455 1 
3 0 41.7508 24.5106 0.780471 37.6263 23.2523 0.85101 41.8182 24.9695 0.709091 12.4111 0.574545 100 5.63636 1 
4 0 43.771 25.2329 0.614815 37.6263 23.2523 0.669192 37.5758 24.4944 0.678788 15.0996 0.734545 100 6.36364 1 
5 0 43.771 25.2329 0.614815 37.6263 23.2523 0.669192 36.9697 23.8884 0.70303 17.8802 0.906364 100 5.90909 1 
6 0 44.8485 27.3597 0.610101 38.6364 25.2459 0.674242 40 26.3295 0.654545 21.3659 1.07818 100 6.36364 1 
7 0 44.8485 27.3597 0.610101 38.6364 25.2459 0.674242 39.3939 25.6525 0.660606 23.9521 1.24636 100 5.36364 1 
8 0 45.1178 27.6559 0.607407 38.6364 25.2965 0.659091 40 26.4003 0.672727 26.5058 1.41545 100 5.90909 1 
9 0 45.8586 29.1365 0.6 39.1414 26.7999 0.65404 43.0303 28.9496 0.624242 29.3598 1.58909 100 5.63636 1 
10 0 45.8586 29.247 0.622222 39.1414 26.8966 0.676768 43.0303 29.5385 0.733333 31.9283 1.76364 100 5.09091 1 
11 0 47.2054 32.4652 0.622896 42.1717 30.666 0.669192 44.8485 33.1723 0.69697 37.2313 1.98909 100 5.90909 1 
12 0 47.2054 32.9079 0.637037 43.6869 31.8953 0.661616 48.4848 34.4786 0.678788 41.8173 2.19455 100 5 1 
13 0 47.2054 32.9079 0.637037 43.6869 31.9275 0.669192 49.0909 35.0846 0.654545 44.1326 2.36818 100 5.36364 1 
14 0 47.2054 32.9079 0.637037 43.6869 31.8953 0.661616 48.4848 34.4077 0.660606 46.0137 2.53 100 5.72727 1 
15 0 47.2727 33.2302 0.638384 45.4545 33.1445 0.636364 49.0909 35.4683 0.654545 49.2113 2.71091 100 5.36364 1 
16 0 46.8687 34.2222 0.672727 47.2222 35.2657 0.641414 51.5152 37.0883 0.575758 51.7635 2.89273 100 5.54545 1 
17 0 47.8788 36.1408 0.662626 48.2323 37.1161 0.638889 55.1515 40.2772 0.539394 54.417 3.06818 100 5.63636 1 
18 0 47.8788 36.1408 0.662626 48.2323 37.0839 0.631313 54.5455 39.6003 0.545455 56.4004 3.24091 100 5.36364 1 
19 0 47.8788 36.1408 0.662626 48.2323 37.0839 0.631313 54.5455 39.6003 0.545455 59.1099 3.42273 100 5.27273 1 
20 0 47.8788 36.1408 0.662626 48.2323 37.0839 0.631313 54.5455 39.6003 0.545455 61.2179 3.60455 100 5.36364 1 
21 0 47.8788 36.1408 0.662626 48.2323 37.0839 0.631313 54.5455 39.6003 0.545455 63.1181 3.78182 100 5.27273 1 
22 0 47.8788 36.1408 0.662626 48.2323 37.0839 0.631313 54.5455 39.6003 0.545455 64.7891 3.95273 100 5.36364 1 
23 0 47.8788 36.3652 0.694949 48.2323 37.0155 0.684343 56.9697 41.2226 0.575758 66.8212 4.13545 100 6.18182 1 
24 0 47.8788 36.3652 0.694949 48.2323 37.0478 0.691919 56.9697 41.2226 0.575758 68.4311 4.30818 100 6.18182 1 
25 0 47.8788 36.3652 0.694949 48.2323 37.0155 0.684343 56.3636 40.5456 0.581818 69.483 4.46182 100 5.45455 1 
26 0 49.2929 38.8903 0.680808 51.0101 40.3645 0.656566 56.9697 42.8303 0.575758 72.1861 4.63 100 6.18182 1 
27 0 49.5623 39.1172 0.670034 51.2626 40.504 0.646465 57.5758 42.7293 0.569697 77.2491 4.87091 100 6.09091 1 
28 0 49.5623 39.1172 0.670034 51.2626 40.504 0.646465 57.5758 42.7293 0.569697 79.2761 5.05273 100 6.09091 1 
29 0 49.5623 39.1172 0.670034 51.2626 40.504 0.646465 57.5758 42.7293 0.569697 80.5035 5.22364 100 6.09091 1 
30 0 49.899 41.0871 0.670707 54.0404 43.5315 0.626263 53.9394 43.6553 0.606061 83.868 5.42182 100 6.27273 1 
31 0 49.899 41.0871 0.670707 54.0404 43.5315 0.626263 53.9394 43.6553 0.606061 85.8735 5.61091 100 6.27273 1 
32 0 49.899 41.0871 0.670707 54.0404 43.5315 0.626263 53.9394 43.6553 0.606061 86.6762 5.76 100 6.27273 1 
33 0 52.1886 43.0248 0.581145 55.0505 44.8591 0.540404 53.9394 45.3144 0.515152 89.1448 5.95545 100 6.18182 1 
34 0 52.1886 43.0248 0.581145 55.0505 44.8591 0.540404 53.9394 45.3144 0.515152 89.6844 6.09636 100 6.18182 1 
35 0 52.1886 43.0248 0.581145 55.0505 44.8591 0.540404 53.9394 45.3144 0.515152 90.4244 6.26091 100 6.18182 1 
36 0 52.1886 43.0248 0.581145 55.0505 44.8591 0.540404 53.9394 45.3144 0.515152 91.0817 6.42455 100 6.18182 1 
37 0 55.1515 46.5398 0.49697 57.8283 48.4977 0.467172 55.1515 47.6208 0.448485 95.4562 6.63909 100 6.27273 1 
38 0 55.1515 46.5398 0.49697 57.8283 48.4977 0.467172 55.1515 47.6208 0.448485 96.1838 6.81182 100 6.27273 1 
39 0 55.1515 46.5398 0.49697 57.8283 48.4977 0.467172 55.1515 47.6208 0.448485 97.4153 7.00182 100 6.27273 1 
40 0 55.1515 46.5398 0.49697 57.8283 48.4977 0.467172 55.1515 47.6208 0.448485 97.9824 7.17182 100 6.27273 1 
41 0 56.3636 46.9078 0.466667 58.5859 49.0645 0.429293 58.7879 47.3566 0.412121 101.391 7.38818 100 6 1 
42 0 57.1044 48.3757 0.461279 61.1111 51.4 0.40404 60 48.4821 0.4 104.22 7.59909 100 5.54545 1 
43 0 57.1044 48.3757 0.461279 61.1111 51.4 0.40404 60 48.4821 0.4 104.578 7.77 100 5.54545 1 
44 0 57.1044 48.3757 0.461279 61.1111 51.4 0.40404 60 48.4821 0.4 104.808 7.93364 100 5.54545 1 
45 0 57.1044 48.3757 0.461279 61.1111 51.4 0.40404 60 48.4821 0.4 106.283 8.13727 100 5.54545 1 
46 0 57.1044 48.3757 0.461279 61.1111 51.4 0.40404 60 48.4821 0.4 106.245 8.28818 100 5.54545 1 
47 0 57.1044 48.8666 0.46936 63.1313 53.1373 0.391414 61.2121 49.4417 0.387879 108.467 8.50182 100 5.27273 1 
48 0 57.1044 48.8666 0.46936 63.1313 53.1373 0.391414 61.2121 49.4417 0.387879 109.475 8.67455 100 5.27273 1 
49 0 57.1044 48.8666 0.46936 63.1313 53.1373 0.391414 61.2121 49.4417 0.387879 110.293 8.86273 100 5.27273 1 
50 0 57.9798 50.6411 0.460606 66.1616 56.8681 0.361111 64.8485 51.0885 0.351515 113.448 9.08273 100 4.72727 1 
51 0 57.9798 50.6411 0.460606 66.1616 56.8681 0.361111 64.8485 51.0885 0.351515 114.852 9.29455 100 4.72727 1 
52 0 57.9798 50.6411 0.460606 66.1616 56.8681 0.361111 64.8485 51.0885 0.351515 115.022 9.47 100 4.72727 1 
53 0 57.9798 50.6411 0.460606 66.1616 56.8681 0.361111 64.8485 51.0885 0.351515 115.761 9.67364 100 4.72727 1 
54 0 57.9798 50.8104 0.460606 66.4141 56.9909 0.358586 68.4848 52.5496 0.315152 116.848 9.86091 100 4 1 
55 0 57.9798 50.8104 0.460606 66.4141 56.9909 0.358586 68.4848 52.5496 0.315152 116.543 10.0382 100 4 1 
56 0 57.9798 50.8104 0.460606 66.4141 56.9909 0.358586 68.4848 52.5496 0.315152 115.941 10.1973 100 4 1 
57 0 57.9798 50.8104 0.460606 66.4141 56.9909 0.358586 68.4848 52.5496 0.315152 115.897 10.3782 100 4 1 
58 0 57.9798 50.8104 0.460606 66.4141 56.9909 0.358586 68.4848 52.5496 0.315152 115.536 10.5591 100 4 1 
59 0 57.9798 50.8104 0.460606 66.4141 56.9909 0.358586 68.4848 52.5496 0.315152 114.807 10.7264 100 4 1 
60 0 57.9798 50.8104 0.460606 66.4141 56.9909 0.358586 68.4848 52.5496 0.315152 114.324 10.8818 100 4 1 
61 0 57.9798 50.8104 0.460606 66.4141 56.9909 0.358586 68.4848 52.5496 0.315152 113.356 11.0327 100 4 1 
62 0 57.9798 50.8104 0.460606 66.4141 56.9909 0.358586 68.4848 52.5496 0.315152 112.622 11.2027 100 4 1 
63 0 57.9798 50.8104 0.460606 66.4141 56.9909 0.358586 68.4848 52.5496 0.315152 112.01 11.3745 100 4 1 
64 0 58.2492 51.0091 0.449832 66.6667 57.1256 0.348485 68.4848 52.4045 0.315152 112.193 11.5627 100 4.45455 1 
65 0 58.2492 51.0091 0.449832 66.6667 57.1256 0.348485 68.4848 52.4045 0.315152 111.874 11.7464 100 4.45455 1 
66 0 58.7205 51.4177 0.430976 66.9192 57.473 0.338384 68.4848 52.8237 0.315152 112.071 11.9173 100 4.63636 1 
67 0 58.7205 51.4177 0.430976 66.9192 57.473 0.338384 68.4848 52.8237 0.315152 111.023 12.0927 100 4.63636 1 
68 0 58.7205 51.4177 0.430976 66.9192 57.473 0.338384 68.4848 52.8237 0.315152 110.639 12.2336 100 4.63636 1 
69 0 58.9899 51.4239 0.420202 67.1717 57.8505 0.328283 64.8485 51.7819 0.351515 110.455 12.4173 100 4.81818 1 
70 0 58.9899 51.4239 0.420202 67.1717 57.8505 0.328283 64.8485 51.7819 0.351515 109.848 12.58 100 4.81818 1 
71 0 58.9899 51.4239 0.420202 67.1717 57.8505 0.328283 64.8485 51.7819 0.351515 108.406 12.73 100 4.81818 1 
72 0 58.9899 51.4239 0.420202 67.1717 57.8505 0.328283 64.8485 51.7819 0.351515 108.309 12.9318 100 4.81818 1 
73 0 58.9899 51.4239 0.420202 67.1717 57.8505 0.328283 64.8485 51.7819 0.351515 107.357 13.1209 100 4.81818 1 
