# Created by main.cpp, 2016-06-25.12:28:07
# name: results
# type: matrix
# rows: 101
# columns: 24
1 1.20667 32.4444 16.3847 2.738 1.64 0.164 0 100 13 5.1 3 1 1 -1 0 0 29.3333 15.0334 1 53.0556 47.3085 4.29497e+09 10 
2 1.16815 36.0741 19.6133 6.85608 2.52857 0.354 0 100 13 4.9 3 1 1 -1 0 0 35.3333 19.2162 2 53.0556 47.3085 4.29497e+09 10 
3 0.945185 37.037 20.1786 9.81565 3.07358 0.529 0 100 13 5.4 3 1 1 -1 0 0 33.3333 18.6523 3 53.0556 47.3085 4.29497e+09 10 
4 0.952593 40.2963 24.1154 15.1282 3.77908 0.74 0 100 13 7.4 3 1 1 -1 0 0 38 22.7289 4 53.0556 47.3085 4.29497e+09 10 
5 0.681481 42.5185 26.9777 20.5854 4.38435 0.954 0 100 13 6 3 1 1 -1 0 0 37.3333 24.7567 5 53.0556 47.3085 4.29497e+09 10 
6 0.837778 42.8889 29.0631 24.2075 4.80432 1.143 0 100 13 6.3 3 1 1 -1 0 0 40.6667 28.2446 6 53.0556 47.3085 4.29497e+09 10 
7 0.837778 42.8889 29.0631 26.6399 5.06004 1.31 0 100 13 6.8 3 1 1 -1 0 0 40.6667 28.2446 7 53.0556 47.3085 4.29497e+09 10 
8 0.825926 44.0741 31.3657 30.2294 5.41459 1.497 0 100 13 5.9 3 1 1 -1 0 0 42.6667 30.73 8 53.0556 47.3085 4.29497e+09 10 
9 0.62 46.2222 34.7228 36.7278 5.98437 1.742 0 100 13 4.5 3 1 1 -1 0 0 42.6667 33.6901 9 53.0556 47.3085 4.29497e+09 10 
10 0.62 46.2222 34.7228 39.9102 6.22538 1.922 0 100 13 4.9 3 1 1 -1 0 0 42.6667 33.6901 10 53.0556 47.3085 4.29497e+09 10 
11 0.607407 47.7037 35.8553 44.383 6.56448 2.125 0 100 13 5.5 3 1 1 -1 0 0 45.3333 35.6346 11 53.0556 47.3085 4.29497e+09 10 
12 0.607407 47.7037 35.8553 48.3238 6.84773 2.331 0 100 13 5 3 1 1 -1 0 0 45.3333 35.6346 12 53.0556 47.3085 4.29497e+09 10 
13 0.595556 48.8889 37.6687 51.4522 7.08561 2.522 0 100 13 5.1 3 1 1 -1 0 0 46.6667 37.4664 13 53.0556 47.3085 4.29497e+09 10 
14 0.677778 48.8889 37.6687 53.3105 7.22355 2.679 0 100 13 4.6 3 1 1 -1 0 0 48 37.9676 14 53.0556 47.3085 4.29497e+09 10 
15 0.60963 49.9259 39.531 58.6672 7.57228 2.904 0 100 13 4.6 3 1 1 -1 0 0 48.6667 39.4452 15 53.0556 47.3085 4.29497e+09 10 
16 0.60963 49.9259 39.531 60.5847 7.702 3.074 0 100 13 4.8 3 1 1 -1 0 0 48.6667 39.4452 16 53.0556 47.3085 4.29497e+09 10 
17 0.60963 49.9259 39.531 63.636 7.89862 3.264 0 100 13 4.2 3 1 1 -1 0 0 48.6667 39.4452 17 53.0556 47.3085 4.29497e+09 10 
18 0.60963 49.9259 39.531 65.1539 7.9966 3.423 0 100 13 4.2 3 1 1 -1 0 0 48.6667 39.4452 18 53.0556 47.3085 4.29497e+09 10 
19 0.582222 52.6667 43.2266 69.591 8.2875 3.638 0 100 13 4.8 3 1 1 -1 0 0 53.3333 43.7387 19 53.0556 47.3085 4.29497e+09 10 
20 0.582222 52.6667 43.2266 73.2162 8.49921 3.84 0 100 13 4.8 3 1 1 -1 0 0 53.3333 43.7387 20 53.0556 47.3085 4.29497e+09 10 
21 0.582222 52.6667 43.2266 74.7775 8.59447 4.004 0 100 13 4.8 3 1 1 -1 0 0 53.3333 43.7387 21 53.0556 47.3085 4.29497e+09 10 
22 0.505185 53.2593 43.3195 76.5381 8.70021 4.182 0 100 13 4.7 3 1 1 -1 0 0 53.3333 43.2374 22 53.0556 47.3085 4.29497e+09 10 
23 0.505185 53.2593 43.3195 79.8719 8.87688 4.385 0 100 13 4.7 3 1 1 -1 0 0 53.3333 43.2374 23 53.0556 47.3085 4.29497e+09 10 
24 0.505185 53.2593 43.3195 82.3254 9.01136 4.58 0 100 13 4.7 3 1 1 -1 0 0 53.3333 43.2374 24 53.0556 47.3085 4.29497e+09 10 
25 0.493333 54.4444 44.4648 87.0375 9.26657 4.816 0 100 13 4.6 3 1 1 -1 0 0 56 45.2179 25 53.0556 47.3085 4.29497e+09 10 
26 0.488148 56.5185 47.2929 89.7613 9.4291 4.997 0 100 13 4.8 3 1 1 -1 0 0 58.6667 47.8244 26 53.0556 47.3085 4.29497e+09 10 
27 0.488148 56.5185 47.2929 90.9696 9.49439 5.167 0 100 13 4.8 3 1 1 -1 0 0 58.6667 47.8244 27 53.0556 47.3085 4.29497e+09 10 
28 0.488148 56.5185 47.2929 92.3444 9.56749 5.347 0 100 13 4.8 3 1 1 -1 0 0 58.6667 47.8244 28 53.0556 47.3085 4.29497e+09 10 
29 0.467407 57.037 47.6526 95.281 9.72069 5.55 0 100 13 5.1 3 1 1 -1 0 0 58.6667 47.7306 29 53.0556 47.3085 4.29497e+09 10 
30 0.467407 57.037 47.6526 98.923 9.90609 5.773 0 100 13 5.1 3 1 1 -1 0 0 58.6667 47.7306 30 53.0556 47.3085 4.29497e+09 10 
31 0.467407 57.037 47.6526 99.6542 9.94371 5.922 0 100 13 5.1 3 1 1 -1 0 0 58.6667 47.7306 31 53.0556 47.3085 4.29497e+09 10 
32 0.467407 57.037 47.6526 101.024 10.0107 6.106 0 100 13 5.1 3 1 1 -1 0 0 58.6667 47.7306 32 53.0556 47.3085 4.29497e+09 10 
33 0.467407 57.037 47.6526 101.998 10.0599 6.282 0 100 13 5.1 3 1 1 -1 0 0 58.6667 47.7306 33 53.0556 47.3085 4.29497e+09 10 
34 0.474074 57.2593 47.7879 106.276 10.2593 6.516 0 100 13 5.2 3 1 1 -1 0 0 61.3333 49.2703 34 53.0556 47.3085 4.29497e+09 10 
35 0.474074 57.2593 47.7879 108.777 10.377 6.72 0 100 13 5.2 3 1 1 -1 0 0 61.3333 49.2703 35 53.0556 47.3085 4.29497e+09 10 
36 0.474074 57.2593 47.7879 110.846 10.4734 6.92 0 100 13 5.2 3 1 1 -1 0 0 61.3333 49.2703 36 53.0556 47.3085 4.29497e+09 10 
37 0.466667 58.2222 48.594 115.315 10.6868 7.167 0 100 13 5.4 3 1 1 -1 0 0 62 49.3481 37 53.0556 47.3085 4.29497e+09 10 
38 0.466667 58.2222 48.594 115.64 10.7021 7.33 0 100 13 5.4 3 1 1 -1 0 0 62 49.3481 38 53.0556 47.3085 4.29497e+09 10 
39 0.466667 58.2222 48.594 117.557 10.7886 7.531 0 100 13 5.4 3 1 1 -1 0 0 62 49.3481 39 53.0556 47.3085 4.29497e+09 10 
40 0.466667 58.2222 48.594 119.199 10.8657 7.728 0 100 13 5.4 3 1 1 -1 0 0 62 49.3481 40 53.0556 47.3085 4.29497e+09 10 
41 0.466667 58.2222 48.594 119.283 10.8708 7.871 0 100 13 5.4 3 1 1 -1 0 0 62 49.3481 41 53.0556 47.3085 4.29497e+09 10 
42 0.466667 58.2222 48.594 119.807 10.9001 8.048 0 100 13 5.4 3 1 1 -1 0 0 62 49.3481 42 53.0556 47.3085 4.29497e+09 10 
43 0.466667 58.2222 48.594 119.909 10.906 8.209 0 100 13 5.4 3 1 1 -1 0 0 62 49.3481 43 53.0556 47.3085 4.29497e+09 10 
44 0.466667 58.2222 48.594 120.72 10.9401 8.394 0 100 13 5.4 3 1 1 -1 0 0 62 49.3481 44 53.0556 47.3085 4.29497e+09 10 
45 0.466667 58.2222 48.594 121.436 10.9706 8.58 0 100 13 5.4 3 1 1 -1 0 0 62 49.3481 45 53.0556 47.3085 4.29497e+09 10 
46 0.466667 58.2222 48.594 121.362 10.9671 8.748 0 100 13 5.4 3 1 1 -1 0 0 62 49.3481 46 53.0556 47.3085 4.29497e+09 10 
47 0.466667 58.2222 48.594 122.347 11.0113 8.908 0 100 13 5.4 3 1 1 -1 0 0 62 49.3481 47 53.0556 47.3085 4.29497e+09 10 
48 0.466667 58.2222 48.594 122.098 11.0002 9.069 0 100 13 5.4 3 1 1 -1 0 0 62 49.3481 48 53.0556 47.3085 4.29497e+09 10 
49 0.466667 58.2222 48.594 122.408 11.0136 9.259 0 100 13 5.4 3 1 1 -1 0 0 62 49.3481 49 53.0556 47.3085 4.29497e+09 10 
50 0.466667 58.2222 48.594 122.237 11.0071 9.435 3.85 100 13 5.4 3 1 1 -1 0 0 62 49.3481 50 53.0556 47.3085 4.29497e+09 10 
51 0.466667 58.2222 48.594 122.774 11.0343 9.61 8.65 100 13 5.4 3 1 1 -1 0 0 62 49.3481 51 53.0556 47.3085 4.29497e+09 10 
52 0.466667 58.2222 48.594 122.782 11.0349 9.777 10.35 100 13 5.4 3 1 1 -1 0 0 62 49.3481 52 53.0556 47.3085 4.29497e+09 10 
53 0.466667 58.2222 48.594 122.473 11.0219 9.955 12.45 100 13 5.4 3 1 1 -1 0 0 62 49.3481 53 53.0556 47.3085 4.29497e+09 10 
54 0.466667 58.2222 48.594 121.998 11.0007 10.086 13.7 100 13 5.4 3 1 1 -1 0 0 62 49.3481 54 53.0556 47.3085 4.29497e+09 10 
55 0.466667 58.2222 48.594 121.626 10.9836 10.266 13.95 100 13 5.4 3 1 1 -1 0 0 62 49.3481 55 53.0556 47.3085 4.29497e+09 10 
56 0.466667 58.2222 48.594 120.975 10.9538 10.408 14 100 13 5.4 3 1 1 -1 0 0 62 49.3481 56 53.0556 47.3085 4.29497e+09 10 
57 0.466667 58.2222 48.594 121.417 10.9729 10.6 14 100 13 5.4 3 1 1 -1 0 0 62 49.3481 57 53.0556 47.3085 4.29497e+09 10 
58 0.466667 58.2222 48.594 121.013 10.9539 10.776 14 100 13 5.4 3 1 1 -1 0 0 62 49.3481 58 53.0556 47.3085 4.29497e+09 10 
59 0.466667 58.2222 48.594 120.355 10.9247 10.938 14 100 13 5.4 3 1 1 -1 0 0 62 49.3481 59 53.0556 47.3085 4.29497e+09 10 
60 0.466667 58.2222 48.594 119.551 10.888 11.086 14 100 13 5.4 3 1 1 -1 0 0 62 49.3481 60 53.0556 47.3085 4.29497e+09 10 
61 0.466667 58.2222 48.594 120.696 10.9419 11.313 14 100 13 5.4 3 1 1 -1 0 0 62 49.3481 61 53.0556 47.3085 4.29497e+09 10 
62 0.466667 58.2222 48.594 121.572 10.9752 11.513 14 100 13 5.4 3 1 1 -1 0 0 62 49.3481 62 53.0556 47.3085 4.29497e+09 10 
63 0.466667 58.2222 48.594 120.633 10.9327 11.68 14 100 13 5.4 3 1 1 -1 0 0 62 49.3481 63 53.0556 47.3085 4.29497e+09 10 
