# Created by main.cpp, 2016-06-29.08:44:44
# name: results
# type: matrix
# rows: 275
# columns: 16
1 0 34.0067 17.6247 1.16902 35.101 19.3413 1.18687 32.7273 16.6155 1.2 3.17636 0.174545 100 4.81818 1 
2 0 37.9125 20.9615 0.944108 36.8687 21.5091 1.02525 36.3636 19.1577 0.890909 7.00887 0.350909 100 4.09091 1 
3 0 41.4815 26.4509 0.910438 39.3939 26.4805 1.02273 43.6364 25.6981 0.763636 13.2073 0.577273 100 5.36364 1 
4 0 42.6263 26.9949 0.789899 41.1616 27.3096 0.838384 42.4242 25.4868 0.739394 15.6643 0.736364 100 5.72727 1 
5 0 43.2323 27.209 0.715152 41.9192 27.6 0.732323 41.8182 25.29 0.709091 18.2008 0.9 100 5.81818 1 
6 0 44.1751 29.4732 0.701684 42.9293 29.4642 0.737374 43.6364 28.0332 0.654545 22.2665 1.09182 100 6 1 
7 0 44.7811 29.6873 0.626936 43.9394 30.3391 0.628788 43.0303 27.8365 0.624242 24.6901 1.25455 100 6 1 
8 0 46.4646 32.5162 0.610101 46.2121 32.779 0.606061 41.8182 28.4281 0.636364 28.5927 1.43636 100 5.81818 1 
9 0 46.1953 34.0471 0.693603 47.7273 35.7859 0.643939 41.2121 29.7407 0.751515 31.5092 1.61091 100 5.18182 1 
10 0 46.1953 34.0471 0.693603 47.7273 35.7859 0.643939 41.2121 29.7407 0.751515 33.72 1.77364 100 4.63636 1 
11 0 46.5993 35.2483 0.705724 48.7374 36.9649 0.664141 41.8182 30.6467 0.745455 37.2756 1.95455 100 5.72727 1 
12 0 46.5993 35.2483 0.705724 48.7374 36.9314 0.656566 41.8182 30.6467 0.745455 39.3353 2.11545 100 4.72727 1 
13 0 46.5993 35.2483 0.705724 48.7374 36.9314 0.656566 41.8182 30.6467 0.745455 41.3637 2.27818 100 5.81818 1 
14 0 46.5993 35.2483 0.705724 48.7374 36.9649 0.664141 41.8182 30.6467 0.745455 43.3861 2.44273 100 5.09091 1 
15 0 46.5993 35.2483 0.705724 48.7374 36.9649 0.664141 41.8182 30.6467 0.745455 46.1555 2.61727 100 5.18182 1 
16 0 47.3401 36.9527 0.698316 50 39.2271 0.643939 44.2424 33.2042 0.721212 48.9626 2.79818 100 5.81818 1 
17 0 47.3401 36.9527 0.698316 50 39.2606 0.651515 44.2424 33.2042 0.721212 50.9295 2.96727 100 5.63636 1 
18 0 47.3401 36.9527 0.698316 50 39.2606 0.651515 44.2424 33.2042 0.721212 52.5236 3.12455 100 5.54545 1 
19 0 47.3401 36.9527 0.698316 50 39.2271 0.643939 44.2424 33.2042 0.721212 55.3305 3.30545 100 5.27273 1 
20 0 47.3401 36.9527 0.698316 50 39.2606 0.651515 44.2424 33.2042 0.721212 57.9426 3.47455 100 5.54545 1 
21 0 47.3401 36.9527 0.698316 50 39.2271 0.643939 44.2424 33.2042 0.721212 59.6861 3.64455 100 5.27273 1 
22 0 47.3401 36.9527 0.698316 50 39.2271 0.643939 44.2424 33.2042 0.721212 61.3089 3.81273 100 5.81818 1 
23 0 47.3401 36.9527 0.698316 50 39.2271 0.643939 44.2424 33.2042 0.721212 62.9831 3.98455 100 5 1 
24 0 47.8114 37.6089 0.695623 50.2525 39.8366 0.641414 46.6667 35.8251 0.69697 67.1924 4.20273 100 6 1 
25 0 47.8114 37.6089 0.695623 50.2525 39.8701 0.64899 46.6667 35.8251 0.69697 68.9699 4.37818 100 6.27273 1 
26 0 48.2155 38.0037 0.689562 50.7576 41.0382 0.643939 48.4848 37.3777 0.678788 72.4448 4.55727 100 5.54545 1 
27 0 48.2155 38.0037 0.689562 50.7576 41.0047 0.636364 48.4848 37.3777 0.678788 73.8904 4.73 100 5.27273 1 
28 0 49.7643 39.0315 0.593266 50.7576 40.7424 0.583333 50.9091 39.7009 0.545455 76.7592 4.93818 100 6 1 
29 0 49.7643 39.0315 0.593266 50.7576 40.7424 0.583333 50.9091 39.7009 0.545455 77.8233 5.10091 100 5.18182 1 
30 0 51.3805 41.7924 0.577104 53.7879 44.1305 0.55303 49.697 40.2926 0.557576 81.0219 5.3 100 5.54545 1 
31 0 51.3805 41.7924 0.577104 53.7879 44.1305 0.55303 49.697 40.2926 0.557576 83.7396 5.50727 100 5.54545 1 
32 0 51.3805 41.7924 0.577104 53.7879 44.1305 0.55303 49.697 40.2926 0.557576 85.8835 5.69545 100 5.54545 1 
33 0 52.1886 42.2269 0.544781 55.303 45.2215 0.492424 49.697 39.8021 0.557576 88.3636 5.88 100 6 1 
34 0 52.1886 42.2269 0.544781 55.303 45.2215 0.492424 49.697 39.8021 0.557576 88.9679 6.03273 100 6 1 
35 0 52.1886 42.2269 0.544781 55.303 45.2215 0.492424 49.697 39.8021 0.557576 90.378 6.21909 100 6 1 
36 0 52.1886 42.2269 0.544781 55.303 45.2215 0.492424 49.697 39.8021 0.557576 93.5059 6.43636 100 6 1 
37 0 51.9865 42.381 0.546801 55.303 45.3556 0.492424 51.5152 41.2132 0.539394 95.4607 6.63182 100 6.09091 1 
38 0 51.9865 42.381 0.546801 55.303 45.3556 0.492424 51.5152 41.2132 0.539394 96.5151 6.81273 100 6.09091 1 
39 0 51.9865 42.381 0.546801 55.303 45.3556 0.492424 51.5152 41.2132 0.539394 97.3546 6.97545 100 6.09091 1 
40 0 54.7475 44.766 0.474747 56.3131 46.858 0.467172 55.7576 44.1949 0.442424 100.83 7.21 100 5.63636 1 
41 0 55.3535 45.1768 0.452525 56.8182 47.1755 0.439394 55.1515 43.9676 0.448485 103.158 7.41909 100 5.54545 1 
42 0 56.431 46.5045 0.443771 58.3333 48.2959 0.424242 53.9394 43.4626 0.460606 105.397 7.62909 100 5 1 
43 0 56.431 46.5045 0.443771 58.3333 48.2959 0.424242 53.9394 43.4626 0.460606 105.629 7.79273 100 5 1 
44 0 56.431 46.5045 0.443771 58.3333 48.2959 0.424242 53.9394 43.4626 0.460606 105.856 7.95636 100 5 1 
45 0 56.431 46.5045 0.443771 58.3333 48.2959 0.424242 53.9394 43.4626 0.460606 106.633 8.13455 100 5 1 
46 0 56.431 46.5045 0.443771 58.3333 48.2959 0.424242 53.9394 43.4626 0.460606 106.913 8.30455 100 5 1 
47 0 56.2963 46.8226 0.4633 59.3434 49.0073 0.429293 53.9394 43.7909 0.460606 110.006 8.54273 100 5.18182 1 
48 0 56.2963 46.8226 0.4633 59.3434 49.0073 0.429293 53.9394 43.7909 0.460606 109.948 8.7 100 5.18182 1 
49 0 56.5657 47.0974 0.452525 59.8485 49.4477 0.409091 53.9394 43.7909 0.460606 111.926 8.90727 100 4.72727 1 
50 0 56.5657 47.0974 0.452525 59.8485 49.4477 0.409091 53.9394 43.7909 0.460606 111.951 9.08273 100 4.72727 1 
51 0 56.5657 47.0974 0.452525 59.8485 49.4477 0.409091 53.9394 43.7909 0.460606 114.241 9.30727 100 4.72727 1 
52 0 56.5657 47.0974 0.452525 59.8485 49.4477 0.409091 53.9394 43.7909 0.460606 114.156 9.47818 100 4.72727 1 
53 0 57.6431 48.6387 0.441751 61.6162 51.2308 0.391414 52.1212 42.2757 0.478788 115.496 9.67727 100 4.54545 1 
54 0 57.6431 48.6387 0.441751 61.6162 51.2308 0.391414 52.1212 42.2757 0.478788 115.076 9.82545 100 4.54545 1 
55 0 58.7205 49.501 0.430976 61.6162 51.2694 0.39899 52.1212 42.3379 0.478788 115.965 10.0236 100 4.36364 1 
56 0 58.7205 49.501 0.430976 61.6162 51.2694 0.39899 52.1212 42.3379 0.478788 115.548 10.17 100 4.36364 1 
57 0 58.7205 49.501 0.430976 61.6162 51.2694 0.39899 52.1212 42.3379 0.478788 114.91 10.3345 100 4.36364 1 
58 0 59.0572 49.72 0.417508 61.6162 51.2391 0.39899 52.1212 42.3379 0.478788 115.735 10.5227 100 4.81818 1 
59 0 59.0572 49.72 0.417508 61.6162 51.2391 0.39899 52.1212 42.3379 0.478788 115.009 10.6755 100 4.81818 1 
60 0 59.0572 49.72 0.417508 61.6162 51.2391 0.39899 52.1212 42.3379 0.478788 114.222 10.84 100 4.81818 1 
61 0 59.0572 49.72 0.417508 61.6162 51.2391 0.39899 52.1212 42.3379 0.478788 113.876 11.0245 100 4.81818 1 
62 0 59.0572 49.72 0.417508 61.6162 51.2391 0.39899 52.1212 42.3379 0.478788 113.006 11.1727 100 4.81818 1 
63 0 59.0572 49.72 0.417508 61.6162 51.2391 0.39899 52.1212 42.3379 0.478788 112.731 11.3627 100 4.81818 1 
64 0 59.0572 49.72 0.417508 61.6162 51.2391 0.39899 52.1212 42.3379 0.478788 112.585 11.5509 100 4.81818 1 
65 0 59.0572 49.72 0.417508 61.6162 51.2391 0.39899 52.1212 42.3379 0.478788 111.467 11.71 100 4.81818 1 
66 0 59.0572 49.72 0.417508 61.6162 51.2391 0.39899 52.1212 42.3379 0.478788 112.304 11.91 100 4.81818 1 
67 0 59.0572 49.72 0.417508 61.6162 51.2391 0.39899 52.1212 42.3379 0.478788 111.077 12.0736 100 4.81818 1 
68 0 59.0572 49.72 0.417508 61.6162 51.2391 0.39899 52.1212 42.3379 0.478788 110.452 12.2709 100 4.81818 1 
69 0 59.0572 49.72 0.417508 61.6162 51.2391 0.39899 52.1212 42.3379 0.478788 109.297 12.4273 100 4.81818 1 
70 0 59.1246 49.786 0.416835 61.1111 50.9802 0.40404 55.1515 44.1813 0.448485 109.254 12.63 100 4.72727 1 
71 0 59.1246 49.786 0.416835 61.1111 50.9802 0.40404 55.1515 44.1813 0.448485 107.842 12.7973 100 4.72727 1 
72 0 59.1246 49.786 0.416835 61.1111 50.9802 0.40404 55.1515 44.1813 0.448485 109.668 13.0391 100 4.72727 1 
73 0 59.1246 49.786 0.416835 61.1111 50.9802 0.40404 55.1515 44.1813 0.448485 108.162 13.2118 100 4.72727 1 
