# Created by main.cpp, 2016-06-25.12:27:46
# name: results
# type: matrix
# rows: 101
# columns: 24
1 1.1837 32.7407 16.8966 2.958 1.7 0.17 0 100 13 5.4 3 1 1 -1 0 0 34 17.4286 1 57.2222 48.3662 1 10 
2 0.973333 37.1111 20.0807 6.97765 2.54932 0.357 0 100 13 5 3 1 1 -1 0 0 38.6667 20.5752 2 57.2222 48.3662 1 10 
3 0.914815 38.0741 20.6447 9.78266 3.06463 0.527 0 100 13 5.2 3 1 1 -1 0 0 40.6667 21.3688 3 57.2222 48.3662 1 10 
4 0.761481 41.4074 24.4809 14.6671 3.72923 0.729 0 100 13 5.8 3 1 1 -1 0 0 44.6667 25.8133 4 57.2222 48.3662 1 10 
5 0.679259 41.8519 24.6387 18.1558 4.13085 0.909 0 100 13 6.2 3 1 1 -1 0 0 44.6667 25.8133 5 57.2222 48.3662 1 10 
6 0.748889 42 26.7441 21.9123 4.5765 1.099 0 100 13 5.7 3 1 1 -1 0 0 43.3333 26.726 6 57.2222 48.3662 1 10 
7 0.748889 42 26.7441 24.4153 4.85189 1.267 0 100 13 5.1 3 1 1 -1 0 0 43.3333 26.726 7 57.2222 48.3662 1 10 
8 0.738519 43.037 29.0449 28.1345 5.22953 1.456 0 100 13 5.6 3 1 1 -1 0 0 43.3333 28.3768 8 57.2222 48.3662 1 10 
9 0.61037 46.5185 33.386 34.3546 5.79603 1.689 0 100 13 4.9 3 1 1 -1 0 0 44 30.6387 9 57.2222 48.3662 1 10 
10 0.61037 46.5185 33.386 37.3448 6.02521 1.859 0 100 13 5.2 3 1 1 -1 0 0 44 30.6387 10 57.2222 48.3662 1 10 
11 0.602222 47.5556 34.308 41.8813 6.37965 2.065 0 100 13 4.4 3 1 1 -1 0 0 46 32.0831 11 57.2222 48.3662 1 10 
12 0.602222 47.5556 34.308 44.5248 6.58211 2.245 0 100 13 5.3 3 1 1 -1 0 0 46 32.0831 12 57.2222 48.3662 1 10 
13 0.574074 50.3704 39.0527 49.6087 6.97542 2.468 0 100 13 4.6 3 1 1 -1 0 0 49.3333 37.4599 13 57.2222 48.3662 1 10 
14 0.574074 50.3704 39.0527 51.6036 7.12315 2.628 0 100 13 4.6 3 1 1 -1 0 0 49.3333 37.4599 14 57.2222 48.3662 1 10 
15 0.591111 50.8889 40.1766 55.1085 7.3695 2.822 0 100 13 4.7 3 1 1 -1 0 0 50.6667 40.1239 15 57.2222 48.3662 1 10 
16 0.581481 51.8519 41.9695 58.2308 7.58947 3.017 0 100 13 4.4 3 1 1 -1 0 0 52 42.1385 16 57.2222 48.3662 1 10 
17 0.581481 51.8519 41.9695 61.6838 7.8112 3.219 0 100 13 4.4 3 1 1 -1 0 0 52 42.1385 17 57.2222 48.3662 1 10 
18 0.581481 51.8519 41.9695 63.351 7.91885 3.383 0 100 13 4.4 3 1 1 -1 0 0 52 42.1385 18 57.2222 48.3662 1 10 
19 0.574815 52.5185 42.7054 67.6376 8.1782 3.598 0 100 13 4.4 3 1 1 -1 0 0 52.6667 42.6941 19 57.2222 48.3662 1 10 
20 0.574815 52.5185 42.7054 69.5331 8.29837 3.772 0 100 13 4.4 3 1 1 -1 0 0 52.6667 42.6941 20 57.2222 48.3662 1 10 
21 0.574815 52.5185 42.7054 71.2498 8.40409 3.941 0 100 13 4.4 3 1 1 -1 0 0 52.6667 42.6941 21 57.2222 48.3662 1 10 
22 0.500741 53.2593 42.8772 73.0207 8.51203 4.107 0 100 13 4.3 3 1 1 -1 0 0 52.6667 42.0988 22 57.2222 48.3662 1 10 
23 0.502963 53.037 42.896 76.4259 8.69652 4.308 0 100 13 3.6 3 1 1 -1 0 0 52 41.3612 23 57.2222 48.3662 1 10 
24 0.502963 53.037 42.896 77.6752 8.76727 4.454 0 100 13 3.6 3 1 1 -1 0 0 52 41.3612 24 57.2222 48.3662 1 10 
25 0.502963 53.037 42.896 79.6349 8.88172 4.633 0 100 13 3.6 3 1 1 -1 0 0 52 41.3612 25 57.2222 48.3662 1 10 
26 0.528148 54.5185 45.7508 85.8485 9.22556 4.893 0 100 13 4.4 3 1 1 -1 0 0 51.3333 42.4442 26 57.2222 48.3662 1 10 
27 0.528148 54.5185 45.7508 87.5659 9.32024 5.079 0 100 13 4.4 3 1 1 -1 0 0 51.3333 42.4442 27 57.2222 48.3662 1 10 
28 0.528148 54.5185 45.7508 88.6295 9.37772 5.232 0 100 13 4.4 3 1 1 -1 0 0 51.3333 42.4442 28 57.2222 48.3662 1 10 
29 0.513333 54.8889 46.0134 91.2017 9.51387 5.414 0 100 13 4.7 3 1 1 -1 0 0 51.3333 42.4442 29 57.2222 48.3662 1 10 
30 0.513333 54.8889 46.0134 95.2659 9.72323 5.652 0 100 13 4.7 3 1 1 -1 0 0 51.3333 42.4442 30 57.2222 48.3662 1 10 
31 0.513333 54.8889 46.0134 97.6942 9.84308 5.855 0 100 13 4.7 3 1 1 -1 0 0 51.3333 42.4442 31 57.2222 48.3662 1 10 
32 0.588889 55.5556 46.593 100.53 9.98905 6.074 0 100 13 4.9 3 1 1 -1 0 0 50 41.1914 32 57.2222 48.3662 1 10 
33 0.588889 55.5556 46.593 101.442 10.0355 6.247 0 100 13 4.9 3 1 1 -1 0 0 50 41.1914 33 57.2222 48.3662 1 10 
34 0.588889 55.5556 46.593 102.541 10.0903 6.428 0 100 13 4.9 3 1 1 -1 0 0 50 41.1914 34 57.2222 48.3662 1 10 
35 0.588889 55.5556 46.593 105.662 10.238 6.654 0 100 13 4.9 3 1 1 -1 0 0 50 41.1914 35 57.2222 48.3662 1 10 
36 0.588889 55.5556 46.593 106.288 10.2696 6.822 0 100 13 4.9 3 1 1 -1 0 0 50 41.1914 36 57.2222 48.3662 1 10 
37 0.588889 55.5556 46.593 108.31 10.3643 7.013 0 100 13 4.9 3 1 1 -1 0 0 50 41.1914 37 57.2222 48.3662 1 10 
38 0.588889 55.5556 46.593 109.411 10.4203 7.198 0 100 13 4.9 3 1 1 -1 0 0 50 41.1914 38 57.2222 48.3662 1 10 
39 0.564444 55.7778 46.8685 111.281 10.511 7.391 0 100 13 4.1 3 1 1 -1 0 0 49.3333 40.7893 39 57.2222 48.3662 1 10 
40 0.564444 55.7778 46.8685 112.54 10.5714 7.579 0 100 13 4.1 3 1 1 -1 0 0 49.3333 40.7893 40 57.2222 48.3662 1 10 
41 0.564444 55.7778 46.8685 112.791 10.5846 7.745 0 100 13 4.1 3 1 1 -1 0 0 49.3333 40.7893 41 57.2222 48.3662 1 10 
42 0.564444 55.7778 46.8685 113.551 10.6245 7.932 0 100 13 4.1 3 1 1 -1 0 0 49.3333 40.7893 42 57.2222 48.3662 1 10 
43 0.564444 55.7778 46.8685 113.583 10.6272 8.083 0 100 13 4.1 3 1 1 -1 0 0 49.3333 40.7893 43 57.2222 48.3662 1 10 
44 0.574074 55.9259 46.8962 115.862 10.7256 8.283 0 100 13 4.8 3 1 1 -1 0 0 49.3333 40.6227 44 57.2222 48.3662 1 10 
45 0.574074 55.9259 46.8962 117.668 10.8035 8.507 0 100 13 4.8 3 1 1 -1 0 0 49.3333 40.6227 45 57.2222 48.3662 1 10 
46 0.574074 55.9259 46.8962 117.502 10.7967 8.657 0 100 13 4.8 3 1 1 -1 0 0 49.3333 40.6227 46 57.2222 48.3662 1 10 
47 0.574074 55.9259 46.8962 118.17 10.8264 8.837 0 100 13 4.8 3 1 1 -1 0 0 49.3333 40.6227 47 57.2222 48.3662 1 10 
48 0.574074 55.9259 46.8962 118.134 10.8259 9.009 0 100 13 4.8 3 1 1 -1 0 0 49.3333 40.6227 48 57.2222 48.3662 1 10 
49 0.574074 55.9259 46.8962 118.057 10.8228 9.186 0 100 13 4.8 3 1 1 -1 0 0 49.3333 40.6227 49 57.2222 48.3662 1 10 
50 0.574074 55.9259 46.8962 117.83 10.8135 9.354 3.75 100 13 4.8 3 1 1 -1 0 0 49.3333 40.6227 50 57.2222 48.3662 1 10 
51 0.574074 55.9259 46.8962 117.523 10.7998 9.522 9.05 100 13 4.8 3 1 1 -1 0 0 49.3333 40.6227 51 57.2222 48.3662 1 10 
52 0.574074 55.9259 46.8962 117.315 10.7904 9.7 11.35 100 13 4.8 3 1 1 -1 0 0 49.3333 40.6227 52 57.2222 48.3662 1 10 
53 0.574074 55.9259 46.8962 117.417 10.797 9.891 12.4 100 13 4.8 3 1 1 -1 0 0 49.3333 40.6227 53 57.2222 48.3662 1 10 
54 0.574074 55.9259 46.8962 117.886 10.813 10.037 12.7 100 13 4.8 3 1 1 -1 0 0 49.3333 40.6227 54 57.2222 48.3662 1 10 
55 0.574074 55.9259 46.8962 118.032 10.8208 10.201 13.35 100 13 4.8 3 1 1 -1 0 0 49.3333 40.6227 55 57.2222 48.3662 1 10 
56 0.574074 55.9259 46.8962 118.937 10.8579 10.377 13.8 100 13 4.8 3 1 1 -1 0 0 49.3333 40.6227 56 57.2222 48.3662 1 10 
57 0.574074 55.9259 46.8962 118.592 10.8419 10.559 14 100 13 4.8 3 1 1 -1 0 0 49.3333 40.6227 57 57.2222 48.3662 1 10 
58 0.574074 55.9259 46.8962 117.803 10.8059 10.721 14 100 13 4.8 3 1 1 -1 0 0 49.3333 40.6227 58 57.2222 48.3662 1 10 
59 0.574074 55.9259 46.8962 117.066 10.7724 10.89 14 100 13 4.8 3 1 1 -1 0 0 49.3333 40.6227 59 57.2222 48.3662 1 10 
60 0.574074 55.9259 46.8962 116.275 10.7358 11.038 14 100 13 4.8 3 1 1 -1 0 0 49.3333 40.6227 60 57.2222 48.3662 1 10 
61 0.494074 55.7037 47.0848 116.755 10.7574 11.252 14.05 100 13 4.8 3 1 1 -1 0 0 48.6667 39.6227 61 57.2222 48.3662 1 10 
62 0.494074 55.7037 47.0848 117.1 10.7738 11.442 14.1 100 13 4.8 3 1 1 -1 0 0 48.6667 39.6227 62 57.2222 48.3662 1 10 
63 0.482222 56 47.4131 117.586 10.7878 11.643 14.2 100 13 4.2 3 1 1 -1 0 0 50 40.8328 63 57.2222 48.3662 1 10 
64 0.482222 56 47.4131 117.797 10.8 11.849 14.25 100 13 4.2 3 1 1 -1 0 0 50 40.8328 64 57.2222 48.3662 1 10 
65 0.482222 56 47.4131 117.692 10.7947 12.04 14.3 100 13 4.2 3 1 1 -1 0 0 50 40.8328 65 57.2222 48.3662 1 10 
66 0.482222 56 47.4131 116.651 10.7463 12.2 14.4 100 13 4.2 3 1 1 -1 0 0 50 40.8328 66 57.2222 48.3662 1 10 
67 0.482222 56 47.4131 115.33 10.6848 12.363 14.6 100 13 4.2 3 1 1 -1 0 0 50 40.8328 67 57.2222 48.3662 1 10 
68 0.482222 56 47.4131 114.084 10.6258 12.513 14.95 100 13 4.2 3 1 1 -1 0 0 50 40.8328 68 57.2222 48.3662 1 10 
69 0.482222 56 47.4131 112.675 10.5597 12.675 15.1 100 13 4.2 3 1 1 -1 0 0 50 40.8328 69 57.2222 48.3662 1 10 
