# Created by main.cpp, 2016-06-25.12:27:56
# name: results
# type: matrix
# rows: 101
# columns: 24
1 1.22 32.2222 17.265 3.184 1.76 0.176 0 100 13 5.1 3 1 1 -1 0 0 30 16.309 1 57.2222 48.7054 4.29497e+09 10 
2 0.96 38.6667 22.8525 9.4419 2.86392 0.398 0 100 13 5.1 3 1 1 -1 0 0 38.6667 23.2596 2 57.2222 48.7054 4.29497e+09 10 
3 0.914074 39.2593 23.2781 12.3849 3.36962 0.573 0 100 13 4.8 3 1 1 -1 0 0 40.6667 23.9879 3 57.2222 48.7054 4.29497e+09 10 
4 0.757037 42.7407 27.2977 17.6831 4.04732 0.782 0 100 13 5.3 3 1 1 -1 0 0 44 28.2894 4 57.2222 48.7054 4.29497e+09 10 
5 0.667407 43.2593 27.4849 21.3158 4.44622 0.969 0 100 13 6.1 3 1 1 -1 0 0 44.6667 28.4323 5 57.2222 48.7054 4.29497e+09 10 
6 0.731111 43.7778 29.7652 25.2083 4.88628 1.163 0 100 13 5.8 3 1 1 -1 0 0 44.6667 30.7061 6 57.2222 48.7054 4.29497e+09 10 
7 0.731111 43.7778 29.7652 27.5915 5.13833 1.328 0 100 13 5 3 1 1 -1 0 0 44 29.6585 7 57.2222 48.7054 4.29497e+09 10 
8 0.717778 45.1111 32.204 31.5488 5.52443 1.524 0 100 13 5.7 3 1 1 -1 0 0 46 33.6193 8 57.2222 48.7054 4.29497e+09 10 
9 0.582963 48.5926 36.2498 37.4368 6.04836 1.751 0 100 13 4.8 3 1 1 -1 0 0 47.3333 36.342 9 57.2222 48.7054 4.29497e+09 10 
10 0.582963 48.5926 36.2498 40.4154 6.27098 1.922 0 100 13 5.5 3 1 1 -1 0 0 47.3333 36.342 10 57.2222 48.7054 4.29497e+09 10 
11 0.576296 49.4815 37.0679 44.8896 6.60869 2.127 0 100 13 4.5 3 1 1 -1 0 0 48.6667 37.7817 11 57.2222 48.7054 4.29497e+09 10 
12 0.576296 49.4815 37.0679 47.3089 6.79069 2.302 0 100 13 5.6 3 1 1 -1 0 0 48 36.7341 12 57.2222 48.7054 4.29497e+09 10 
13 0.573333 52 41.2594 52.8255 7.20253 2.534 0 100 13 5.3 3 1 1 -1 0 0 49.3333 40.5838 13 57.2222 48.7054 4.29497e+09 10 
14 0.573333 52 41.2594 54.9698 7.35585 2.7 0 100 13 5.7 3 1 1 -1 0 0 49.3333 40.5838 14 57.2222 48.7054 4.29497e+09 10 
15 0.555556 52.4444 41.5846 58.6938 7.59668 2.895 0 100 13 5.1 3 1 1 -1 0 0 50 41.0759 15 57.2222 48.7054 4.29497e+09 10 
16 0.482963 55.4815 46.0831 63.51 7.9353 3.121 0 100 13 5.3 3 1 1 -1 0 0 52 44.2906 16 57.2222 48.7054 4.29497e+09 10 
17 0.482963 55.4815 46.0831 68.3501 8.23133 3.351 0 100 13 5.3 3 1 1 -1 0 0 52 44.2906 17 57.2222 48.7054 4.29497e+09 10 
18 0.482963 55.4815 46.0831 69.9035 8.32694 3.513 0 100 13 5.3 3 1 1 -1 0 0 52 44.2906 18 57.2222 48.7054 4.29497e+09 10 
19 0.482963 55.4815 46.0831 71.6395 8.43177 3.684 0 100 13 5.3 3 1 1 -1 0 0 52 44.2906 19 57.2222 48.7054 4.29497e+09 10 
20 0.482963 55.4815 46.0831 73.6106 8.55123 3.862 0 100 13 5.3 3 1 1 -1 0 0 52 44.2906 20 57.2222 48.7054 4.29497e+09 10 
21 0.482963 55.4815 46.0831 75.1935 8.64497 4.026 0 100 13 5.3 3 1 1 -1 0 0 52 44.2906 21 57.2222 48.7054 4.29497e+09 10 
22 0.482963 55.4815 46.0831 76.9305 8.74529 4.204 0 100 13 5.3 3 1 1 -1 0 0 52 44.2906 22 57.2222 48.7054 4.29497e+09 10 
23 0.482963 55.4815 46.0831 80.1261 8.91553 4.402 0 100 13 5.3 3 1 1 -1 0 0 52 44.2906 23 57.2222 48.7054 4.29497e+09 10 
24 0.482963 55.4815 46.0831 82.005 9.02132 4.583 0 100 13 5.3 3 1 1 -1 0 0 52 44.2906 24 57.2222 48.7054 4.29497e+09 10 
25 0.482963 55.4815 46.0831 84.43 9.15366 4.777 0 100 13 5.3 3 1 1 -1 0 0 52 44.2906 25 57.2222 48.7054 4.29497e+09 10 
26 0.482963 55.4815 46.0831 86.9229 9.28591 4.977 0 100 13 5.3 3 1 1 -1 0 0 52 44.2906 26 57.2222 48.7054 4.29497e+09 10 
27 0.482963 55.4815 46.0831 88.4917 9.3741 5.144 0 100 13 5.3 3 1 1 -1 0 0 52 44.2906 27 57.2222 48.7054 4.29497e+09 10 
28 0.482963 55.4815 46.0831 90.1152 9.46258 5.331 0 100 13 5.3 3 1 1 -1 0 0 52 44.2906 28 57.2222 48.7054 4.29497e+09 10 
29 0.482963 55.4815 46.0831 91.1423 9.51658 5.492 0 100 13 5.3 3 1 1 -1 0 0 52 44.2906 29 57.2222 48.7054 4.29497e+09 10 
30 0.482963 55.4815 46.0831 92.5925 9.59381 5.676 0 100 13 5.3 3 1 1 -1 0 0 52 44.2906 30 57.2222 48.7054 4.29497e+09 10 
31 0.482963 55.4815 46.0831 93.6443 9.65033 5.844 0 100 13 5.3 3 1 1 -1 0 0 52 44.2906 31 57.2222 48.7054 4.29497e+09 10 
32 0.551111 56.4444 46.8317 96.2323 9.78622 6.054 0 100 13 5.5 3 1 1 -1 0 0 51.3333 43.1795 32 57.2222 48.7054 4.29497e+09 10 
33 0.551111 56.4444 46.8317 97.1526 9.83356 6.228 0 100 13 5.5 3 1 1 -1 0 0 51.3333 43.1795 33 57.2222 48.7054 4.29497e+09 10 
34 0.551111 56.4444 46.8317 98.122 9.88225 6.39 0 100 13 5.5 3 1 1 -1 0 0 51.3333 43.1795 34 57.2222 48.7054 4.29497e+09 10 
35 0.551111 56.4444 46.8317 98.7957 9.91676 6.558 0 100 13 5.5 3 1 1 -1 0 0 51.3333 43.1795 35 57.2222 48.7054 4.29497e+09 10 
36 0.567407 56.5926 47.1085 101.084 10.0329 6.756 0 100 13 5.4 3 1 1 -1 0 0 52 43.9171 36 57.2222 48.7054 4.29497e+09 10 
37 0.567407 56.5926 47.1085 103.708 10.157 6.969 0 100 13 5.4 3 1 1 -1 0 0 52 43.9171 37 57.2222 48.7054 4.29497e+09 10 
38 0.497778 56.6667 47.4508 105.931 10.2653 7.176 0 100 13 5.9 3 1 1 -1 0 0 53.3333 46.0771 38 57.2222 48.7054 4.29497e+09 10 
39 0.497778 56.6667 47.4508 106.398 10.2894 7.346 0 100 13 5.9 3 1 1 -1 0 0 53.3333 46.0771 39 57.2222 48.7054 4.29497e+09 10 
40 0.497778 56.6667 47.4508 107.054 10.3216 7.526 0 100 13 5.9 3 1 1 -1 0 0 53.3333 46.0771 40 57.2222 48.7054 4.29497e+09 10 
41 0.497778 56.6667 47.4508 107.845 10.36 7.695 0 100 13 5.9 3 1 1 -1 0 0 53.3333 46.0771 41 57.2222 48.7054 4.29497e+09 10 
42 0.480741 57.9259 48.5639 110.124 10.4796 7.908 0 100 13 6.1 3 1 1 -1 0 0 54.6667 47.2872 42 57.2222 48.7054 4.29497e+09 10 
43 0.480741 57.9259 48.5639 112.525 10.5873 8.119 0 100 13 6.1 3 1 1 -1 0 0 54.6667 47.2872 43 57.2222 48.7054 4.29497e+09 10 
44 0.468148 59.1852 49.7591 116.264 10.7616 8.366 0 100 13 6.8 3 1 1 -1 0 0 55.3333 47.7354 44 57.2222 48.7054 4.29497e+09 10 
45 0.441481 59.8519 50.4308 119.119 10.8961 8.589 0 100 13 6.8 3 1 1 -1 0 0 56.6667 49.4215 45 57.2222 48.7054 4.29497e+09 10 
46 0.441481 59.8519 50.4308 122.695 11.0482 8.817 0 100 13 6.8 3 1 1 -1 0 0 56.6667 49.4215 46 57.2222 48.7054 4.29497e+09 10 
47 0.441481 59.8519 50.4308 123.317 11.0744 8.993 0 100 13 6.8 3 1 1 -1 0 0 56.6667 49.4215 47 57.2222 48.7054 4.29497e+09 10 
48 0.441481 59.8519 50.4308 124.02 11.1067 9.151 0 100 13 6.8 3 1 1 -1 0 0 56.6667 49.4215 48 57.2222 48.7054 4.29497e+09 10 
49 0.441481 59.8519 50.4308 124.367 11.1254 9.315 0 100 13 6.8 3 1 1 -1 0 0 56.6667 49.4215 49 57.2222 48.7054 4.29497e+09 10 
50 0.441481 59.8519 50.4308 124.148 11.1164 9.465 1.95 100 13 6.8 3 1 1 -1 0 0 56.6667 49.4215 50 57.2222 48.7054 4.29497e+09 10 
51 0.441481 59.8519 50.4308 124.149 11.1175 9.626 5.35 100 13 6.8 3 1 1 -1 0 0 56.6667 49.4215 51 57.2222 48.7054 4.29497e+09 10 
52 0.441481 59.8519 50.4308 125.031 11.1588 9.833 9.65 100 13 6.8 3 1 1 -1 0 0 56.6667 49.4215 52 57.2222 48.7054 4.29497e+09 10 
53 0.441481 59.8519 50.4308 126.435 11.2181 10.033 12.35 100 13 6.8 3 1 1 -1 0 0 56.6667 49.4215 53 57.2222 48.7054 4.29497e+09 10 
54 0.441481 59.8519 50.4308 125.87 11.1932 10.193 13.8 100 13 6.8 3 1 1 -1 0 0 56.6667 49.4215 54 57.2222 48.7054 4.29497e+09 10 
55 0.441481 59.8519 50.4308 125.261 11.1661 10.343 14.45 100 13 6.8 3 1 1 -1 0 0 56.6667 49.4215 55 57.2222 48.7054 4.29497e+09 10 
56 0.441481 59.8519 50.4308 125.184 11.1614 10.497 14.75 100 13 6.8 3 1 1 -1 0 0 56.6667 49.4215 56 57.2222 48.7054 4.29497e+09 10 
57 0.441481 59.8519 50.4308 126.288 11.2129 10.681 14.9 100 13 6.8 3 1 1 -1 0 0 56.6667 49.4215 57 57.2222 48.7054 4.29497e+09 10 
58 0.441481 59.8519 50.4308 125.485 11.1771 10.842 14.95 100 13 6.8 3 1 1 -1 0 0 56.6667 49.4215 58 57.2222 48.7054 4.29497e+09 10 
59 0.441481 59.8519 50.4308 124.875 11.15 10.985 14.95 100 13 6.8 3 1 1 -1 0 0 56.6667 49.4215 59 57.2222 48.7054 4.29497e+09 10 
60 0.408889 61.3333 52.8789 127.653 11.2677 11.213 15.05 100 13 6.4 3 1 1 -1 0 0 57.3333 51.0009 60 57.2222 48.7054 4.29497e+09 10 
61 0.408889 61.3333 52.8789 127.025 11.2397 11.359 15.1 100 13 6.4 3 1 1 -1 0 0 57.3333 51.0009 61 57.2222 48.7054 4.29497e+09 10 
62 0.408889 61.3333 52.8789 127.056 11.2447 11.534 15.1 100 13 6.4 3 1 1 -1 0 0 57.3333 51.0009 62 57.2222 48.7054 4.29497e+09 10 
63 0.408889 61.3333 52.8789 126.076 11.2013 11.708 15.1 100 13 6.4 3 1 1 -1 0 0 57.3333 51.0009 63 57.2222 48.7054 4.29497e+09 10 
