# Created by main.cpp, 2016-06-29.08:45:22
# name: results
# type: matrix
# rows: 275
# columns: 16
1 0 33.468 17.4202 1.08956 33.8384 17.6906 1.07828 33.3333 17.7582 1.12121 3.20273 0.173636 100 3.90909 1 
2 0 36.431 18.538 0.977104 36.8687 18.8825 0.941919 36.9697 19.4085 0.939394 5.51927 0.324545 100 4.18182 1 
3 0 41.7508 26.4549 0.790572 44.1919 28.2255 0.709596 46.6667 29.0449 0.642424 13.3881 0.582727 100 4.72727 1 
4 0 43.569 27.2346 0.639057 44.1919 28.414 0.626263 43.0303 28.1265 0.660606 16.2046 0.755455 100 6.45455 1 
5 0 42.6936 27.2746 0.724579 42.9293 28.2486 0.737374 43.6364 30.0581 0.745455 19.2711 0.937273 100 6 1 
6 0 42.6263 29.4594 0.777778 43.4343 31.1042 0.762626 44.8485 32.9522 0.733333 23.1455 1.12273 100 5.72727 1 
7 0 42.6263 29.4594 0.777778 43.4343 31.1042 0.762626 44.8485 32.8725 0.715152 25.3373 1.27636 100 6.36364 1 
8 0 42.6936 30.6451 0.779125 42.9293 32.0296 0.767677 46.0606 35.9607 0.70303 28.225 1.45273 100 6.27273 1 
9 0 42.6936 30.6451 0.779125 43.6869 33.0569 0.737374 46.6667 36.4592 0.678788 31.6263 1.63455 100 5.63636 1 
10 0 42.6936 30.6451 0.779125 42.9293 32.0296 0.767677 45.4545 35.2873 0.727273 33.7943 1.79818 100 5.81818 1 
11 0 42.6936 30.6451 0.779125 43.6869 33.0569 0.737374 46.0606 35.7061 0.684848 36.3479 1.97636 100 6.18182 1 
12 0 43.9731 34.2529 0.77037 43.6869 34.7811 0.760101 49.697 40.5543 0.666667 42.0104 2.20182 100 6.18182 1 
13 0 44.7138 34.6047 0.760943 45.9596 36.5705 0.714646 52.7273 41.474 0.6 45.0235 2.38909 100 5.90909 1 
14 0 44.7138 34.6047 0.760943 45.202 35.5432 0.744949 52.1212 40.9755 0.624242 46.8755 2.55091 100 6.81818 1 
15 0 44.7811 34.737 0.713805 45.7071 36.249 0.671717 51.5152 40.7683 0.539394 49.7186 2.73818 100 6.36364 1 
16 0 44.9832 34.8337 0.697643 44.9495 35.6798 0.671717 50.9091 41.3245 0.563636 54.4873 2.95727 100 6.72727 1 
17 0 46.6667 37.9855 0.692929 46.7172 38.7044 0.661616 53.3333 44.5851 0.539394 59.0798 3.16818 100 6.18182 1 
18 0 46.6667 37.9855 0.692929 46.7172 38.7044 0.661616 53.3333 44.5851 0.539394 60.9154 3.33818 100 6.18182 1 
19 0 46.6667 37.9855 0.692929 46.7172 38.7044 0.661616 53.3333 44.5851 0.539394 62.3018 3.49273 100 6.18182 1 
20 0 46.6667 37.9855 0.692929 46.7172 38.7044 0.661616 53.3333 44.5851 0.539394 63.8716 3.65091 100 6.18182 1 
21 0 46.6667 37.9855 0.692929 46.7172 38.7044 0.661616 53.3333 44.5851 0.539394 65.3774 3.81455 100 6.18182 1 
22 0 46.6667 37.9855 0.692929 46.7172 38.7044 0.661616 53.3333 44.5851 0.539394 67.0892 3.98818 100 6.18182 1 
23 0 47.8788 38.1985 0.678788 47.9798 38.5686 0.679293 55.7576 44.1947 0.533333 69.6794 4.18091 100 6.54545 1 
24 0 47.8788 38.1985 0.678788 47.9798 38.5686 0.679293 55.7576 44.1947 0.533333 72.8715 4.39273 100 6.54545 1 
25 0 47.8788 38.1985 0.678788 47.9798 38.5686 0.679293 55.7576 44.1947 0.533333 74.4723 4.56545 100 6.54545 1 
26 0 47.8788 38.1985 0.678788 47.9798 38.5686 0.679293 55.7576 44.1947 0.533333 76.727 4.74818 100 6.54545 1 
27 0 47.8788 38.1985 0.678788 47.9798 38.5686 0.679293 55.7576 44.1947 0.533333 78.0616 4.91818 100 6.54545 1 
28 0 49.2929 39.2499 0.634343 49.2424 39.311 0.636364 56.9697 43.8968 0.50303 80.8142 5.12273 100 6.36364 1 
29 0 49.2929 39.2499 0.634343 49.2424 39.311 0.636364 56.9697 43.8968 0.50303 81.8444 5.28727 100 6.36364 1 
30 0 49.2929 39.2499 0.634343 49.2424 39.311 0.636364 56.9697 43.8968 0.50303 83.8807 5.47364 100 6.36364 1 
31 0 49.2929 39.2499 0.634343 49.2424 39.311 0.636364 56.9697 43.8968 0.50303 85.1557 5.64727 100 6.36364 1 
32 0 49.2929 39.2499 0.634343 49.2424 39.311 0.636364 56.9697 43.8968 0.50303 85.8837 5.80545 100 6.36364 1 
33 0 50.303 39.8672 0.593939 49.7475 39.3872 0.616162 56.9697 43.8968 0.50303 88.3878 6.00091 100 6.81818 1 
34 0 50.303 39.8672 0.593939 49.7475 39.3872 0.616162 56.9697 43.8968 0.50303 88.9101 6.14636 100 6.81818 1 
35 0 50.303 39.8672 0.593939 49.7475 39.3872 0.616162 56.9697 43.8968 0.50303 89.7415 6.31727 100 6.81818 1 
36 0 51.9865 41.2171 0.492256 53.2828 41.3909 0.474747 60 44.0641 0.418182 92.0129 6.51909 100 6.63636 1 
37 0 52.2559 41.3248 0.481481 53.5354 41.4466 0.464646 60 44.0641 0.418182 94.7994 6.73273 100 6.72727 1 
38 0 52.4579 41.6455 0.479461 53.5354 41.4466 0.464646 60.6061 46.1641 0.412121 95.9823 6.91455 100 7 1 
39 0 52.6599 41.938 0.477441 54.0404 42.5879 0.459596 58.1818 46.116 0.436364 98.2553 7.11818 100 7.18182 1 
40 0 52.6599 41.938 0.477441 54.0404 42.5879 0.459596 58.1818 46.116 0.436364 98.7703 7.29 100 7.18182 1 
41 0 52.6599 41.938 0.477441 54.0404 42.5879 0.459596 58.1818 46.116 0.436364 100.998 7.51273 100 7.18182 1 
42 0 53.67 43.4524 0.46936 54.798 43.8349 0.45202 59.3939 48.0197 0.424242 102.914 7.71182 100 6.72727 1 
43 0 53.67 43.4524 0.46936 54.798 43.8349 0.45202 59.3939 48.0197 0.424242 103.129 7.87818 100 6.72727 1 
44 0 53.67 43.4524 0.46936 54.798 43.8349 0.45202 59.3939 48.0197 0.424242 103.403 8.05091 100 6.72727 1 
45 0 53.67 43.4524 0.46936 54.798 43.8349 0.45202 59.3939 48.0197 0.424242 103.396 8.20364 100 6.72727 1 
46 0 53.67 43.4524 0.46936 54.798 43.8349 0.45202 59.3939 48.0197 0.424242 103.281 8.35818 100 6.72727 1 
47 0 53.67 43.4524 0.46936 54.798 43.8349 0.45202 59.3939 48.0197 0.424242 104.112 8.55 100 6.72727 1 
48 0 53.67 43.4524 0.46936 54.798 43.8349 0.45202 59.3939 48.0197 0.424242 103.993 8.71364 100 6.72727 1 
49 0 53.67 43.4524 0.46936 54.798 43.8349 0.45202 59.3939 48.0197 0.424242 105.001 8.89636 100 6.72727 1 
50 0 53.67 43.4524 0.46936 54.798 43.8349 0.45202 59.3939 48.0197 0.424242 104.934 9.06182 100 6.72727 1 
51 0 53.67 43.4524 0.46936 54.798 43.8349 0.45202 59.3939 48.0197 0.424242 104.787 9.21818 100 6.72727 1 
52 0 53.67 43.4524 0.46936 54.798 43.8349 0.45202 59.3939 48.0197 0.424242 104.714 9.38636 100 6.72727 1 
53 0 53.67 43.4524 0.46936 54.798 43.8349 0.45202 59.3939 48.0197 0.424242 104.645 9.56091 100 6.72727 1 
54 0 53.67 43.4524 0.46936 54.798 43.8349 0.45202 59.3939 48.0197 0.424242 104.393 9.73818 100 6.72727 1 
55 0 53.468 43.6105 0.47138 56.3131 45.0619 0.436869 61.2121 47.9736 0.406061 104.667 9.92545 100 6.45455 1 
56 0 53.468 43.6105 0.47138 56.3131 45.0619 0.436869 61.2121 47.9736 0.406061 104.406 10.1 100 6.45455 1 
57 0 54.2761 44.6105 0.489562 56.8182 46.3668 0.44697 59.3939 47.9921 0.442424 106.099 10.3209 100 7.09091 1 
58 0 54.2761 44.6105 0.489562 56.8182 46.3668 0.44697 59.3939 47.9921 0.442424 106.369 10.5273 100 7.09091 1 
59 0 54.2761 44.6105 0.489562 56.8182 46.3668 0.44697 59.3939 47.9921 0.442424 107.048 10.7345 100 7.09091 1 
60 0 54.2761 44.6105 0.489562 56.8182 46.3668 0.44697 59.3939 47.9921 0.442424 107.359 10.93 100 7.09091 1 
61 0 54.2761 44.6105 0.489562 56.8182 46.3668 0.44697 59.3939 47.9921 0.442424 106.788 11.1136 100 7.09091 1 
62 0 54.2761 44.6105 0.489562 56.8182 46.3668 0.44697 59.3939 47.9921 0.442424 107.065 11.3209 100 7.09091 1 
63 0 54.0067 44.7077 0.53266 55.0505 45.3898 0.517677 59.3939 48.4213 0.460606 106.909 11.4991 100 7.63636 1 
64 0 55.3535 45.4013 0.460606 56.0606 45.7395 0.44697 60.6061 49.4721 0.412121 108.037 11.7245 100 7.63636 1 
65 0 55.3535 45.4013 0.460606 56.0606 45.7395 0.44697 60.6061 49.4721 0.412121 107.539 11.8991 100 7.63636 1 
66 0 55.3535 45.4013 0.460606 56.0606 45.7395 0.44697 60.6061 49.4721 0.412121 107.161 12.0827 100 7.63636 1 
67 0 55.3535 45.4013 0.460606 56.0606 45.7395 0.44697 60.6061 49.4721 0.412121 106.005 12.2209 100 7.63636 1 
68 0 55.3535 45.4013 0.460606 56.0606 45.7395 0.44697 60.6061 49.4721 0.412121 104.689 12.3845 100 7.63636 1 
69 0 56.1616 47.2818 0.444444 56.8182 47.307 0.431818 61.8182 51.4016 0.381818 106.153 12.6064 100 7.36364 1 
70 0 56.1616 47.2818 0.444444 56.8182 47.307 0.431818 61.8182 51.4016 0.381818 104.74 12.7709 100 7.36364 1 
71 0 56.1616 47.2818 0.444444 56.8182 47.307 0.431818 61.8182 51.4016 0.381818 103.606 12.9564 100 7.36364 1 
72 0 56.1616 47.2818 0.444444 56.8182 47.307 0.431818 61.8182 51.4016 0.381818 102.295 13.1382 100 7.36364 1 
