# Created by main.cpp, 2016-05-26.17:18:55
# name: results
# type: matrix
# rows: 400
# columns: 24
0 0.938967 54.6296 47.0078 51.917 7.1571 19.105 17.75 50 13 6.75 3 1 1 1 48.3333 26.0679 48.3333 43.3062 250 86.3194 85.4167 1 4 
1 0.975325 56.4815 48.9746 75.6922 8.66539 20.83 19 50 13 6.25 3 1 1 1 26.6667 14.0351 58.3333 47.414 500 86.3194 85.4167 1 4 
2 0.91029 55.7407 48.8958 102.609 10.0173 23.07 19 50 13 6 3 1 1 1 33.3333 16.6667 61.6667 52.2454 750 86.3194 85.4167 1 4 
3 0.938483 57.963 50.4328 121.484 10.9258 25.11 19.25 50 13 6.25 3 1 1 1 40 19.0476 55 45.1511 1000 86.3194 85.4167 1 4 
4 0.921509 57.7778 50.2507 122.71 10.971 25.935 20.25 50 13 6.25 3 1 1 1 33.3333 16.6667 56.6667 47.2146 1250 86.3194 85.4167 1 4 
5 0.946542 57.5926 50.6394 137.852 11.6572 27.33 20.75 50 13 5.25 3 1 1 1 46.6667 21.2121 53.3333 44.6651 1500 86.3194 85.4167 1 4 
6 1.16131 62.5926 55.531 152.065 12.2444 28.765 23.125 50 13 5 3 1 1 1 40 19.0476 56.6667 49.1224 1750 86.3194 85.4167 1 4 
7 1.16681 61.8519 58.2306 168.189 12.9018 30.7 26 50 13 5 3 1 1 1 55 29.7163 63.3333 47.4023 2000 86.3194 85.4167 1 4 
8 1.15245 64.8148 59.4606 175.057 13.1342 31.775 28.375 50 13 5.25 3 1 1 1 48.3333 35.2882 53.3333 54.4455 2250 86.3194 85.4167 1 4 
9 1.09088 68.5185 63.3848 201.03 13.9211 33.99 33.75 50 13 5.25 3 1 1 1 53.3333 41.6313 55 54.8946 2500 86.3194 85.4167 1 4 
10 1.12612 66.2963 64.6906 203.961 14.0533 34.625 34.75 50 13 6.75 3 1 1 1 66.6667 54.4033 63.3333 67.0921 2750 86.3194 85.4167 1 4 
11 0.978184 65.9259 64.3479 184.738 13.3843 35.47 36.25 50 13 7 3 1 1 1 70 67.3492 71.6667 66.4303 3000 86.3194 85.4167 1 4 
12 1.06786 65.7407 64.7213 182.93 13.3023 36.59 37.375 50 13 6.75 3 1 1 1 68.3333 64.1895 68.3333 66.2037 3250 86.3194 85.4167 1 4 
13 1.03259 67.5926 67.6656 191.87 13.5894 37.61 38.375 50 13 6.75 3 1 1 1 73.3333 64.9074 66.6667 63.1106 3500 86.3194 85.4167 1 4 
14 1.00159 68.3333 68.6518 185.922 13.4093 38.17 38.75 50 13 6.75 3 1 1 1 71.6667 68.0651 70 68.0507 3750 86.3194 85.4167 1 4 
15 1.04057 68.7037 68.9955 192.828 13.6098 39.405 40.5 50 13 6.75 3 1 1 1 66.6667 59.8995 66.6667 65.5212 4000 86.3194 85.4167 1 4 
16 1.03663 67.5926 67.7995 174.3 12.7928 40.685 41.25 50 13 6.75 3 1 1 1 68.3333 66.5939 76.6667 76.7088 4250 86.3194 85.4167 1 4 
17 0.982375 68.5185 69.1525 168.747 12.6371 41.065 42.625 50 13 6.75 3 1 1 1 73.3333 48.9575 68.3333 68.2939 4500 86.3194 85.4167 1 4 
18 1.1403 70 69.9584 150.411 12.0931 42.595 44 50 13 6.75 3 1 1 1 66.6667 67.9272 66.6667 69.6737 4750 86.3194 85.4167 1 4 
19 1.12166 71.1111 71.1304 147.777 12.0026 43.75 45 50 13 6.75 3 1 1 1 58.3333 54.633 56.6667 56.3616 5000 86.3194 85.4167 1 4 
20 1.12026 70.1852 70.2528 143.284 11.7489 44.415 45.375 50 13 6.75 3 1 1 1 75 68.6816 65 66.701 5250 86.3194 85.4167 1 4 
21 1.06447 68.7037 69.0973 137.61 11.3884 44.71 45.5 50 13 6.75 3 1 1 1 83.3333 80.785 78.3333 75.7955 5500 86.3194 85.4167 1 4 
22 1.06453 69.0741 69.4299 126.019 10.9167 45.535 46.125 50 13 6.75 3 1 1 1 76.6667 74.3501 75 74.6609 5750 86.3194 85.4167 1 4 
23 1.0668 69.6296 70.0454 126.107 10.9422 46.28 46.875 50 13 6.75 3 1 1 1 76.6667 72.6621 70 68.5444 6000 86.3194 85.4167 1 4 
24 1.02709 69.4444 69.9479 122.167 10.804 46.685 48.375 50 13 6.75 3 1 1 1 81.6667 76.5354 71.6667 68.9099 6250 86.3194 85.4167 1 4 
25 1.08452 69.6296 70.0107 129.736 11.0528 47.74 50 50 13 6.75 3 1 1 1 76.6667 73.3886 70 69.8004 6500 86.3194 85.4167 1 4 
26 1.06201 69.6296 70.154 131.17 11.0641 48.72 50.375 50 13 6.75 3 1 1 1 70 68.6574 70 69.1285 6750 86.3194 85.4167 1 4 
27 1.00704 69.8148 70.5659 119.756 10.682 49.585 51.125 50 13 6.75 3 1 1 1 81.6667 61.5766 68.3333 61.4994 7000 86.3194 85.4167 1 4 
28 1.0505 71.8519 70.1913 114.198 10.3797 49.98 51.25 50 13 6.5 3 1 1 1 73.3333 72.731 63.3333 66.67 7250 86.3194 85.4167 1 4 
29 1.10311 70.7407 71.3077 115.106 10.3682 51.04 52.25 50 13 6.25 3 1 1 1 58.3333 55.4336 58.3333 56.2136 7500 86.3194 85.4167 1 4 
30 1.09941 70.5556 70.9705 112.151 10.3089 51.52 53 50 13 6.25 3 1 1 1 73.3333 73.8194 60 62.4176 7750 86.3194 85.4167 1 4 
31 0.983836 70.5556 69.6439 96.3439 9.56157 51.49 52.25 50 13 6.5 3 1 1 1 88.3333 87.6596 75 73.3046 8000 86.3194 85.4167 1 4 
32 0.998111 70.7407 70.1508 88.2185 9.04475 52.435 53 50 13 6 3 1 1 1 81.6667 78.8721 71.6667 68.1052 8250 86.3194 85.4167 1 4 
33 0.99561 71.1111 70.5699 89.3889 9.15113 53.045 53.625 50 13 6 3 1 1 1 76.6667 72.736 68.3333 66.1785 8500 86.3194 85.4167 1 4 
34 0.889355 70.7407 71.4364 88.2172 9.06521 53.095 53.875 50 13 6.75 3 1 1 1 81.6667 76.5301 71.6667 69.7829 8750 86.3194 85.4167 1 4 
35 0.92354 70.9259 71.6015 82.5444 8.78562 54.105 55 50 13 6.75 3 1 1 1 81.6667 78.2276 70 69.0677 9000 86.3194 85.4167 1 4 
36 0.863375 71.8519 71.1546 82.2342 8.72556 54.255 54.875 50 13 6.5 3 1 1 1 71.6667 68.8194 75 73.8255 9250 86.3194 85.4167 1 4 
37 0.875563 71.1111 72.1071 80.3342 8.70571 54.375 54.75 50 13 6.75 3 1 1 1 83.3333 62.88 68.3333 68.2939 9500 86.3194 85.4167 1 4 
38 0.905462 72.2222 70.873 78.1956 8.56562 54.275 54.5 50 13 6.5 3 1 1 1 76.6667 77.4258 71.6667 76.5774 9750 86.3194 85.4167 1 4 
39 0.948349 72.4074 72.8503 78.5369 8.58557 55.19 56.125 50 13 6.75 3 1 1 1 68.3333 68.1925 56.6667 52.5198 10000 86.3194 85.4167 1 4 
40 1.06396 74.0741 73.8794 78.6317 8.60742 55.235 55.625 50 13 5.75 3 1 1 1 71.6667 72.6497 65 70.0643 10250 86.3194 85.4167 1 4 
41 0.955463 73.8889 72.8719 72.3258 8.23791 54.985 55 50 13 5.5 3 1 1 1 83.3333 80.8053 80 77.7736 10500 86.3194 85.4167 1 4 
42 1.10427 76.2963 75.9851 73.2131 8.46773 55.66 55.75 50 13 5.5 3 1 1 1 80 77.2412 80 77.3464 10750 86.3194 85.4167 1 4 
43 1.1115 76.2963 75.9487 77.1212 8.65362 56.31 55.875 50 13 5.5 3 1 1 1 78.3333 74.7313 80 78.6069 11000 86.3194 85.4167 1 4 
44 1.13792 75.5556 76.5862 71.0635 8.30095 56.14 55.625 50 13 5.75 3 1 1 1 81.6667 76.8223 73.3333 72.0989 11250 86.3194 85.4167 1 4 
45 1.18779 75.1852 75.936 69.155 8.20904 56.675 56.5 50 13 5.75 3 1 1 1 81.6667 78.7331 76.6667 77.4888 11500 86.3194 85.4167 1 4 
46 0.919312 78.1481 77.8572 75.2397 8.54968 57.025 56.75 50 13 5 3 1 1 1 78.3333 75.8547 76.6667 75.9611 11750 86.3194 85.4167 1 4 
47 1.01671 79.6296 80.4759 79.4944 8.8679 57.555 57.125 50 13 5.25 3 1 1 1 83.3333 75.4356 73.3333 70.2939 12000 86.3194 85.4167 1 4 
48 1.10964 78.3333 78.8093 78.4386 8.76614 57.55 56.5 50 13 5.25 3 1 1 1 78.3333 79.0918 85 88.7059 12250 86.3194 85.4167 1 4 
49 1.09593 80.1852 80.8557 83.2183 8.97521 58.965 57.5 50 13 5.25 3 1 1 1 63.3333 57.924 68.3333 64.9697 12500 86.3194 85.4167 1 4 
50 1.10612 80.7407 81.1646 86.3866 9.15421 58.835 57.125 50 13 5.25 3 1 1 1 66.6667 67.1447 63.3333 65.9867 12750 86.3194 85.4167 1 4 
51 0.996596 78.3333 79.2207 77.9497 8.68459 58.505 56.75 50 13 5.25 3 1 1 1 81.6667 78.9738 86.6667 85.3108 13000 86.3194 85.4167 1 4 
52 1.02589 78.1481 79.0482 77.2716 8.64413 58.92 57.125 50 13 5.25 3 1 1 1 76.6667 73.5645 86.6667 86.633 13250 86.3194 85.4167 1 4 
53 1.01472 80 80.7551 84.641 9.00316 59.77 57.75 50 13 5.5 3 1 1 1 75 71.3222 80 79.6429 13500 86.3194 85.4167 1 4 
54 0.998379 79.0741 80.0039 77.1976 8.56938 59.34 57.5 50 13 5.5 3 1 1 1 80 74.7929 88.3333 87.6347 13750 86.3194 85.4167 1 4 
55 1.03508 80.3704 81.0877 73.6132 8.33397 60.085 58.125 50 13 5.5 3 1 1 1 83.3333 80.2315 76.6667 76.961 14000 86.3194 85.4167 1 4 
56 1.0333 80 80.7271 78.2744 8.5855 60.835 58.875 50 13 5.5 3 1 1 1 75 74.157 80 81.0615 14250 86.3194 85.4167 1 4 
57 0.982923 80.7407 81.8367 80.2782 8.70552 60.82 58.75 50 13 5.5 3 1 1 1 81.6667 74.0657 73.3333 73.6991 14500 86.3194 85.4167 1 4 
58 1.06964 81.4815 81.8326 75.0961 8.46326 60.81 58.625 50 13 5.5 3 1 1 1 80 81.2635 76.6667 80.2811 14750 86.3194 85.4167 1 4 
59 1.05151 82.5926 82.8877 81.3735 8.74065 61.92 59.5 50 13 5.5 3 1 1 1 58.3333 53.3505 66.6667 66.1266 15000 86.3194 85.4167 1 4 
60 1.05905 81.6667 82.0801 81.8935 8.78616 61.63 59.25 50 13 5.5 3 1 1 1 68.3333 68.3168 75 74.5328 15250 86.3194 85.4167 1 4 
