# Created by main.cpp, 2016-05-25.10:59:04
# name: results
# type: matrix
# rows: 150
# columns: 21
0 1.30618 92.6471 92.7968 194.664 13.8718 69.03 69.75 50 13 7.75 3 1 1 1 22.0588 40.0794 85.5096 86.0963 1 4 
1 1.22333 92.6471 92.7968 195.875 13.9087 69.135 70 50 13 9 3 1 1 1 22.0588 40.0794 85.5096 86.0963 1 4 
2 1.30618 92.6471 92.7968 194.811 13.8783 69.405 70.375 50 13 7.75 3 1 1 1 22.0588 40.0794 85.5096 86.0963 1 4 
3 1.22333 92.6471 92.7968 195.171 13.8929 69.47 70.375 50 13 9 3 1 1 1 22.0588 40.0794 85.5096 86.0963 1 4 
4 1.32157 92.6471 92.7968 192.302 13.7743 69.9 70.75 50 13 7.5 3 1 1 1 22.0588 40.0794 85.5096 86.0963 1 4 
5 1.22333 92.6471 92.7968 194.264 13.8335 69.95 70.875 50 13 9 3 1 1 1 22.0588 40.0794 85.5096 86.0963 1 4 
6 1.28282 94.1176 94.0613 197.563 13.9592 70.215 71.125 50 13 7.75 3 1 1 1 22.0588 40.0794 85.5096 86.0963 1 4 
7 1.24587 94.1176 94.0613 197.53 13.9588 70.215 71.125 50 13 8 3 1 1 1 22.0588 40.0794 85.5096 86.0963 1 4 
8 1.20325 94.1176 94.0613 193.732 13.8053 70.47 71.875 50 13 8 3 1 1 1 22.0588 40.0794 85.5096 86.0963 1 4 
9 1.24587 94.1176 94.0613 193.101 13.7799 70.495 71.875 50 13 8 3 1 1 1 22.0588 40.0794 85.5096 86.0963 1 4 
10 1.20325 94.1176 94.0613 189.614 13.6576 70.615 72.125 50 13 8 3 1 1 1 22.0588 40.0794 85.5096 86.0963 1 4 
11 1.24587 94.1176 94.0613 190.764 13.7041 70.72 72.125 50 13 8 3 1 1 1 23.5294 41.9799 85.5096 86.0963 1 4 
12 1.20325 94.1176 94.0613 193.197 13.7802 71.04 73 50 13 8 3 1 1 1 23.5294 41.9799 85.5096 86.0963 1 4 
13 1.18748 94.1176 94.0613 189.684 13.6228 71.205 73.375 50 13 8 3 1 1 1 23.5294 41.9799 85.5096 86.0963 1 4 
14 1.21864 94.1176 94.0613 189.889 13.6311 71.22 73.5 50 13 7.75 3 1 1 1 23.5294 41.9799 85.5096 86.0963 1 4 
15 1.18748 94.1176 94.0613 180.209 13.2031 71.685 73.75 50 13 8 3 1 1 1 23.5294 41.9799 85.5096 86.0963 1 4 
16 1.21864 94.1176 94.0613 181.046 13.2329 71.665 73.75 50 13 7.75 3 1 1 1 23.5294 41.9799 85.5096 86.0963 1 4 
17 1.18748 94.1176 94.0613 182.66 13.3243 71.83 74 50 13 8 3 1 1 1 23.5294 41.9799 85.5096 86.0963 1 4 
18 1.21864 94.1176 94.0613 177.818 13.1602 72.015 74.5 50 13 7.75 3 1 1 1 23.5294 41.9799 85.5096 86.0963 1 4 
19 1.38824 94.1176 94.0613 176.899 13.116 72.065 74.5 50 13 8 3 1 1 1 23.5294 41.9799 85.5096 86.0963 1 4 
20 1.21864 94.1176 94.0613 177.964 13.1642 72.23 74.75 50 13 7.75 3 1 1 1 23.5294 41.9799 85.5096 86.0963 1 4 
21 1.38824 94.1176 94.0613 178.574 13.1916 72.24 74.75 50 13 8 3 1 1 1 23.5294 41.9799 85.5096 86.0963 1 4 
22 1.21864 94.1176 94.0613 177.351 13.14 72.165 74.25 50 13 7.75 3 1 1 1 23.5294 41.9799 85.5096 86.0963 1 4 
23 1.38824 94.1176 94.0613 177.266 13.1348 72.22 74.875 50 13 8 3 1 1 1 23.5294 41.9799 85.5096 86.0963 1 4 
24 1.21864 94.1176 94.0613 177.358 13.139 72.075 74.625 50 13 7.75 3 1 1 1 23.5294 41.9799 85.5096 86.0963 1 4 
25 1.38824 94.1176 94.0613 176.379 13.1065 72.35 74.875 50 13 8 3 1 1 1 23.5294 41.9799 85.5096 86.0963 1 4 
26 1.26812 94.1176 94.2465 173.907 13.0091 72.59 75.125 50 13 7.5 3 1 1 1 23.5294 41.9799 85.5096 86.0963 1 4 
27 1.4531 94.1176 94.2465 173.817 13.0227 73.045 75.5 50 13 7.5 3 1 1 1 23.5294 41.9799 85.5096 86.0963 1 4 
28 1.26812 94.1176 94.2465 168.813 12.8447 73.605 76 50 13 7.5 3 1 1 1 23.5294 41.9799 85.5096 86.0963 1 4 
29 1.50068 94.1176 94.4594 171.384 12.9314 73.69 75.875 50 13 8.25 3 1 1 1 23.5294 41.9799 85.5096 86.0963 1 4 
30 1.31364 94.1176 94.4594 171.384 12.9314 73.69 75.875 50 13 8.25 3 1 1 1 23.5294 41.9799 85.5096 86.0963 1 4 
31 1.11772 94.1176 94.4594 170.688 12.8914 73.735 75.875 50 13 8 3 1 1 1 23.5294 41.9799 85.5096 86.0963 1 4 
32 1.55276 94.1176 94.4594 169.114 12.8283 73.82 76.125 50 13 8.25 3 1 1 1 23.5294 41.9799 85.5096 86.0963 1 4 
33 1.11566 94.1176 94.4594 167.817 12.7609 73.98 76.375 50 13 8 3 1 1 1 23.5294 41.9799 85.5096 86.0963 1 4 
34 1.3157 94.1176 94.4594 168.047 12.773 73.995 76.375 50 13 8.25 3 1 1 1 23.5294 41.9799 85.5096 86.0963 1 4 
35 1.11566 94.1176 94.4594 163.534 12.5631 74.34 76.5 50 13 8 3 1 1 1 23.5294 41.9799 85.5096 86.0963 1 4 
36 1.3157 94.1176 94.4594 164.9 12.611 74.315 76.5 50 13 8.25 3 1 1 1 23.5294 41.9799 85.5096 86.0963 1 4 
37 1.35478 94.1176 94.4594 165.362 12.6387 74.31 76.625 50 13 8 3 1 1 1 23.5294 41.9799 85.5096 86.0963 1 4 
38 1.3157 94.1176 94.4594 166.134 12.6622 74.335 76.625 50 13 8.25 3 1 1 1 23.5294 41.9799 85.5096 86.0963 1 4 
39 1.35478 94.1176 94.4594 163.459 12.5355 74.505 76.875 50 13 8 3 1 1 1 23.5294 41.9799 85.5096 86.0963 1 4 
40 1.31364 94.1176 94.4594 160.721 12.4099 74.745 77.125 50 13 8.25 3 1 1 1 23.5294 41.9799 85.5096 86.0963 1 4 
41 1.35478 94.1176 94.4594 160.652 12.3986 74.77 77.125 50 13 8 3 1 1 1 23.5294 41.9799 85.5096 86.0963 1 4 
42 1.31364 94.1176 94.4594 161.798 12.4371 74.77 76.875 50 13 8.25 3 1 1 1 23.5294 41.9799 85.5096 86.0963 1 4 
43 1.35653 95.5882 95.7516 158.773 12.3428 74.985 77 50 13 8 3 1 1 1 23.5294 41.9799 85.5096 86.0963 1 4 
44 1.17786 95.5882 95.7516 159.148 12.3616 75.21 77.25 50 13 8 3 1 1 1 23.5294 41.9799 85.5096 86.0963 1 4 
45 1.11741 95.5882 95.7516 154.774 12.2172 75.305 77.25 50 13 8 3 1 1 1 23.5294 41.9799 85.5096 86.0963 1 4 
46 1.17786 95.5882 95.7516 159.028 12.3693 75.465 77.75 50 13 8 3 1 1 1 23.5294 41.9799 85.5096 86.0963 1 4 
47 1.12768 95.5882 95.7516 159.644 12.389 75.495 77.75 50 13 8.25 3 1 1 1 23.5294 41.9799 85.5096 86.0963 1 4 
48 1.41492 95.5882 95.7516 159.305 12.3716 75.56 77.75 50 13 8 3 1 1 1 23.5294 41.9799 85.5096 86.0963 1 4 
49 1.12768 95.5882 95.7516 157.108 12.2906 75.64 77.75 50 13 8.25 3 1 1 1 23.5294 41.9799 85.5096 86.0963 1 4 
50 1.43981 95.5882 95.7516 156.767 12.2751 75.615 77.75 50 13 8.25 3 1 1 1 23.5294 41.9799 85.5096 86.0963 1 4 
51 1.12768 95.5882 95.7516 156.695 12.2491 75.81 78.125 50 13 8.25 3 1 1 1 23.5294 41.9799 85.5096 86.0963 1 4 
52 1.43981 95.5882 95.7516 160.167 12.3829 75.925 78.125 50 13 8.25 3 1 1 1 23.5294 41.9799 85.5096 86.0963 1 4 
53 1.13398 97.0588 97.1678 160.167 12.3829 75.925 78.125 50 13 8.5 3 1 1 1 23.5294 41.9799 85.5096 86.0963 1 4 
54 1.55276 97.0588 97.1678 160.8 12.4149 75.93 78.375 50 13 8.25 3 1 1 1 23.5294 41.9799 85.5096 86.0963 1 4 
55 1.13398 97.0588 97.1678 160.749 12.3808 75.875 78.25 50 13 8.5 3 1 1 1 23.5294 41.9799 85.5096 86.0963 1 4 
56 1.31364 97.0588 97.1678 165.148 12.5962 75.875 78.25 50 13 8.25 3 1 1 1 23.5294 41.9799 85.5096 86.0963 1 4 
57 1.12371 97.0588 97.1678 162.653 12.5171 75.965 78.25 50 13 8.25 3 1 1 1 23.5294 41.9799 85.5096 86.0963 1 4 
58 1.31364 97.0588 97.1678 159.993 12.411 76.13 78.5 50 13 8.25 3 1 1 1 23.5294 41.9799 85.5096 86.0963 1 4 
59 1.11626 97.0588 97.1678 162.098 12.482 76.11 78.5 50 13 8.5 3 1 1 1 23.5294 41.9799 85.5096 86.0963 1 4 
60 1.50464 97.0588 97.1678 162.796 12.508 76.07 78.5 50 13 8.5 3 1 1 1 23.5294 41.9799 85.5096 86.0963 1 4 
61 1.12165 97.0588 97.1678 164.015 12.5516 76.2 78.25 50 13 8.25 3 1 1 1 23.5294 41.9799 85.5096 86.0963 1 4 
62 1.55276 97.0588 97.1678 164.339 12.5548 76.205 78.25 50 13 8.25 3 1 1 1 23.5294 41.9799 85.5096 86.0963 1 4 
63 1.11421 97.0588 97.1678 163.011 12.5282 76.125 78.25 50 13 8.5 3 1 1 1 23.5294 41.9799 85.5096 86.0963 1 4 
64 1.55276 97.0588 97.1678 160.535 12.4021 76.23 78.25 50 13 8.25 3 1 1 1 23.5294 41.9799 85.5096 86.0963 1 4 
65 1.11421 97.0588 97.1678 158.251 12.2777 76.36 78.125 50 13 8.5 3 1 1 1 23.5294 41.9799 85.5096 86.0963 1 4 
66 1.55276 97.0588 97.1678 158.265 12.276 76.455 78.25 50 13 8.25 3 1 1 1 23.5294 41.9799 85.5096 86.0963 1 4 
67 1.10317 97.0588 97.1678 158.265 12.276 76.455 78.25 50 13 8.5 3 1 1 1 23.5294 41.9799 85.5096 86.0963 1 4 
68 1.26758 97.0588 97.1678 158.47 12.2861 76.535 78.25 50 13 8.5 3 1 1 1 23.5294 41.9799 85.5096 86.0963 1 4 
69 1.11421 97.0588 97.1678 158.366 12.2779 76.65 78.25 50 13 8.5 3 1 1 1 23.5294 41.9799 85.5096 86.0963 1 4 
70 1.50464 97.0588 97.1678 159.129 12.3043 76.785 78.5 50 13 8.5 3 1 1 1 23.5294 41.9799 85.5096 86.0963 1 4 
