# Created by main.cpp, 2016-06-29.08:45:35
# name: results
# type: matrix
# rows: 275
# columns: 16
1 0 58.3224 36.1332 0.416776 57.9545 35.5283 0.420455 60.8696 37.0429 0.391304 13.5936 0.359091 100 6.54545 1 
2 0 62.5384 38.0891 0.374616 62.987 37.9762 0.37013 64.4269 38.1774 0.355731 23.2356 0.661818 100 6.54545 1 
3 0 63.812 38.3971 0.36188 65.0974 38.9169 0.349026 66.7984 39.4084 0.332016 32.4953 0.960909 100 5.27273 1 
4 0 71.2341 44.4424 0.287659 72.2403 44.7395 0.277597 75.0988 46.2651 0.249012 47.6929 1.33273 100 6.09091 1 
5 0 71.2341 44.4424 0.287659 72.2403 44.7395 0.277597 75.0988 46.2651 0.249012 54.6482 1.60091 100 6.54545 1 
6 0 71.2341 44.4424 0.287659 72.2403 44.7395 0.277597 75.0988 46.2651 0.249012 65.1686 1.92909 100 5.09091 1 
7 0 71.805 46.6757 0.28195 72.7273 46.2971 0.272727 75.4941 48.3529 0.245059 78.7902 2.29636 100 6.90909 1 
8 0 72.5077 49.363 0.274923 73.3766 48.7076 0.266234 76.6798 51.9509 0.233202 91.1257 2.64182 100 5.45455 1 
9 0 72.5077 49.363 0.274923 73.3766 48.7076 0.266234 76.6798 51.9509 0.233202 100.813 2.96818 100 4.90909 1 
10 0 72.7712 49.6628 0.272288 73.8636 49.3469 0.261364 76.2846 51.5462 0.237154 111.357 3.27818 100 6.72727 1 
11 0 72.7712 49.6628 0.272288 73.8636 49.3469 0.261364 76.2846 51.5462 0.237154 121.648 3.62091 100 5 1 
12 0 70.3557 49.7825 0.296443 71.1039 49.1507 0.288961 73.913 52.0214 0.26087 130.128 3.93636 100 7 1 
13 0 70.5314 55.1241 0.294686 71.7532 54.9083 0.282468 71.9368 55.5909 0.280632 145.045 4.32636 100 4.45455 1 
14 0 71.0145 58.1502 0.289855 72.7273 58.3506 0.272727 71.1462 57.6013 0.288538 155.28 4.65273 100 5.63636 1 
15 0 71.0145 58.1502 0.289855 72.7273 58.3506 0.272727 71.1462 57.6013 0.288538 163.765 4.98091 100 4.54545 1 
16 0 71.0145 58.1502 0.289855 72.7273 58.3506 0.272727 71.1462 57.6013 0.288538 169.329 5.26091 100 5.54545 1 
17 0 71.0145 58.1502 0.289855 72.7273 58.3506 0.272727 71.1462 57.6013 0.288538 176.525 5.57182 100 5.81818 1 
18 0 73.7374 59.0425 0.262626 75.487 58.5467 0.24513 73.913 58.5239 0.26087 184.618 5.89364 100 6.45455 1 
19 0 72.1124 60.0525 0.278876 73.8636 59.6236 0.261364 71.9368 59.4034 0.280632 194.587 6.26182 100 5.81818 1 
20 0 72.1124 60.0525 0.278876 73.8636 59.6236 0.261364 71.9368 59.4034 0.280632 200.275 6.55636 100 6.18182 1 
21 0 72.9908 60.4092 0.270092 74.513 59.5016 0.25487 74.7036 62.0467 0.252964 212.648 6.94545 100 5.90909 1 
22 0 72.9908 60.4092 0.270092 74.513 59.5016 0.25487 74.7036 62.0467 0.252964 220.718 7.28545 100 5.81818 1 
23 0 72.9908 60.4092 0.270092 74.513 59.5016 0.25487 74.7036 62.0467 0.252964 227.399 7.61273 100 6.36364 1 
24 0 70.3118 60.8923 0.296882 71.7532 60.0722 0.282468 69.5652 60.1413 0.304348 238.51 7.99727 100 5.72727 1 
25 0 70.751 63.8066 0.29249 72.8896 63.6751 0.271104 69.5652 62.7549 0.304348 248.461 8.37 100 6.09091 1 
26 0 70.751 63.8066 0.29249 72.8896 63.6751 0.271104 69.5652 62.7549 0.304348 254.401 8.69636 100 6 1 
27 0 70.751 63.8066 0.29249 72.8896 63.6751 0.271104 69.5652 62.7549 0.304348 261.831 9.04273 100 6.18182 1 
28 0 70.751 63.8066 0.29249 72.8896 63.6751 0.271104 69.5652 62.7549 0.304348 268.409 9.39455 100 6.09091 1 
29 0 70.751 63.8066 0.29249 72.8896 63.6751 0.271104 69.5652 62.7549 0.304348 272.999 9.70727 100 5.54545 1 
30 0 70.751 63.8066 0.29249 72.8896 63.6751 0.271104 69.5652 62.7549 0.304348 276.843 10.0073 100 6.09091 1 
31 0 73.8252 66.4079 0.261748 76.6234 66.6407 0.233766 73.5178 66.3032 0.264822 285.01 10.3755 100 5.72727 1 
32 0 73.6056 68.8259 0.263944 76.1364 68.7558 0.238636 72.332 67.9094 0.27668 295.274 10.7791 100 5.81818 1 
33 0 73.6056 68.8259 0.263944 76.1364 68.7558 0.238636 72.332 67.9094 0.27668 300.011 11.1118 100 5.81818 1 
34 0 73.6056 68.8259 0.263944 76.1364 68.7558 0.238636 72.332 67.9094 0.27668 303.504 11.42 100 5.81818 1 
35 0 73.6056 68.8259 0.263944 76.1364 68.7558 0.238636 72.332 67.9094 0.27668 308.022 11.72 100 5.81818 1 
36 0 73.2543 69.3736 0.267457 75.974 70.0265 0.24026 70.751 67.3806 0.29249 314.393 12.0764 100 6.09091 1 
37 0 74.5718 70.9144 0.254282 78.0844 72.5714 0.219156 71.5415 68.3107 0.284585 322.518 12.4491 100 6.63636 1 
38 0 74.5718 70.9144 0.254282 78.0844 72.5714 0.219156 71.5415 68.3107 0.284585 330.956 12.8627 100 6.63636 1 
39 0 75.4941 71.0748 0.245059 79.2208 73.1478 0.207792 73.913 70.0114 0.26087 335.037 13.1818 100 6.72727 1 
40 0 75.4941 71.0748 0.245059 79.2208 73.1478 0.207792 73.913 70.0114 0.26087 339.67 13.5318 100 6.72727 1 
41 0 75.4941 71.0748 0.245059 79.2208 73.1478 0.207792 73.913 70.0114 0.26087 341.091 13.8264 100 6.72727 1 
42 0 75.4941 71.0748 0.245059 79.2208 73.1478 0.207792 73.913 70.0114 0.26087 341.263 14.0891 100 6.72727 1 
43 0 75.4941 71.0748 0.245059 79.2208 73.1478 0.207792 73.913 70.0114 0.26087 344.621 14.4491 100 6.72727 1 
44 0 75.4941 71.0748 0.245059 79.2208 73.1478 0.207792 73.913 70.0114 0.26087 347.523 14.79 100 6.72727 1 
45 0 74.484 72.0071 0.25516 78.8961 75.4948 0.211039 71.9368 69.8809 0.280632 350.789 15.1382 100 6.63636 1 
46 0 74.484 72.0071 0.25516 78.8961 75.4948 0.211039 71.9368 69.8809 0.280632 356.448 15.5036 100 6.63636 1 
47 0 74.484 72.0071 0.25516 78.8961 75.4948 0.211039 71.9368 69.8809 0.280632 360.087 15.8645 100 6.63636 1 
48 0 74.484 72.0071 0.25516 78.8961 75.4948 0.211039 71.9368 69.8809 0.280632 362.239 16.1809 100 6.63636 1 
49 0 74.484 72.0071 0.25516 78.8961 75.4948 0.211039 71.9368 69.8809 0.280632 362.484 16.49 100 6.63636 1 
50 0 74.484 72.0071 0.25516 78.8961 75.4948 0.211039 71.9368 69.8809 0.280632 362.04 16.7836 100 6.63636 1 
51 0 75.0988 72.5262 0.249012 79.3831 75.8726 0.206169 72.7273 70.484 0.272727 365.753 17.1609 100 6.72727 1 
52 0 75.0988 72.5262 0.249012 79.3831 75.8726 0.206169 72.7273 70.484 0.272727 366.59 17.5136 100 6.72727 1 
53 0 75.0988 72.5262 0.249012 79.3831 75.8726 0.206169 72.7273 70.484 0.272727 369.241 17.9027 100 6.72727 1 
54 0 75.5819 72.9187 0.244181 79.8701 76.2549 0.201299 73.5178 71.2273 0.264822 370.315 18.2409 100 6.54545 1 
55 0 75.5819 72.9187 0.244181 79.8701 76.2549 0.201299 73.5178 71.2273 0.264822 369.842 18.5691 100 6.54545 1 
56 0 76.1089 73.4237 0.238911 80.5195 76.8106 0.194805 73.5178 71.2273 0.264822 370.608 18.9036 100 6.27273 1 
57 0 76.1089 73.4237 0.238911 80.5195 76.8106 0.194805 73.5178 71.2273 0.264822 369.719 19.2336 100 6.27273 1 
58 0 76.1089 73.4237 0.238911 80.5195 76.8106 0.194805 73.5178 71.2273 0.264822 368.533 19.5536 100 6.27273 1 
59 0 76.1089 73.4237 0.238911 80.5195 76.8106 0.194805 73.5178 71.2273 0.264822 369.929 19.9464 100 6.27273 1 
60 0 76.5481 73.8096 0.234519 81.1688 77.4617 0.188312 74.7036 72.1958 0.252964 373.557 20.3309 100 6.63636 1 
61 0 76.5481 73.8096 0.234519 81.1688 77.4617 0.188312 74.7036 72.1958 0.252964 374.462 20.7173 100 6.63636 1 
62 0 76.5481 73.8096 0.234519 81.1688 77.4617 0.188312 74.7036 72.1958 0.252964 372.091 21.0427 100 6.63636 1 
63 0 76.5481 73.8096 0.234519 81.1688 77.4617 0.188312 74.7036 72.1958 0.252964 368.93 21.3318 100 6.63636 1 
64 0 76.5481 73.8096 0.234519 81.1688 77.4617 0.188312 74.7036 72.1958 0.252964 366.085 21.6245 100 6.63636 1 
65 0 77.6899 74.6539 0.223101 82.6299 78.5765 0.173701 75.8893 73.1643 0.241107 366.077 21.9909 100 6.45455 1 
66 0 77.6899 74.6539 0.223101 82.6299 78.5765 0.173701 75.8893 73.1643 0.241107 362.492 22.2918 100 6.45455 1 
67 0 77.6899 74.6539 0.223101 82.6299 78.5765 0.173701 75.8893 73.1643 0.241107 358.986 22.6118 100 6.45455 1 
68 0 77.6899 74.6539 0.223101 82.6299 78.5765 0.173701 75.8893 73.1643 0.241107 356.228 22.9518 100 6.45455 1 
69 0 78.3048 75.0631 0.216952 83.6039 79.3957 0.163961 77.8656 74.7826 0.221344 355.432 23.3036 100 6.72727 1 
70 0 78.3048 75.0631 0.216952 83.6039 79.3957 0.163961 77.8656 74.7826 0.221344 351.022 23.5991 100 6.72727 1 
71 0 78.3048 75.0631 0.216952 83.6039 79.3957 0.163961 77.8656 74.7826 0.221344 346.677 23.92 100 6.72727 1 
72 0 78.3048 75.0631 0.216952 83.6039 79.3957 0.163961 77.8656 74.7826 0.221344 347.534 24.3564 100 6.72727 1 
