# Created by main.cpp, 2016-06-25.12:28:01
# name: results
# type: matrix
# rows: 101
# columns: 24
1 0.512077 48.7923 34.2677 12.969 3.43 0.343 0 100 9 6.1 2 1 1 -1 0 0 44.7826 28.0542 1 77.6786 73.5825 4.29497e+09 10 
2 0.470531 52.9469 36.325 23.2711 4.70622 0.66 0 100 9 4.4 2 1 1 -1 0 0 52.6087 31.6789 2 77.6786 73.5825 4.29497e+09 10 
3 0.329952 67.0048 44.7185 36.1534 5.96216 1 0 100 9 5.6 2 1 1 -1 0 0 81.7391 47.1837 3 77.6786 73.5825 4.29497e+09 10 
4 0.329952 67.0048 44.7185 48.439 6.89431 1.35 0 100 9 6.2 2 1 1 -1 0 0 81.7391 47.1837 4 77.6786 73.5825 4.29497e+09 10 
5 0.321256 67.8744 47.6412 64.2406 7.93968 1.733 0 100 9 5.7 2 1 1 -1 0 0 81.7391 50.005 5 77.6786 73.5825 4.29497e+09 10 
6 0.321256 67.8744 47.6412 73.2212 8.49318 2.041 0 100 9 5.8 2 1 1 -1 0 0 81.7391 50.005 6 77.6786 73.5825 4.29497e+09 10 
7 0.321256 67.8744 47.6412 82.0916 9.00375 2.351 0 100 9 6.7 2 1 1 -1 0 0 81.7391 50.005 7 77.6786 73.5825 4.29497e+09 10 
8 0.321256 67.8744 47.6412 90.7639 9.46966 2.661 0 100 9 6.6 2 1 1 -1 0 0 81.7391 50.005 8 77.6786 73.5825 4.29497e+09 10 
9 0.319324 68.0676 47.7112 97.8747 9.85569 2.944 0 100 9 6 2 1 1 -1 0 0 81.7391 50.005 9 77.6786 73.5825 4.29497e+09 10 
10 0.316908 68.3092 48.859 108.047 10.3714 3.28 0 100 9 5.8 2 1 1 -1 0 0 82.1739 52.6158 10 77.6786 73.5825 4.29497e+09 10 
11 0.308213 69.1787 50.3313 118.98 10.8415 3.599 0 100 9 5.6 2 1 1 -1 0 0 81.7391 53.4621 11 77.6786 73.5825 4.29497e+09 10 
12 0.308213 69.1787 50.3313 129.011 11.2897 3.932 0 100 9 5.6 2 1 1 -1 0 0 81.7391 53.4621 12 77.6786 73.5825 4.29497e+09 10 
13 0.280676 71.9324 55.4818 146.761 12.0511 4.359 0 100 9 6.8 2 1 1 -1 0 0 83.913 56.1389 13 77.6786 73.5825 4.29497e+09 10 
14 0.280676 71.9324 55.4818 156.39 12.4418 4.696 0 100 9 6.2 2 1 1 -1 0 0 83.913 56.1389 14 77.6786 73.5825 4.29497e+09 10 
15 0.271498 72.8502 58.1422 169.825 12.9756 5.073 0 100 9 6.5 2 1 1 -1 0 0 80.8696 54.4253 15 77.6786 73.5825 4.29497e+09 10 
16 0.271498 72.8502 58.1422 176.854 13.2422 5.382 0 100 9 6.1 2 1 1 -1 0 0 80.8696 54.4253 16 77.6786 73.5825 4.29497e+09 10 
17 0.271498 72.8502 58.1422 185.396 13.5687 5.723 0 100 9 7.1 2 1 1 -1 0 0 80.8696 54.4253 17 77.6786 73.5825 4.29497e+09 10 
18 0.257488 74.2512 61.9648 195.992 13.9578 6.07 0 100 9 6.8 2 1 1 -1 0 0 80.4348 57.2186 18 77.6786 73.5825 4.29497e+09 10 
19 0.240097 75.9903 65.9236 212.712 14.5407 6.496 0 100 9 6.6 2 1 1 -1 0 0 81.3043 60.5786 19 77.6786 73.5825 4.29497e+09 10 
20 0.240097 75.9903 65.9236 218.455 14.7385 6.801 0 100 9 6.9 2 1 1 -1 0 0 81.3043 60.5786 20 77.6786 73.5825 4.29497e+09 10 
21 0.240097 75.9903 65.9236 224.335 14.9379 7.111 0 100 9 6.6 2 1 1 -1 0 0 81.3043 60.5786 21 77.6786 73.5825 4.29497e+09 10 
22 0.235749 76.4251 67.1407 235.792 15.3088 7.49 0 100 9 6.9 2 1 1 -1 0 0 81.3043 63.4992 22 77.6786 73.5825 4.29497e+09 10 
23 0.235749 76.4251 67.1407 241.996 15.5083 7.815 0 100 9 6.3 2 1 1 -1 0 0 81.3043 63.4992 23 77.6786 73.5825 4.29497e+09 10 
24 0.234783 76.5217 67.2456 252.298 15.8374 8.18 0 100 9 6.5 2 1 1 -1 0 0 80.4348 62.7333 24 77.6786 73.5825 4.29497e+09 10 
25 0.234783 76.5217 67.2456 264.511 16.208 8.596 0 100 9 6.8 2 1 1 -1 0 0 80.4348 62.7333 25 77.6786 73.5825 4.29497e+09 10 
26 0.234783 76.5217 67.2456 271.832 16.4294 8.946 0 100 9 6.4 2 1 1 -1 0 0 80.4348 62.7333 26 77.6786 73.5825 4.29497e+09 10 
27 0.234783 76.5217 67.2456 278.252 16.6289 9.295 0 100 9 7.3 2 1 1 -1 0 0 80.4348 62.7333 27 77.6786 73.5825 4.29497e+09 10 
28 0.234783 76.5217 67.2456 283.438 16.7798 9.619 0 100 9 6.4 2 1 1 -1 0 0 80.4348 62.7333 28 77.6786 73.5825 4.29497e+09 10 
29 0.234783 76.5217 67.2456 286.718 16.8774 9.908 0 100 9 7.3 2 1 1 -1 0 0 80.4348 62.7333 29 77.6786 73.5825 4.29497e+09 10 
30 0.234783 76.5217 67.2456 292.174 17.0428 10.228 0 100 9 6.4 2 1 1 -1 0 0 80.4348 62.7333 30 77.6786 73.5825 4.29497e+09 10 
31 0.234783 76.5217 67.2456 299.098 17.241 10.582 0 100 9 6.5 2 1 1 -1 0 0 80.4348 62.7333 31 77.6786 73.5825 4.29497e+09 10 
32 0.234783 76.5217 67.2456 306.817 17.4558 10.958 0 100 9 6.4 2 1 1 -1 0 0 80.4348 62.7333 32 77.6786 73.5825 4.29497e+09 10 
33 0.234783 76.5217 67.2456 310.748 17.5693 11.283 0 100 9 6.7 2 1 1 -1 0 0 80.4348 62.7333 33 77.6786 73.5825 4.29497e+09 10 
34 0.217874 78.2126 71.9425 325.93 17.988 11.747 0 100 9 6.7 2 1 1 -1 0 0 76.9565 62.7046 34 77.6786 73.5825 4.29497e+09 10 
35 0.217874 78.2126 71.9425 330.451 18.1186 12.093 0 100 9 6.7 2 1 1 -1 0 0 76.9565 62.7046 35 77.6786 73.5825 4.29497e+09 10 
36 0.217874 78.2126 71.9425 334.096 18.2203 12.428 0 100 9 6.9 2 1 1 -1 0 0 76.9565 62.7046 36 77.6786 73.5825 4.29497e+09 10 
37 0.217874 78.2126 71.9425 336.441 18.2856 12.738 0 100 9 6.7 2 1 1 -1 0 0 76.9565 62.7046 37 77.6786 73.5825 4.29497e+09 10 
38 0.217874 78.2126 71.9425 339.042 18.3571 13.055 0 100 9 6.7 2 1 1 -1 0 0 76.9565 62.7046 38 77.6786 73.5825 4.29497e+09 10 
39 0.217874 78.2126 71.9425 341.522 18.4219 13.378 0 100 9 6.7 2 1 1 -1 0 0 76.9565 62.7046 39 77.6786 73.5825 4.29497e+09 10 
40 0.199517 80.0483 75.3702 347.012 18.5887 13.719 0 100 9 7 2 1 1 -1 0 0 77.8261 65.899 40 77.6786 73.5825 4.29497e+09 10 
41 0.199517 80.0483 75.3702 351.149 18.6995 14.088 0 100 9 6.3 2 1 1 -1 0 0 77.8261 65.899 41 77.6786 73.5825 4.29497e+09 10 
42 0.199517 80.0483 75.3702 360.628 18.9529 14.523 0 100 9 6.3 2 1 1 -1 0 0 77.8261 65.899 42 77.6786 73.5825 4.29497e+09 10 
43 0.199517 80.0483 75.3702 362.184 18.9973 14.841 0 100 9 7 2 1 1 -1 0 0 77.8261 65.899 43 77.6786 73.5825 4.29497e+09 10 
44 0.199517 80.0483 75.3702 366.98 19.1154 15.205 0 100 9 7 2 1 1 -1 0 0 77.8261 65.899 44 77.6786 73.5825 4.29497e+09 10 
45 0.199517 80.0483 75.3702 370.179 19.201 15.576 0 100 9 7 2 1 1 -1 0 0 77.8261 65.899 45 77.6786 73.5825 4.29497e+09 10 
46 0.215459 78.4541 76.3689 374.217 19.3006 15.931 0 100 9 7.2 2 1 1 -1 0 0 71.7391 63.8566 46 77.6786 73.5825 4.29497e+09 10 
47 0.215459 78.4541 76.3689 380.372 19.4595 16.344 0 100 9 7.2 2 1 1 -1 0 0 71.7391 63.8566 47 77.6786 73.5825 4.29497e+09 10 
48 0.215459 78.4541 76.3689 380.283 19.459 16.652 0 100 9 7.2 2 1 1 -1 0 0 71.7391 63.8566 48 77.6786 73.5825 4.29497e+09 10 
49 0.215459 78.4541 76.3689 381.843 19.5019 16.996 0 100 9 7.2 2 1 1 -1 0 0 71.7391 63.8566 49 77.6786 73.5825 4.29497e+09 10 
50 0.215459 78.4541 76.3689 381.847 19.5037 17.322 9.85 100 9 7.2 2 1 1 -1 0 0 71.7391 63.8566 50 77.6786 73.5825 4.29497e+09 10 
51 0.215459 78.4541 76.3689 386.489 19.6148 17.729 20.7 100 9 7.2 2 1 1 -1 0 0 71.7391 63.8566 51 77.6786 73.5825 4.29497e+09 10 
52 0.215459 78.4541 76.3689 389.378 19.6857 18.122 22.35 100 9 7.2 2 1 1 -1 0 0 71.7391 63.8566 52 77.6786 73.5825 4.29497e+09 10 
53 0.215459 78.4541 76.3689 391.741 19.7461 18.508 23.45 100 9 7.2 2 1 1 -1 0 0 71.7391 63.8566 53 77.6786 73.5825 4.29497e+09 10 
54 0.215459 78.4541 76.3689 392.884 19.7748 18.894 24.3 100 9 7.2 2 1 1 -1 0 0 71.7391 63.8566 54 77.6786 73.5825 4.29497e+09 10 
55 0.215459 78.4541 76.3689 394.358 19.8154 19.287 24.8 100 9 7.2 2 1 1 -1 0 0 71.7391 63.8566 55 77.6786 73.5825 4.29497e+09 10 
56 0.192754 80.7246 77.5195 395.331 19.8462 19.644 24.9 100 9 7.1 2 1 1 -1 0 0 77.8261 68.7204 56 77.6786 73.5825 4.29497e+09 10 
57 0.192754 80.7246 77.5195 397.11 19.8874 20.008 24.9 100 9 7.1 2 1 1 -1 0 0 77.8261 68.7204 57 77.6786 73.5825 4.29497e+09 10 
58 0.192754 80.7246 77.5195 394.533 19.822 20.31 24.95 100 9 7.1 2 1 1 -1 0 0 77.8261 68.7204 58 77.6786 73.5825 4.29497e+09 10 
59 0.192754 80.7246 77.5195 391.897 19.7578 20.606 25 100 9 7.1 2 1 1 -1 0 0 77.8261 68.7204 59 77.6786 73.5825 4.29497e+09 10 
60 0.192754 80.7246 77.5195 392.031 19.757 20.982 25 100 9 7.1 2 1 1 -1 0 0 77.8261 68.7204 60 77.6786 73.5825 4.29497e+09 10 
61 0.192754 80.7246 77.5195 390.749 19.7263 21.359 25 100 9 7.1 2 1 1 -1 0 0 77.8261 68.7204 61 77.6786 73.5825 4.29497e+09 10 
62 0.192754 80.7246 77.5195 392.262 19.7668 21.78 25 100 9 7.1 2 1 1 -1 0 0 77.8261 68.7204 62 77.6786 73.5825 4.29497e+09 10 
