# Created by main.cpp, 2016-06-29.08:44:31
# name: results
# type: matrix
# rows: 275
# columns: 16
1 0 64.1634 39.5202 0.358366 59.4156 37.3436 0.405844 74.3083 41.0667 0.256917 15.6891 0.392727 100 5.81818 1 
2 0 61.704 39.587 0.38296 57.3052 36.9763 0.426948 68.3794 38.8012 0.316206 24.4663 0.68 100 6.90909 1 
3 0 64.339 39.7358 0.35661 59.5779 37.5981 0.404221 74.3083 41.0667 0.256917 34.5646 0.991818 100 5.81818 1 
4 0 68.072 41.4266 0.31928 62.1753 38.7631 0.378247 81.0277 44.2461 0.189723 46.0368 1.32818 100 6.18182 1 
5 0 68.072 41.4266 0.31928 62.1753 38.7631 0.378247 81.0277 44.2461 0.189723 53.9027 1.61091 100 5.90909 1 
6 0 68.072 41.4266 0.31928 62.1753 38.7631 0.378247 81.0277 44.2461 0.189723 64.4012 1.93909 100 4.90909 1 
7 0 68.8186 43.9447 0.311814 62.987 41.3055 0.37013 81.0277 46.0488 0.189723 78.3006 2.31 100 5.63636 1 
8 0 69.17 50.7106 0.3083 63.961 47.8904 0.36039 76.6798 49.7799 0.233202 96.9629 2.73091 100 5.63636 1 
9 0 69.17 50.7106 0.3083 63.961 47.8904 0.36039 76.6798 49.7799 0.233202 106.695 3.05909 100 5.54545 1 
10 0 68.4673 52.43 0.315327 63.6364 49.5156 0.363636 72.332 49.0131 0.27668 117.078 3.38455 100 6.72727 1 
11 0 68.4673 52.43 0.315327 63.6364 49.5156 0.363636 72.332 49.0131 0.27668 125.335 3.69182 100 5.54545 1 
12 0 66.0957 52.6021 0.339043 61.526 49.3869 0.38474 68.3794 48.3621 0.316206 134.631 4.02273 100 6.54545 1 
13 0 70.8827 56.4397 0.291173 65.2597 52.5372 0.347403 73.913 52.0891 0.26087 150.811 4.43455 100 4.81818 1 
14 0 70.8827 56.4397 0.291173 65.2597 52.5372 0.347403 73.913 52.0891 0.26087 158.705 4.73455 100 5.81818 1 
15 0 70.9267 59.8709 0.290733 65.7468 55.9409 0.342532 68.7747 50.6219 0.312253 174.531 5.14 100 4.90909 1 
16 0 70.9267 59.8709 0.290733 66.3961 56.6705 0.336039 68.3794 50.2912 0.316206 185.473 5.49273 100 6.36364 1 
17 0 70.9267 59.8709 0.290733 65.7468 55.9409 0.342532 68.7747 50.6219 0.312253 192.645 5.79636 100 5.81818 1 
18 0 70.9267 59.8709 0.290733 66.3961 56.6705 0.336039 68.3794 50.2912 0.316206 199.896 6.10545 100 7 1 
19 0 69.6091 61.202 0.303909 64.7727 57.1147 0.352273 64.0316 49.5105 0.359684 212.162 6.5 100 5.90909 1 
20 0 69.6091 61.202 0.303909 65.4221 57.8443 0.345779 63.6364 49.1797 0.363636 217.606 6.79182 100 6.72727 1 
21 0 70.4436 61.5336 0.295564 65.7468 57.7485 0.342532 66.4032 51.1154 0.335968 229.878 7.18182 100 6 1 
22 0 70.4436 61.5336 0.295564 66.3961 58.4781 0.336039 66.0079 50.7846 0.339921 237.286 7.50636 100 6.36364 1 
23 0 70.4436 61.5336 0.295564 65.7468 57.7485 0.342532 66.4032 51.1154 0.335968 244.305 7.84 100 5.81818 1 
24 0 67.8085 62.0564 0.321915 64.7727 59.2391 0.352273 58.498 48.3657 0.41502 254.081 8.19273 100 6.27273 1 
25 0 71.1023 65.2743 0.288977 67.3701 62.2441 0.326299 63.2411 52.4129 0.367589 262.615 8.53273 100 5.63636 1 
26 0 72.0685 66.0797 0.279315 68.5065 63.3316 0.314935 65.2174 54.1149 0.347826 273.485 8.91545 100 6.09091 1 
27 0 72.0685 66.0797 0.279315 67.8571 62.602 0.321429 65.6126 54.4457 0.343874 281.191 9.27091 100 5.81818 1 
28 0 72.0685 66.9276 0.279315 69.9675 65.7435 0.300325 62.8458 53.1279 0.371542 292.979 9.68455 100 6.81818 1 
29 0 72.0685 66.9276 0.279315 69.3182 65.0139 0.306818 63.2411 53.4586 0.367589 297.166 9.98273 100 6.27273 1 
30 0 72.0685 66.9276 0.279315 69.9675 65.7435 0.300325 62.8458 53.1279 0.371542 302.145 10.3127 100 6.18182 1 
31 0 72.0685 66.9276 0.279315 69.3182 65.0139 0.306818 63.2411 53.4586 0.367589 306.561 10.6291 100 5.81818 1 
32 0 72.9908 69.3457 0.270092 70.7792 67.7661 0.292208 62.0553 52.3825 0.379447 315.826 11.01 100 6.90909 1 
33 0 72.9908 69.3457 0.270092 70.1299 67.0365 0.298701 62.4506 52.7133 0.375494 318.753 11.3055 100 6.54545 1 
34 0 72.9908 69.3457 0.270092 70.7792 67.7661 0.292208 62.0553 52.3825 0.379447 321.437 11.5964 100 6.90909 1 
35 0 72.9908 69.3457 0.270092 70.1299 67.0365 0.298701 62.4506 52.7133 0.375494 327.497 11.9373 100 6.54545 1 
36 0 73.0786 69.4479 0.269214 70.6169 67.5394 0.293831 62.0553 52.3825 0.379447 333.623 12.2891 100 6.63636 1 
37 0 77.4704 73.5545 0.225296 74.8377 72.0711 0.251623 69.9605 58.6565 0.300395 343.369 12.6982 100 6.81818 1 
38 0 78.7879 75.323 0.212121 77.2727 75.1684 0.227273 71.5415 60.6703 0.284585 356.253 13.15 100 6.90909 1 
39 0 79.7101 75.56 0.202899 77.9221 75.2839 0.220779 74.3083 61.9665 0.256917 360.424 13.4718 100 7 1 
40 0 79.7101 75.56 0.202899 77.9221 75.2839 0.220779 74.3083 61.9665 0.256917 364.002 13.8264 100 7 1 
41 0 79.7101 75.56 0.202899 77.9221 75.2839 0.220779 74.3083 61.9665 0.256917 366.811 14.1691 100 7 1 
42 0 79.7101 75.56 0.202899 77.9221 75.2839 0.220779 74.3083 61.9665 0.256917 369.422 14.4755 100 7 1 
43 0 79.7101 75.56 0.202899 77.9221 75.2839 0.220779 74.3083 61.9665 0.256917 372.446 14.8345 100 7 1 
44 0 79.7101 75.56 0.202899 77.9221 75.2839 0.220779 74.3083 61.9665 0.256917 375.85 15.1927 100 7 1 
45 0 79.7101 75.56 0.202899 77.9221 75.2839 0.220779 74.3083 61.9665 0.256917 377.376 15.5245 100 7 1 
46 0 80.3689 76.0291 0.196311 78.2468 75.4816 0.217532 75.8893 62.8739 0.241107 387.725 15.9736 100 6.72727 1 
47 0 80.3689 76.0291 0.196311 78.2468 75.4816 0.217532 75.8893 62.8739 0.241107 388.711 16.3018 100 6.72727 1 
48 0 80.3689 76.0291 0.196311 78.2468 75.4816 0.217532 75.8893 62.8739 0.241107 393.128 16.6427 100 6.72727 1 
49 0 80.3689 76.0291 0.196311 78.2468 75.4816 0.217532 75.8893 62.8739 0.241107 391.763 16.9045 100 6.72727 1 
50 0 80.3689 76.0291 0.196311 78.2468 75.4816 0.217532 75.8893 62.8739 0.241107 394.003 17.2636 100 6.72727 1 
51 0 80.3689 76.0291 0.196311 78.2468 75.4816 0.217532 75.8893 62.8739 0.241107 395.038 17.6245 100 6.72727 1 
52 0 80.3689 76.0291 0.196311 78.2468 75.4816 0.217532 75.8893 62.8739 0.241107 393.721 17.9109 100 6.72727 1 
53 0 80.3689 76.0291 0.196311 78.2468 75.4816 0.217532 75.8893 62.8739 0.241107 396.866 18.3027 100 6.72727 1 
54 0 80.3689 76.0291 0.196311 78.2468 75.4816 0.217532 75.8893 62.8739 0.241107 396.824 18.6491 100 6.72727 1 
55 0 80.3689 76.0291 0.196311 78.2468 75.4816 0.217532 75.8893 62.8739 0.241107 394.365 18.9055 100 6.72727 1 
56 0 80.3689 76.0291 0.196311 78.2468 75.4816 0.217532 75.8893 62.8739 0.241107 392.903 19.2173 100 6.72727 1 
57 0 80.3689 76.0291 0.196311 78.2468 75.4816 0.217532 75.8893 62.8739 0.241107 390.871 19.5064 100 6.72727 1 
58 0 79.9297 76.0615 0.200703 78.4091 75.9144 0.215909 73.1225 60.8156 0.268775 392.167 19.8827 100 7.27273 1 
59 0 79.9297 76.0615 0.200703 78.4091 75.9144 0.215909 73.1225 60.8156 0.268775 391.639 20.24 100 7.27273 1 
60 0 79.9297 76.0615 0.200703 78.4091 75.9144 0.215909 73.1225 60.8156 0.268775 389.394 20.5573 100 7.27273 1 
61 0 79.9297 76.0615 0.200703 78.4091 75.9144 0.215909 73.1225 60.8156 0.268775 388.068 20.9109 100 7.27273 1 
62 0 79.9297 76.0615 0.200703 78.4091 75.9144 0.215909 73.1225 60.8156 0.268775 385.363 21.2227 100 7.27273 1 
63 0 79.9297 76.0615 0.200703 78.4091 75.9144 0.215909 73.1225 60.8156 0.268775 382.648 21.5291 100 7.27273 1 
64 0 80.4128 76.1077 0.195872 78.5714 75.8286 0.214286 75.0988 61.3776 0.249012 382.504 21.8945 100 7.09091 1 
65 0 80.4128 76.1077 0.195872 78.5714 75.8286 0.214286 75.0988 61.3776 0.249012 378.62 22.1682 100 7.09091 1 
66 0 80.4128 76.1077 0.195872 78.5714 75.8286 0.214286 75.0988 61.3776 0.249012 377.672 22.5155 100 7.09091 1 
67 0 80.4128 76.1077 0.195872 78.5714 75.8286 0.214286 75.0988 61.3776 0.249012 373.822 22.8282 100 7.09091 1 
68 0 80.6763 76.2699 0.193237 77.9221 75.1178 0.220779 77.0751 63.1013 0.229249 374.185 23.1973 100 6.90909 1 
69 0 80.9838 76.8213 0.190162 77.9221 75.2292 0.220779 77.4704 64.7025 0.225296 374.334 23.5636 100 7.36364 1 
70 0 80.9838 76.8213 0.190162 77.9221 75.2292 0.220779 77.4704 64.7025 0.225296 369.538 23.8318 100 7.36364 1 
71 0 80.9838 76.8213 0.190162 77.9221 75.2292 0.220779 77.4704 64.7025 0.225296 366.162 24.1927 100 7.36364 1 
72 0 80.9838 76.8213 0.190162 77.9221 75.2292 0.220779 77.4704 64.7025 0.225296 362.569 24.5327 100 7.36364 1 
