# Created by main.cpp, 2016-06-25.12:27:42
# name: results
# type: matrix
# rows: 101
# columns: 24
1 0.536715 46.3285 34.217 13.249 3.41 0.341 0 100 9 5.9 2 1 1 -1 0 0 42.6087 29.0441 1 84.8214 83.8862 1 10 
2 0.425121 57.4879 41.2006 26.617 5.04601 0.697 0 100 9 5.5 2 1 1 -1 0 0 62.1739 39.77 2 84.8214 83.8862 1 10 
3 0.343478 65.6522 44.6394 38.1375 6.10788 1.031 0 100 9 6 2 1 1 -1 0 0 76.5217 46.2423 3 84.8214 83.8862 1 10 
4 0.335266 66.4734 47.8404 54.0081 7.21938 1.408 0 100 9 6.3 2 1 1 -1 0 0 76.5217 48.2253 4 84.8214 83.8862 1 10 
5 0.328019 67.1981 50.8168 72.0335 8.35505 1.808 0 100 9 6.5 2 1 1 -1 0 0 76.9565 50.836 5 84.8214 83.8862 1 10 
6 0.307246 69.2754 51.5783 84.9451 9.12039 2.167 0 100 9 5.9 2 1 1 -1 0 0 78.6957 50.7233 6 84.8214 83.8862 1 10 
7 0.307246 69.2754 51.5783 93.5514 9.58773 2.466 0 100 9 6.6 2 1 1 -1 0 0 78.6957 50.7233 7 84.8214 83.8862 1 10 
8 0.307246 69.2754 51.5783 104.372 10.1347 2.806 0 100 9 6.5 2 1 1 -1 0 0 78.6957 50.7233 8 84.8214 83.8862 1 10 
9 0.307246 69.2754 51.5783 114.882 10.6458 3.145 0 100 9 6.9 2 1 1 -1 0 0 78.6957 50.7233 9 84.8214 83.8862 1 10 
10 0.300966 69.9034 52.2113 124.92 11.1099 3.473 0 100 9 5.5 2 1 1 -1 0 0 81.3043 52.8431 10 84.8214 83.8862 1 10 
11 0.298551 70.1449 52.4555 131.846 11.3998 3.746 0 100 9 6.1 2 1 1 -1 0 0 82.1739 53.5418 11 84.8214 83.8862 1 10 
12 0.298551 70.1449 52.4555 142.6 11.862 4.091 0 100 9 5.5 2 1 1 -1 0 0 82.1739 53.5418 12 84.8214 83.8862 1 10 
13 0.282126 71.7874 56.0976 160.747 12.5999 4.523 0 100 9 6.9 2 1 1 -1 0 0 85.2174 60.4952 13 84.8214 83.8862 1 10 
14 0.282126 71.7874 56.0976 171.861 13.0228 4.886 0 100 9 6.4 2 1 1 -1 0 0 85.2174 60.4952 14 84.8214 83.8862 1 10 
15 0.262802 73.7198 57.8642 184.292 13.4798 5.249 0 100 9 6.1 2 1 1 -1 0 0 86.9565 62.176 15 84.8214 83.8862 1 10 
16 0.262802 73.7198 57.8642 190.071 13.701 5.53 0 100 9 6.6 2 1 1 -1 0 0 86.9565 62.176 16 84.8214 83.8862 1 10 
17 0.262802 73.7198 57.8642 198.237 14.0089 5.861 0 100 9 6.8 2 1 1 -1 0 0 86.9565 62.176 17 84.8214 83.8862 1 10 
18 0.254106 74.5894 61.294 207.2 14.3272 6.175 0 100 9 6.2 2 1 1 -1 0 0 86.5217 63.6916 18 84.8214 83.8862 1 10 
19 0.254106 74.5894 61.294 215.746 14.6231 6.522 0 100 9 8 2 1 1 -1 0 0 86.5217 63.6916 19 84.8214 83.8862 1 10 
20 0.254106 74.5894 61.294 226.254 14.9806 6.911 0 100 9 6.2 2 1 1 -1 0 0 86.5217 63.6916 20 84.8214 83.8862 1 10 
21 0.254106 74.5894 61.294 232.551 15.1937 7.223 0 100 9 8 2 1 1 -1 0 0 86.5217 63.6916 21 84.8214 83.8862 1 10 
22 0.254106 74.5894 61.294 239.99 15.4316 7.562 0 100 9 6.8 2 1 1 -1 0 0 86.5217 63.6916 22 84.8214 83.8862 1 10 
23 0.254106 74.5894 61.294 243.803 15.5513 7.831 0 100 9 7.2 2 1 1 -1 0 0 86.5217 63.6916 23 84.8214 83.8862 1 10 
24 0.256039 74.3961 63.9961 257.818 16.0013 8.252 0 100 9 6.9 2 1 1 -1 0 0 85.6522 66.0534 24 84.8214 83.8862 1 10 
25 0.256039 74.3961 63.9961 264.779 16.2228 8.593 0 100 9 7.3 2 1 1 -1 0 0 85.6522 66.0534 25 84.8214 83.8862 1 10 
26 0.256039 74.3961 63.9961 270.505 16.3913 8.917 0 100 9 7.5 2 1 1 -1 0 0 85.6522 66.0534 26 84.8214 83.8862 1 10 
27 0.256039 74.3961 63.9961 277.838 16.616 9.274 0 100 9 7.3 2 1 1 -1 0 0 85.6522 66.0534 27 84.8214 83.8862 1 10 
28 0.256039 74.3961 63.9961 284.429 16.8127 9.611 0 100 9 6.9 2 1 1 -1 0 0 85.6522 66.0534 28 84.8214 83.8862 1 10 
29 0.256039 74.3961 63.9961 286.661 16.8765 9.869 0 100 9 6.5 2 1 1 -1 0 0 85.6522 66.0534 29 84.8214 83.8862 1 10 
30 0.256039 74.3961 63.9961 290.776 17.0026 10.172 0 100 9 6.7 2 1 1 -1 0 0 85.6522 66.0534 30 84.8214 83.8862 1 10 
31 0.248309 75.1691 65.7365 305.476 17.4257 10.626 0 100 9 7.3 2 1 1 -1 0 0 85.6522 66.0534 31 84.8214 83.8862 1 10 
32 0.248309 75.1691 65.7365 312.66 17.6321 11.01 0 100 9 7.4 2 1 1 -1 0 0 85.6522 66.0534 32 84.8214 83.8862 1 10 
33 0.248309 75.1691 65.7365 318.576 17.7977 11.363 0 100 9 7.4 2 1 1 -1 0 0 85.6522 66.0534 33 84.8214 83.8862 1 10 
34 0.248309 75.1691 65.7365 321.946 17.8915 11.661 0 100 9 7.4 2 1 1 -1 0 0 85.6522 66.0534 34 84.8214 83.8862 1 10 
35 0.248309 75.1691 65.7365 329.487 18.0946 12.034 0 100 9 7.4 2 1 1 -1 0 0 85.6522 66.0534 35 84.8214 83.8862 1 10 
36 0.242029 75.7971 68.389 336.39 18.2982 12.406 0 100 9 7 2 1 1 -1 0 0 85.2174 66.7194 36 84.8214 83.8862 1 10 
37 0.242029 75.7971 68.389 340.283 18.4084 12.746 0 100 9 7.4 2 1 1 -1 0 0 85.2174 66.7194 37 84.8214 83.8862 1 10 
38 0.242029 75.7971 68.389 344.461 18.5171 13.085 0 100 9 7.4 2 1 1 -1 0 0 85.2174 66.7194 38 84.8214 83.8862 1 10 
39 0.242029 75.7971 68.389 350.338 18.6741 13.477 0 100 9 7.4 2 1 1 -1 0 0 85.2174 66.7194 39 84.8214 83.8862 1 10 
40 0.235749 76.4251 68.607 356.659 18.8386 13.853 0 100 9 7.1 2 1 1 -1 0 0 86.087 66.3406 40 84.8214 83.8862 1 10 
41 0.235749 76.4251 68.607 359.75 18.9239 14.194 0 100 9 6.7 2 1 1 -1 0 0 86.087 66.3406 41 84.8214 83.8862 1 10 
42 0.235749 76.4251 68.607 361.637 18.9771 14.511 0 100 9 6.7 2 1 1 -1 0 0 86.087 66.3406 42 84.8214 83.8862 1 10 
43 0.235749 76.4251 68.607 363.422 19.025 14.834 0 100 9 7.4 2 1 1 -1 0 0 86.087 66.3406 43 84.8214 83.8862 1 10 
44 0.235749 76.4251 68.607 363.605 19.0281 15.11 0 100 9 7.4 2 1 1 -1 0 0 86.087 66.3406 44 84.8214 83.8862 1 10 
45 0.235749 76.4251 68.607 364.76 19.0587 15.425 0 100 9 7.4 2 1 1 -1 0 0 86.087 66.3406 45 84.8214 83.8862 1 10 
46 0.260386 73.9614 69.019 365.755 19.0863 15.736 0 100 9 7.6 2 1 1 -1 0 0 81.3043 65.4971 46 84.8214 83.8862 1 10 
47 0.260386 73.9614 69.019 371.204 19.2247 16.139 0 100 9 7.6 2 1 1 -1 0 0 81.3043 65.4971 47 84.8214 83.8862 1 10 
48 0.265217 73.4783 69.1502 375.257 19.3288 16.516 0 100 9 7.6 2 1 1 -1 0 0 80.4348 65.6796 48 84.8214 83.8862 1 10 
49 0.260386 73.9614 69.3942 378.524 19.4224 16.867 0 100 9 7.3 2 1 1 -1 0 0 80.4348 64.3858 49 84.8214 83.8862 1 10 
50 0.260386 73.9614 69.3942 379.994 19.4604 17.204 10.35 100 9 7.3 2 1 1 -1 0 0 80.4348 64.3858 50 84.8214 83.8862 1 10 
51 0.260386 73.9614 69.3942 382.503 19.5199 17.556 21.25 100 9 7.3 2 1 1 -1 0 0 80.4348 64.3858 51 84.8214 83.8862 1 10 
52 0.256522 74.3478 70.7109 385.397 19.5937 17.892 21.85 100 9 6.9 2 1 1 -1 0 0 80.8696 66.9966 52 84.8214 83.8862 1 10 
53 0.256522 74.3478 70.7109 383.501 19.5458 18.158 21.95 100 9 6.9 2 1 1 -1 0 0 80.8696 66.9966 53 84.8214 83.8862 1 10 
54 0.256522 74.3478 70.7109 387.485 19.6471 18.564 22 100 9 6.9 2 1 1 -1 0 0 80.8696 66.9966 54 84.8214 83.8862 1 10 
55 0.256522 74.3478 70.7109 385.177 19.5897 18.824 22 100 9 6.9 2 1 1 -1 0 0 80.8696 66.9966 55 84.8214 83.8862 1 10 
56 0.256522 74.3478 70.7109 382.642 19.5243 19.084 22 100 9 6.9 2 1 1 -1 0 0 80.8696 66.9966 56 84.8214 83.8862 1 10 
57 0.256522 74.3478 70.7109 381.2 19.4892 19.394 22 100 9 6.9 2 1 1 -1 0 0 80.8696 66.9966 57 84.8214 83.8862 1 10 
58 0.256522 74.3478 70.7109 378.403 19.419 19.651 22 100 9 6.9 2 1 1 -1 0 0 80.8696 66.9966 58 84.8214 83.8862 1 10 
59 0.256522 74.3478 70.7109 377.092 19.385 19.987 22 100 9 6.9 2 1 1 -1 0 0 80.8696 66.9966 59 84.8214 83.8862 1 10 
60 0.256522 74.3478 70.7109 374.62 19.3235 20.279 22 100 9 6.9 2 1 1 -1 0 0 80.8696 66.9966 60 84.8214 83.8862 1 10 
61 0.256522 74.3478 70.7109 372.299 19.2643 20.579 22 100 9 6.9 2 1 1 -1 0 0 80.8696 66.9966 61 84.8214 83.8862 1 10 
62 0.252657 74.7343 71.0039 375.236 19.3354 21.01 22 100 9 6.6 2 1 1 -1 0 0 80.8696 66.5412 62 84.8214 83.8862 1 10 
63 0.252657 74.7343 71.0039 373.56 19.2894 21.344 22 100 9 6.6 2 1 1 -1 0 0 80.8696 66.5412 63 84.8214 83.8862 1 10 
64 0.247343 75.2657 71.1583 372.697 19.2694 21.672 22 100 9 6.3 2 1 1 -1 0 0 81.7391 66.1623 64 84.8214 83.8862 1 10 
65 0.250242 74.9758 71.4017 376.267 19.3717 22.124 22 100 9 6.8 2 1 1 -1 0 0 81.3043 66.373 65 84.8214 83.8862 1 10 
66 0.250242 74.9758 71.4017 372.451 19.2731 22.406 22 100 9 6.8 2 1 1 -1 0 0 81.3043 66.373 66 84.8214 83.8862 1 10 
67 0.250242 74.9758 71.4017 368.667 19.1752 22.699 22 100 9 6.8 2 1 1 -1 0 0 81.3043 66.373 67 84.8214 83.8862 1 10 
68 0.250242 74.9758 71.4017 364.495 19.0659 22.977 22 100 9 6.8 2 1 1 -1 0 0 81.3043 66.373 68 84.8214 83.8862 1 10 
