# Created by main.cpp, 2016-06-29.08:45:00
# name: results
# type: matrix
# rows: 275
# columns: 16
1 0 56.2143 34.5691 0.437857 51.9481 34.0496 0.480519 57.7075 34.4314 0.422925 12.8291 0.343636 100 5.90909 1 
2 0 56.39 34.8336 0.4361 52.1104 34.3596 0.478896 58.1028 34.97 0.418972 19.7085 0.598182 100 6 1 
3 0 68.3355 42.8329 0.316645 57.1429 39.3036 0.428571 72.7273 44.2042 0.272727 33.4736 0.943636 100 5.09091 1 
4 0 72.332 44.4671 0.27668 58.2792 39.5721 0.417208 77.0751 45.9059 0.229249 45.9274 1.29545 100 5.72727 1 
5 0 72.6394 44.572 0.273606 58.6039 39.7067 0.413961 77.4704 46.0334 0.225296 54.2145 1.57636 100 4.90909 1 
6 0 73.386 47.6463 0.26614 60.2273 43.1927 0.397727 78.2609 49.5039 0.217391 70.635 1.97 100 5 1 
7 0 73.386 47.6463 0.26614 60.2273 43.1927 0.397727 78.2609 49.5039 0.217391 79.8511 2.27545 100 6.63636 1 
8 0 73.386 47.6463 0.26614 60.2273 43.1927 0.397727 78.2609 49.5039 0.217391 88.962 2.58364 100 5.45455 1 
9 0 74.0887 49.9725 0.259113 60.3896 44.6331 0.396104 78.2609 49.5039 0.217391 107.632 3.01636 100 4.90909 1 
10 0 74.0887 49.9725 0.259113 60.3896 44.6331 0.396104 78.2609 49.5039 0.217391 117.272 3.31273 100 5.81818 1 
11 0 74.0887 49.9725 0.259113 60.3896 44.6331 0.396104 78.2609 49.5039 0.217391 123.402 3.57818 100 5.27273 1 
12 0 74.0887 49.9725 0.259113 60.3896 44.6331 0.396104 78.2609 49.5039 0.217391 134.614 3.91909 100 6.27273 1 
13 0 73.8252 55.0456 0.261748 63.7987 51.8032 0.362013 77.8656 54.6548 0.221344 149.942 4.31091 100 4.18182 1 
14 0 73.6935 59.9542 0.263065 66.0714 57.8257 0.339286 77.4704 59.3426 0.225296 167.768 4.72545 100 6.27273 1 
15 0 73.6935 59.9542 0.263065 66.0714 57.8257 0.339286 77.4704 59.3426 0.225296 174.24 5.01091 100 4.72727 1 
16 0 73.6935 59.9542 0.263065 66.0714 57.8257 0.339286 77.4704 59.3426 0.225296 178.964 5.26182 100 6.09091 1 
17 0 73.6935 59.9542 0.263065 66.0714 57.8257 0.339286 77.4704 59.3426 0.225296 187.162 5.58636 100 5.72727 1 
18 0 73.6935 59.9542 0.263065 66.0714 57.8257 0.339286 77.4704 59.3426 0.225296 194.029 5.88909 100 6.18182 1 
19 0 71.7172 60.7713 0.282828 66.5584 60.0076 0.334416 75.4941 60.4214 0.245059 203.384 6.21909 100 6.18182 1 
20 0 71.7172 60.7713 0.282828 66.5584 60.0076 0.334416 75.4941 60.4214 0.245059 207.036 6.46545 100 5.90909 1 
21 0 73.1225 61.7614 0.268775 65.9091 59.0985 0.340909 75.8893 59.3922 0.241107 217.09 6.81 100 6.27273 1 
22 0 73.1225 61.7614 0.268775 65.9091 59.0985 0.340909 75.8893 59.3922 0.241107 227.81 7.18091 100 6.09091 1 
23 0 73.1225 61.7614 0.268775 65.9091 59.0985 0.340909 75.8893 59.3922 0.241107 234.711 7.50636 100 6.45455 1 
24 0 70.4436 61.8208 0.295564 65.2597 59.6736 0.347403 72.7273 59.3536 0.272727 239.588 7.79091 100 6.36364 1 
25 0 71.5854 65.6098 0.284146 67.8571 64.1629 0.321429 73.913 63.6291 0.26087 255.318 8.23727 100 5.72727 1 
26 0 71.8489 66.5549 0.281511 68.1818 64.939 0.318182 73.913 63.6291 0.26087 262.21 8.56636 100 6.18182 1 
27 0 71.6293 68.3135 0.283707 69.6429 67.8206 0.303571 73.913 66.4806 0.26087 269.025 8.87182 100 6.27273 1 
28 0 72.4638 68.6471 0.275362 68.6688 66.5505 0.313312 73.5178 64.6021 0.264822 277.934 9.22818 100 6.09091 1 
29 0 73.5178 69.3283 0.264822 68.5065 66.222 0.314935 74.3083 63.7414 0.256917 289.304 9.62455 100 6.27273 1 
30 0 73.5178 69.3283 0.264822 68.5065 66.222 0.314935 74.3083 63.7414 0.256917 293.758 9.93182 100 6.27273 1 
31 0 73.5178 69.3283 0.264822 68.5065 66.222 0.314935 74.3083 63.7414 0.256917 297.109 10.2082 100 6.27273 1 
32 0 73.6935 69.5073 0.263065 68.6688 66.4222 0.313312 74.3083 63.7414 0.256917 305.476 10.5945 100 6.27273 1 
33 0 73.6935 69.5073 0.263065 68.6688 66.4222 0.313312 74.3083 63.7414 0.256917 309.405 10.9 100 6.27273 1 
34 0 73.6935 69.5073 0.263065 68.6688 66.4222 0.313312 74.3083 63.7414 0.256917 313.983 11.2282 100 6.27273 1 
35 0 73.6935 69.5073 0.263065 68.6688 66.4222 0.313312 74.3083 63.7414 0.256917 317.638 11.5355 100 6.27273 1 
36 0 73.6935 69.5073 0.263065 68.6688 66.4222 0.313312 74.3083 63.7414 0.256917 320.896 11.8391 100 6.27273 1 
37 0 78.7 74.0587 0.213 72.0779 70.5697 0.279221 79.4466 67.7772 0.205534 330.762 12.2427 100 6.54545 1 
38 0 79.5784 74.8127 0.204216 72.5649 71.014 0.274351 80.6324 69.0525 0.193676 340.927 12.6636 100 6.81818 1 
39 0 81.1594 75.9791 0.188406 72.7273 70.9914 0.272727 81.4229 69.0107 0.185771 348.289 12.9945 100 7.27273 1 
40 0 81.1594 75.9791 0.188406 72.7273 70.9914 0.272727 81.4229 69.0107 0.185771 352.053 13.34 100 7.27273 1 
41 0 81.1594 75.9791 0.188406 72.7273 70.9914 0.272727 81.4229 69.0107 0.185771 355.454 13.6373 100 7.27273 1 
42 0 81.1594 75.9791 0.188406 72.7273 70.9914 0.272727 81.4229 69.0107 0.185771 358.333 13.9264 100 7.27273 1 
43 0 81.1594 75.9791 0.188406 72.7273 70.9914 0.272727 81.4229 69.0107 0.185771 363.674 14.3073 100 7.27273 1 
44 0 81.1594 75.9791 0.188406 72.7273 70.9914 0.272727 81.4229 69.0107 0.185771 364.12 14.5791 100 7.27273 1 
45 0 81.3351 76.1138 0.186649 72.7273 70.9914 0.272727 81.4229 69.0107 0.185771 367.702 14.8955 100 7.72727 1 
46 0 81.3351 76.1138 0.186649 72.7273 70.9914 0.272727 81.4229 69.0107 0.185771 376.5 15.3173 100 7.72727 1 
47 0 82.1256 76.8016 0.178744 72.8896 71.1607 0.271104 81.8182 69.3921 0.181818 383.029 15.6845 100 7.81818 1 
48 0 82.6965 77.4118 0.173035 72.4026 70.5784 0.275974 81.0277 67.8818 0.189723 391.242 16.1073 100 7.45455 1 
49 0 82.6965 77.4118 0.173035 72.4026 70.5784 0.275974 81.0277 67.8818 0.189723 390.761 16.3791 100 7.45455 1 
50 0 82.6965 77.4118 0.173035 72.4026 70.5784 0.275974 81.0277 67.8818 0.189723 389.82 16.6436 100 7.45455 1 
51 0 82.6965 77.4118 0.173035 72.4026 70.5784 0.275974 81.0277 67.8818 0.189723 391.836 16.9745 100 7.45455 1 
52 0 82.6965 77.4118 0.173035 72.4026 70.5784 0.275974 81.0277 67.8818 0.189723 390.733 17.2464 100 7.45455 1 
53 0 82.6965 77.4118 0.173035 72.4026 70.5784 0.275974 81.0277 67.8818 0.189723 396.358 17.6682 100 7.45455 1 
54 0 82.6965 77.4118 0.173035 72.4026 70.5784 0.275974 81.0277 67.8818 0.189723 396.903 18.0118 100 7.45455 1 
55 0 82.6965 77.4118 0.173035 72.4026 70.5784 0.275974 81.0277 67.8818 0.189723 394.877 18.2636 100 7.45455 1 
56 0 82.6965 77.4118 0.173035 72.4026 70.5784 0.275974 81.0277 67.8818 0.189723 397.726 18.6345 100 7.45455 1 
57 0 82.6965 77.4118 0.173035 72.4026 70.5784 0.275974 81.0277 67.8818 0.189723 395.244 18.8827 100 7.45455 1 
58 0 82.6965 77.4118 0.173035 72.4026 70.5784 0.275974 81.0277 67.8818 0.189723 395.99 19.2555 100 7.45455 1 
59 0 82.6965 77.4118 0.173035 72.4026 70.5784 0.275974 81.0277 67.8818 0.189723 397.844 19.6482 100 7.45455 1 
60 0 82.6965 77.4118 0.173035 72.4026 70.5784 0.275974 81.0277 67.8818 0.189723 394.955 19.9018 100 7.45455 1 
61 0 82.7844 77.6701 0.172156 72.4026 70.6493 0.275974 80.6324 67.5365 0.193676 397.87 20.3091 100 7.09091 1 
62 0 82.7844 77.6701 0.172156 72.4026 70.6493 0.275974 80.6324 67.5365 0.193676 395.407 20.5973 100 7.09091 1 
63 0 82.7844 77.6701 0.172156 72.4026 70.6493 0.275974 80.6324 67.5365 0.193676 394.347 20.9373 100 7.09091 1 
64 0 82.7844 77.6701 0.172156 72.4026 70.6493 0.275974 80.6324 67.5365 0.193676 391.89 21.2427 100 7.09091 1 
65 0 82.7844 77.6701 0.172156 72.4026 70.6493 0.275974 80.6324 67.5365 0.193676 390.134 21.5382 100 7.09091 1 
66 0 82.7844 77.6701 0.172156 72.4026 70.6493 0.275974 80.6324 67.5365 0.193676 387.122 21.8345 100 7.09091 1 
67 0 82.7844 77.6701 0.172156 72.4026 70.6493 0.275974 80.6324 67.5365 0.193676 384.697 22.1755 100 7.09091 1 
68 0 82.7844 77.6701 0.172156 72.4026 70.6493 0.275974 80.6324 67.5365 0.193676 381.427 22.4818 100 7.09091 1 
69 0 82.7844 77.6701 0.172156 72.4026 70.6493 0.275974 80.6324 67.5365 0.193676 378.499 22.8209 100 7.09091 1 
70 0 82.7844 77.6701 0.172156 72.4026 70.6493 0.275974 80.6324 67.5365 0.193676 373.79 23.0582 100 7.09091 1 
71 0 82.7844 77.6701 0.172156 72.4026 70.6493 0.275974 80.6324 67.5365 0.193676 370.489 23.3945 100 7.09091 1 
