# Created by main.cpp, 2016-06-25.12:27:50
# name: results
# type: matrix
# rows: 101
# columns: 24
1 0.631401 36.8599 29.6526 10.461 2.99 0.299 0 100 9 6.4 2 1 1 -1 0 0 36.5217 29.4991 1 79.6429 77.6801 4.29497e+09 10 
2 0.486957 51.3043 38.2126 21.8944 4.5538 0.626 0 100 9 5.7 2 1 1 -1 0 0 51.3043 38.0758 2 79.6429 77.6801 4.29497e+09 10 
3 0.388889 61.1111 42.421 32.8199 5.64345 0.948 0 100 9 6.2 2 1 1 -1 0 0 61.7391 42.2746 3 79.6429 77.6801 4.29497e+09 10 
4 0.388889 61.1111 42.421 45.1955 6.60741 1.294 0 100 9 6.3 2 1 1 -1 0 0 61.7391 42.2746 4 79.6429 77.6801 4.29497e+09 10 
5 0.395169 60.4831 47.1502 61.8366 7.7489 1.68 0 100 9 6.7 2 1 1 -1 0 0 61.7391 47.7597 5 79.6429 77.6801 4.29497e+09 10 
6 0.371014 62.8986 47.8893 74.3791 8.50921 2.036 0 100 9 6.9 2 1 1 -1 0 0 63.913 48.3389 6 79.6429 77.6801 4.29497e+09 10 
7 0.371014 62.8986 47.8893 83.0606 9.00851 2.335 0 100 9 6.8 2 1 1 -1 0 0 63.913 48.3389 7 79.6429 77.6801 4.29497e+09 10 
8 0.322222 67.7778 49.8032 95.1771 9.6797 2.695 0 100 9 7.2 2 1 1 -1 0 0 70.4348 51.7889 8 79.6429 77.6801 4.29497e+09 10 
9 0.322222 67.7778 49.8032 104.657 10.1546 3.015 0 100 9 6.8 2 1 1 -1 0 0 70.4348 51.7889 9 79.6429 77.6801 4.29497e+09 10 
10 0.315942 68.4058 50.4308 112.878 10.551 3.308 0 100 9 6.2 2 1 1 -1 0 0 72.1739 53.5413 10 79.6429 77.6801 4.29497e+09 10 
11 0.313043 68.6957 50.7139 121.118 10.9332 3.6 0 100 9 6 2 1 1 -1 0 0 71.7391 53.1281 11 79.6429 77.6801 4.29497e+09 10 
12 0.313043 68.6957 50.7139 131.739 11.4159 3.942 0 100 9 6.3 2 1 1 -1 0 0 71.7391 53.1281 12 79.6429 77.6801 4.29497e+09 10 
13 0.292754 70.7246 55.028 148.647 12.122 4.348 0 100 9 6.8 2 1 1 -1 0 0 73.913 58.3936 13 79.6429 77.6801 4.29497e+09 10 
14 0.274396 72.5604 56.6553 163.471 12.6871 4.744 0 100 9 7.1 2 1 1 -1 0 0 76.087 60.4198 14 79.6429 77.6801 4.29497e+09 10 
15 0.257971 74.2029 58.122 176.675 13.1718 5.124 0 100 9 6.9 2 1 1 -1 0 0 79.5652 63.7491 15 79.6429 77.6801 4.29497e+09 10 
16 0.257971 74.2029 58.122 182.423 13.3858 5.404 0 100 9 7.9 2 1 1 -1 0 0 79.5652 63.7491 16 79.6429 77.6801 4.29497e+09 10 
17 0.257971 74.2029 58.122 189.715 13.682 5.715 0 100 9 7.2 2 1 1 -1 0 0 79.5652 63.7491 17 79.6429 77.6801 4.29497e+09 10 
18 0.251208 74.8792 61.4097 198.591 14.0017 6.027 0 100 9 7.5 2 1 1 -1 0 0 81.3043 68.3717 18 79.6429 77.6801 4.29497e+09 10 
19 0.251208 74.8792 61.4097 209.154 14.3711 6.406 0 100 9 8.1 2 1 1 -1 0 0 81.3043 68.3717 19 79.6429 77.6801 4.29497e+09 10 
20 0.267633 73.2367 62.8115 223.629 14.8668 6.835 0 100 9 7.5 2 1 1 -1 0 0 80 70.1788 20 79.6429 77.6801 4.29497e+09 10 
21 0.267633 73.2367 62.8115 228.581 15.0374 7.118 0 100 9 8.5 2 1 1 -1 0 0 80 70.1788 21 79.6429 77.6801 4.29497e+09 10 
22 0.267633 73.2367 62.8115 236.137 15.2803 7.458 0 100 9 8.1 2 1 1 -1 0 0 80 70.1788 22 79.6429 77.6801 4.29497e+09 10 
23 0.246377 75.3623 63.8445 244.198 15.5506 7.79 0 100 9 8 2 1 1 -1 0 0 83.0435 72.8439 23 79.6429 77.6801 4.29497e+09 10 
24 0.246377 75.3623 63.8445 253.813 15.8603 8.143 0 100 9 7.5 2 1 1 -1 0 0 83.0435 72.8439 24 79.6429 77.6801 4.29497e+09 10 
25 0.246377 75.3623 63.8445 262.722 16.1509 8.505 0 100 9 7.9 2 1 1 -1 0 0 83.0435 72.8439 25 79.6429 77.6801 4.29497e+09 10 
26 0.243478 75.6522 64.5922 272.177 16.4402 8.866 0 100 9 8.7 2 1 1 -1 0 0 83.4783 73.5242 26 79.6429 77.6801 4.29497e+09 10 
27 0.243478 75.6522 64.5922 278.09 16.6275 9.195 0 100 9 8.5 2 1 1 -1 0 0 83.4783 73.5242 27 79.6429 77.6801 4.29497e+09 10 
28 0.243478 75.6522 64.5922 283.013 16.7701 9.495 0 100 9 8.1 2 1 1 -1 0 0 83.4783 73.5242 28 79.6429 77.6801 4.29497e+09 10 
29 0.243478 75.6522 64.5922 286.301 16.8653 9.775 0 100 9 7.7 2 1 1 -1 0 0 83.4783 73.5242 29 79.6429 77.6801 4.29497e+09 10 
30 0.243478 75.6522 64.5922 293.053 17.0654 10.138 0 100 9 7.9 2 1 1 -1 0 0 83.4783 73.5242 30 79.6429 77.6801 4.29497e+09 10 
31 0.240097 75.9903 65.77 304.019 17.3789 10.541 0 100 9 8.3 2 1 1 -1 0 0 83.4783 73.5242 31 79.6429 77.6801 4.29497e+09 10 
32 0.240097 75.9903 65.77 309.313 17.5342 10.881 0 100 9 8.4 2 1 1 -1 0 0 83.4783 73.5242 32 79.6429 77.6801 4.29497e+09 10 
33 0.229469 77.0531 68.714 319.219 17.827 11.285 0 100 9 8.1 2 1 1 -1 0 0 86.087 77.7617 33 79.6429 77.6801 4.29497e+09 10 
34 0.229469 77.0531 68.714 323.081 17.9331 11.595 0 100 9 8.1 2 1 1 -1 0 0 86.087 77.7617 34 79.6429 77.6801 4.29497e+09 10 
35 0.228502 77.1498 68.8179 331.365 18.1546 11.986 0 100 9 7.8 2 1 1 -1 0 0 84.7826 76.4558 35 79.6429 77.6801 4.29497e+09 10 
36 0.228502 77.1498 68.8179 335.746 18.2753 12.33 0 100 9 7.4 2 1 1 -1 0 0 84.7826 76.4558 36 79.6429 77.6801 4.29497e+09 10 
37 0.228502 77.1498 68.8179 344.473 18.513 12.748 0 100 9 7.8 2 1 1 -1 0 0 84.7826 76.4558 37 79.6429 77.6801 4.29497e+09 10 
38 0.228502 77.1498 68.8179 351.981 18.7206 13.121 0 100 9 7.8 2 1 1 -1 0 0 84.7826 76.4558 38 79.6429 77.6801 4.29497e+09 10 
39 0.219807 78.0193 69.3453 360.296 18.9416 13.535 0 100 9 7.3 2 1 1 -1 0 0 86.087 77.7751 39 79.6429 77.6801 4.29497e+09 10 
40 0.218841 78.1159 69.4421 366.728 19.1045 13.911 0 100 9 7.5 2 1 1 -1 0 0 86.087 77.7751 40 79.6429 77.6801 4.29497e+09 10 
41 0.218841 78.1159 69.4421 369.642 19.1806 14.251 0 100 9 7.1 2 1 1 -1 0 0 86.087 77.7751 41 79.6429 77.6801 4.29497e+09 10 
42 0.218841 78.1159 69.4421 369.567 19.1814 14.507 0 100 9 7.1 2 1 1 -1 0 0 86.087 77.7751 42 79.6429 77.6801 4.29497e+09 10 
43 0.218841 78.1159 69.4421 373.059 19.2721 14.873 0 100 9 7.8 2 1 1 -1 0 0 86.087 77.7751 43 79.6429 77.6801 4.29497e+09 10 
44 0.218841 78.1159 69.4421 372.559 19.258 15.13 0 100 9 7.8 2 1 1 -1 0 0 86.087 77.7751 44 79.6429 77.6801 4.29497e+09 10 
45 0.218841 78.1159 69.4421 375.182 19.3209 15.455 0 100 9 7.8 2 1 1 -1 0 0 86.087 77.7751 45 79.6429 77.6801 4.29497e+09 10 
46 0.246377 75.3623 69.6759 375.145 19.3217 15.734 0 100 9 8 2 1 1 -1 0 0 83.4783 78.2978 46 79.6429 77.6801 4.29497e+09 10 
47 0.246377 75.3623 69.6759 377.205 19.3753 16.066 0 100 9 8 2 1 1 -1 0 0 83.4783 78.2978 47 79.6429 77.6801 4.29497e+09 10 
48 0.246377 75.3623 69.6759 381.539 19.4866 16.451 0 100 9 8 2 1 1 -1 0 0 83.4783 78.2978 48 79.6429 77.6801 4.29497e+09 10 
49 0.246377 75.3623 69.6759 382.244 19.5079 16.771 0 100 9 8 2 1 1 -1 0 0 83.4783 78.2978 49 79.6429 77.6801 4.29497e+09 10 
50 0.243478 75.6522 70.0037 385.022 19.5837 17.103 9.75 100 9 8.6 2 1 1 -1 0 0 83.4783 78.3591 50 79.6429 77.6801 4.29497e+09 10 
51 0.243478 75.6522 70.0037 386.843 19.6326 17.456 20.45 100 9 8.6 2 1 1 -1 0 0 83.4783 78.3591 51 79.6429 77.6801 4.29497e+09 10 
52 0.237198 76.2802 71.9763 388.88 19.6911 17.787 21.5 100 9 8.2 2 1 1 -1 0 0 85.2174 82.8313 52 79.6429 77.6801 4.29497e+09 10 
53 0.237198 76.2802 71.9763 389.393 19.7044 18.115 21.85 100 9 8.2 2 1 1 -1 0 0 85.2174 82.8313 53 79.6429 77.6801 4.29497e+09 10 
54 0.237198 76.2802 71.9763 388.945 19.6955 18.418 21.95 100 9 8.2 2 1 1 -1 0 0 85.2174 82.8313 54 79.6429 77.6801 4.29497e+09 10 
55 0.237198 76.2802 71.9763 390.669 19.7368 18.764 22 100 9 8.2 2 1 1 -1 0 0 85.2174 82.8313 55 79.6429 77.6801 4.29497e+09 10 
56 0.237198 76.2802 71.9763 388.709 19.6868 19.046 22 100 9 8.2 2 1 1 -1 0 0 85.2174 82.8313 56 79.6429 77.6801 4.29497e+09 10 
57 0.237198 76.2802 71.9763 387.748 19.6651 19.365 22 100 9 8.2 2 1 1 -1 0 0 85.2174 82.8313 57 79.6429 77.6801 4.29497e+09 10 
58 0.237198 76.2802 71.9763 386.587 19.6368 19.688 22 100 9 8.2 2 1 1 -1 0 0 85.2174 82.8313 58 79.6429 77.6801 4.29497e+09 10 
59 0.237198 76.2802 71.9763 384.186 19.5756 19.967 22 100 9 8.2 2 1 1 -1 0 0 85.2174 82.8313 59 79.6429 77.6801 4.29497e+09 10 
60 0.233333 76.6667 72.2645 385.347 19.6019 20.326 22 100 9 8.2 2 1 1 -1 0 0 86.9565 84.6278 60 79.6429 77.6801 4.29497e+09 10 
61 0.231401 76.8599 72.7601 387.617 19.6596 20.715 22 100 9 7.6 2 1 1 -1 0 0 86.9565 84.6891 61 79.6429 77.6801 4.29497e+09 10 
62 0.231401 76.8599 72.7601 385.736 19.6125 21.028 22 100 9 7.6 2 1 1 -1 0 0 86.9565 84.6891 62 79.6429 77.6801 4.29497e+09 10 
