# Created by main.cpp, 2016-05-12.09:39:22
# name: results
# type: matrix
# rows: 815
# columns: 21
0 0.18861 68.9655 0 139.038 11.5638 2.83 0 50 9 3.5 1 1 1 0 68.9655 0 88.6654 92.79 0 4 
1 0.256549 56.8966 59.9342 327.565 18.0441 7.315 0 50 9 3.5 1 1 1 0 68.9655 0 88.6654 92.79 0 4 
2 0.227792 68.1034 66.0921 464.266 21.5423 11.11 0 50 9 3.5 1 1 1 0 68.9655 0 88.6654 92.79 0 4 
3 0.267948 70.6897 69.7967 594.473 24.3809 15.48 0 50 9 2.75 1 1 1 0 68.9655 0 88.6654 92.79 0 4 
4 0.21182 81.8966 75.9545 706.719 26.55 21.82 0 50 9 3 1 1 1 0 68.9655 0 88.6654 92.79 0 4 
5 0.219094 81.0345 76.7698 735.297 27.073 25.595 20 50 9 3 1 1 1 0 68.9655 0 88.6654 92.79 0 4 
6 0.219094 81.0345 76.7698 733.779 27.065 30.495 46.375 50 9 3 1 1 1 0 78.4483 38.9098 88.6654 92.79 0 4 
7 0.202459 81.8966 77.0674 707.675 26.5822 34.4 47 50 9 3.75 1 1 1 0 81.8966 59.7828 88.6654 92.79 0 4 
8 0.18711 83.6207 78.115 661.395 25.6832 37.25 47 50 9 4 1 1 1 0 85.3448 73.5328 88.6654 92.79 0 4 
9 0.189273 84.4828 78.5118 587.121 24.188 40.5 47 50 9 4.5 1 1 1 0 87.069 79.9415 88.6654 92.79 0 4 
10 0.189273 84.4828 78.5118 534.907 23.0434 43.43 47 50 9 4.5 1 1 1 0 87.069 80.3961 88.6654 92.79 0 4 
11 0.189273 84.4828 78.5118 513.472 22.4866 45.005 47 50 9 4.5 1 1 1 0 87.069 80.3961 88.6654 92.79 0 4 
12 0.189273 84.4828 78.5118 399.93 19.6973 48.38 47.125 50 9 4.5 1 1 1 0 87.069 80.3961 88.6654 92.79 0 4 
13 0.154725 87.069 81.3492 357.304 18.5496 50.155 48.375 50 9 4.75 1 1 1 0 87.069 80.3961 88.6654 92.79 0 4 
14 0.154725 87.069 81.3492 313.372 17.3338 51.025 49 50 9 4.75 1 1 1 0 87.069 80.3961 88.6654 92.79 0 4 
15 0.154725 87.069 81.3492 286.579 16.6525 51.995 49.875 50 9 4.75 1 1 1 0 87.069 80.3961 88.6654 92.79 0 4 
16 0.142127 88.7931 82.3016 226.854 14.9343 53.51 50.875 50 9 6 1 1 1 0 87.069 80.3961 88.6654 92.79 0 4 
17 0.142127 88.7931 82.3016 233.705 15.1311 53.87 51.375 50 9 6 1 1 1 0 87.069 80.3961 88.6654 92.79 0 4 
18 0.162973 88.7931 83.7302 210.681 14.2068 54.58 52.125 50 9 4 1 1 1 0 87.069 80.3961 88.6654 92.79 0 4 
19 0.162973 88.7931 83.7302 199.633 13.7256 55.38 52.625 50 9 4 1 1 1 0 87.069 80.3961 88.6654 92.79 0 4 
20 0.164581 88.7931 83.7302 193.352 13.5864 56.23 53.5 50 9 4.5 1 1 1 0 87.069 80.3961 88.6654 92.79 0 4 
21 0.141463 89.6552 84.5238 193.831 13.5916 56.415 53.625 50 9 3.75 1 1 1 0 87.069 80.3961 88.6654 92.79 0 4 
22 0.141463 89.6552 84.5238 176.399 13.0422 57.3 54.625 50 9 3.75 1 1 1 0 87.069 80.3961 88.6654 92.79 0 4 
23 0.141463 89.6552 84.5238 177.836 13.098 57.38 55 50 9 3.75 1 1 1 0 87.069 80.3961 88.6654 92.79 0 4 
24 0.141463 89.6552 84.5238 155.426 12.3028 57.895 55.375 50 9 3.75 1 1 1 0 87.069 80.3961 88.6654 92.79 0 4 
25 0.141463 89.6552 84.5238 150.061 12.1252 58.505 56 50 9 3.75 1 1 1 0 87.069 80.3961 88.6654 92.79 0 4 
26 0.141463 89.6552 84.5238 137.37 11.6418 58.8 56.875 50 9 3.75 1 1 1 0 87.069 80.3961 88.6654 92.79 0 4 
27 0.118645 90.5172 84.9702 134.925 11.5357 59.095 57.125 50 9 5.75 1 1 1 0 87.069 80.3961 88.6654 92.79 0 4 
28 0.118645 90.5172 84.9702 139.257 11.6965 59.905 58.625 50 9 5.75 1 1 1 0 87.069 80.3961 88.6654 92.79 0 4 
29 0.118645 90.5172 84.9702 140.111 11.7528 60.52 59.125 50 9 5.75 1 1 1 0 87.069 80.3961 88.6654 92.79 0 4 
30 0.108936 90.5172 84.9702 154.823 12.2959 60.56 59.75 50 9 5 1 1 1 0 87.069 80.3961 88.6654 92.79 0 4 
31 0.118645 90.5172 84.9702 131.726 11.3996 61.185 60.5 50 9 5.75 1 1 1 0 87.069 80.3961 88.6654 92.79 0 4 
32 0.108936 90.5172 84.9702 133.266 11.4493 61.73 61.375 50 9 5 1 1 1 0 86.2069 80.5168 88.6654 92.79 0 4 
33 0.118645 90.5172 84.9702 136.711 11.5756 61.965 61.5 50 9 5.75 1 1 1 0 86.2069 80.5168 88.6654 92.79 0 4 
34 0.108936 90.5172 84.9702 129.232 11.2597 62.125 62 50 9 5 1 1 1 0 86.2069 80.5168 88.6654 92.79 0 4 
35 0.123149 90.5172 84.9702 126.808 11.146 62.605 62.875 50 9 4.25 1 1 1 0 86.2069 80.5168 88.6654 92.79 0 4 
36 0.108936 90.5172 84.9702 131.839 11.3491 62.98 63.75 50 9 5 1 1 1 0 86.2069 80.5168 88.6654 92.79 0 4 
37 0.123149 90.5172 84.9702 129.925 11.2714 63.04 63.75 50 9 4.25 1 1 1 0 86.2069 80.5168 88.6654 92.79 0 4 
38 0.108936 90.5172 84.9702 127.257 11.1654 63.13 63.875 50 9 5 1 1 1 0 86.2069 80.5168 88.6654 92.79 0 4 
39 0.118645 90.5172 84.9702 121.903 10.9403 63.37 63.75 50 9 5.75 1 1 1 0 86.2069 80.5168 88.6654 92.79 0 4 
40 0.108936 90.5172 84.9702 122.972 10.9934 63.655 64.375 50 9 5 1 1 1 0 86.2069 80.5168 88.6654 92.79 0 4 
41 0.118645 90.5172 84.9702 124.468 11.0832 64.065 64.875 50 9 5.75 1 1 1 0 87.069 81.4062 88.6654 92.79 0 4 
42 0.11115 90.5172 85.5258 121.315 10.947 64.275 64.875 50 9 5.25 1 1 1 0 87.069 81.4062 88.6654 92.79 0 4 
43 0.113192 90.5172 85.5258 114.615 10.6388 64.48 64.75 50 9 5.25 1 1 1 0 87.069 81.4062 88.6654 92.79 0 4 
44 0.113192 90.5172 85.5258 112.533 10.5403 64.74 64.75 50 9 5.25 1 1 1 0 87.069 81.4062 88.6654 92.79 0 4 
45 0.13278 90.5172 85.5258 110.034 10.4365 65.085 64.875 50 9 5.75 1 1 1 0 87.069 81.4062 88.6654 92.79 0 4 
46 0.113192 90.5172 85.5258 106.864 10.2851 65.255 64.875 50 9 5.25 1 1 1 0 87.069 81.4062 88.6654 92.79 0 4 
47 0.13278 90.5172 85.5258 106.882 10.2824 65.28 64.875 50 9 5.75 1 1 1 0 87.069 81.4062 88.6654 92.79 0 4 
48 0.113192 90.5172 85.5258 102.78 10.0792 65.68 65.75 50 9 5.25 1 1 1 0 87.069 81.4062 88.6654 92.79 0 4 
49 0.13278 90.5172 85.5258 103.261 10.0959 65.755 65.75 50 9 5.75 1 1 1 0 87.069 81.4062 88.6654 92.79 0 4 
50 0.113192 90.5172 85.5258 100.706 9.97554 66.09 65.75 50 9 5.25 1 1 1 0 87.069 81.4062 88.6654 92.79 0 4 
51 0.13278 90.5172 85.5258 98.3808 9.8812 66.15 65.75 50 9 5.75 1 1 1 0 87.069 81.4062 88.6654 92.79 0 4 
52 0.113192 90.5172 85.5258 96.2771 9.75685 66.47 66.5 50 9 5.25 1 1 1 0 87.069 81.4062 88.6654 92.79 0 4 
53 0.13278 90.5172 85.5258 96.8187 9.79363 66.635 66.875 50 9 5.75 1 1 1 0 87.069 81.4062 88.6654 92.79 0 4 
54 0.113192 90.5172 85.5258 97.3141 9.82484 66.7 66.375 50 9 5.25 1 1 1 0 87.069 81.4062 88.6654 92.79 0 4 
55 0.13278 90.5172 85.5258 97.165 9.82389 67.255 67.5 50 9 5.75 1 1 1 0 86.2069 81.5269 88.6654 92.79 0 4 
56 0.113192 90.5172 85.5258 93.8532 9.65743 67.505 68 50 9 5.25 1 1 1 0 86.2069 81.5269 88.6654 92.79 0 4 
57 0.13278 90.5172 85.5258 92.8161 9.60384 67.61 68 50 9 5.75 1 1 1 0 86.2069 81.5269 88.6654 92.79 0 4 
58 0.113192 90.5172 85.5258 90.8913 9.5014 67.705 68.375 50 9 5.25 1 1 1 0 86.2069 81.5269 88.6654 92.79 0 4 
59 0.13278 90.5172 85.5258 90.5358 9.48211 67.805 68.375 50 9 5.75 1 1 1 0 86.2069 81.5269 88.6654 92.79 0 4 
60 0.113192 90.5172 85.5258 89.2041 9.39128 68.03 68.375 50 9 5.25 1 1 1 0 86.2069 81.5269 88.6654 92.79 0 4 
61 0.13278 90.5172 85.5258 96.3635 9.78809 68.19 68.625 50 9 5.75 1 1 1 0 86.2069 81.5269 88.6654 92.79 0 4 
62 0.114862 90.5172 85.9803 96.636 9.80047 68.235 68.625 50 9 5.25 1 1 1 0 86.2069 81.5269 88.6654 92.79 0 4 
63 0.13445 90.5172 85.9803 93.8013 9.66635 68.645 69 50 9 5.75 1 1 1 0 86.2069 81.5269 88.6654 92.79 0 4 
64 0.114862 90.5172 85.9803 92.3604 9.59472 68.47 69.125 50 9 5.25 1 1 1 0 86.2069 81.5269 88.6654 92.79 0 4 
65 0.13445 90.5172 85.9803 88.4252 9.39559 68.675 69.125 50 9 5.75 1 1 1 0 86.2069 81.5269 88.6654 92.79 0 4 
66 0.114862 90.5172 85.9803 87.1195 9.32724 68.805 69.125 50 9 5.25 1 1 1 0 86.2069 81.5269 88.6654 92.79 0 4 
67 0.130808 90.5172 86.6053 92.1765 9.58926 68.97 69.75 50 9 5 1 1 1 0 86.2069 81.5269 88.6654 92.79 0 4 
68 0.11341 91.3793 87.7895 93.7905 9.67148 68.935 69.75 50 9 3.5 1 1 1 0 86.2069 81.5269 88.6654 92.79 0 4 
69 0.132998 91.3793 87.7895 92.6165 9.60934 68.99 69.875 50 9 4 1 1 1 0 86.2069 81.5269 88.6654 92.79 0 4 
70 0.117451 91.3793 87.7895 90.5802 9.49776 69.02 69.75 50 9 4.25 1 1 1 0 86.2069 81.5269 88.6654 92.79 0 4 
71 0.132998 91.3793 87.7895 87.7587 9.35739 69.225 70 50 9 4 1 1 1 0 86.2069 81.5269 88.6654 92.79 0 4 
72 0.117451 91.3793 87.7895 87.8916 9.35661 69.41 69.75 50 9 4.25 1 1 1 0 86.2069 81.5269 88.6654 92.79 0 4 
73 0.132998 91.3793 87.7895 88.7858 9.40218 69.585 70.25 50 9 4 1 1 1 0 86.2069 81.5269 88.6654 92.79 0 4 
