# Created by main.cpp, 2016-05-25.10:52:46
# name: results
# type: matrix
# rows: 150
# columns: 21
0 0.259301 93.9655 93.2979 25.9642 5.00803 83.705 83.625 50 9 5.5 2 1 1 1 54.3103 1.92308 83.0009 84.2476 1 4 
1 0.343725 93.9655 93.2979 27.1773 5.11503 83.79 83.625 50 9 5 2 1 1 1 54.3103 1.92308 83.0009 84.2476 1 4 
2 0.259301 93.9655 93.2979 27.2169 5.11647 83.8 83.75 50 9 5.5 2 1 1 1 55.1724 1.92308 83.0009 84.2476 1 4 
3 0.327588 93.9655 93.2979 26.7368 5.06759 83.865 83.75 50 9 4.75 2 1 1 1 55.1724 1.92308 83.0009 84.2476 1 4 
4 0.243164 93.9655 93.2979 26.9854 5.08948 83.915 83.625 50 9 5.25 2 1 1 1 55.1724 1.92308 83.0009 84.2476 1 4 
5 0.327588 93.9655 93.2979 27.3871 5.12188 84.01 83.625 50 9 4.75 2 1 1 1 55.1724 1.92308 83.0009 84.2476 1 4 
6 0.243164 93.9655 93.2979 27.2577 5.10953 84.025 83.625 50 9 5.25 2 1 1 1 55.1724 1.92308 83.0009 84.2476 1 4 
7 0.327588 93.9655 93.2979 26.1551 5.02762 84.04 83.625 50 9 4.75 2 1 1 1 55.1724 1.92308 83.0009 84.2476 1 4 
8 0.243164 93.9655 93.2979 26.8923 5.10129 84.125 83.75 50 9 5.25 2 1 1 1 55.1724 1.92308 83.0009 84.2476 1 4 
9 0.327588 93.9655 93.2979 25.6214 4.95778 84.16 84.375 50 9 4.75 2 1 1 1 56.0345 1.92308 83.0009 84.2476 1 4 
10 0.243164 93.9655 93.2979 24.1801 4.77535 84.285 84.5 50 9 5.25 2 1 1 1 56.0345 1.92308 83.0009 84.2476 1 4 
11 0.327588 93.9655 93.2979 24.3128 4.7837 84.405 84.75 50 9 4.75 2 1 1 1 49.1379 1.92308 83.0009 84.2476 1 4 
12 0.243164 93.9655 93.2979 24.3167 4.75746 84.56 84.625 50 9 5.25 2 1 1 1 48.2759 1.92308 83.0009 84.2476 1 4 
13 0.327588 93.9655 93.2979 23.7502 4.66281 84.71 85 50 9 4.75 2 1 1 1 46.5517 1.92308 83.0009 84.2476 1 4 
14 0.390188 93.9655 93.2979 22.8777 4.56838 84.775 85 50 9 5.5 2 1 1 1 45.6897 1.92308 83.0009 84.2476 1 4 
15 0.327588 93.9655 93.2979 22.3163 4.49678 84.83 85 50 9 4.75 2 1 1 1 39.6552 3.70879 83.0009 84.2476 1 4 
16 0.390188 93.9655 93.2979 22.1605 4.48245 84.845 85 50 9 5.5 2 1 1 1 39.6552 5.25641 83.0009 84.2476 1 4 
17 0.327588 93.9655 93.2979 21.3997 4.29918 84.995 85 50 9 4.75 2 1 1 1 39.6552 5.25641 83.0009 84.2476 1 4 
18 0.390188 93.9655 93.2979 21.7831 4.32564 85.01 85.125 50 9 5.5 2 1 1 1 42.2414 7.09549 83.0009 84.2476 1 4 
19 0.327588 93.9655 93.2979 21.5476 4.26281 85.09 85.125 50 9 4.75 2 1 1 1 42.2414 7.09549 83.0009 84.2476 1 4 
20 0.390188 93.9655 93.2979 21.6642 4.27326 85.025 85.125 50 9 5.5 2 1 1 1 42.2414 7.09549 83.0009 84.2476 1 4 
21 0.327588 93.9655 93.2979 21.7656 4.26008 85.065 85.125 50 9 4.75 2 1 1 1 42.2414 7.09549 83.0009 84.2476 1 4 
22 0.390188 93.9655 93.2979 22.1907 4.27796 85.035 85.125 50 9 5.5 2 1 1 1 43.1034 7.17241 83.0009 84.2476 1 4 
23 0.474612 93.9655 93.2979 23.11 4.37995 85.1 84.875 50 9 5 2 1 1 1 43.1034 7.17241 83.0009 84.2476 1 4 
24 0.341646 94.8276 94.1656 23.2422 4.39735 85.09 84.875 50 9 6.25 2 1 1 1 43.1034 7.17241 83.0009 84.2476 1 4 
25 0.42607 94.8276 94.1656 22.9574 4.45151 85.135 85.125 50 9 5.75 2 1 1 1 43.1034 7.17241 83.0009 84.2476 1 4 
26 0.341646 94.8276 94.1656 22.6823 4.34105 85.225 85.375 50 9 6.25 2 1 1 1 42.2414 7.17241 83.0009 84.2476 1 4 
27 0.42607 94.8276 94.1656 22.8516 4.36591 85.22 85.375 50 9 5.75 2 1 1 1 42.2414 7.17241 83.0009 84.2476 1 4 
28 0.341646 94.8276 94.1656 22.3765 4.32717 85.26 85.75 50 9 6.25 2 1 1 1 42.2414 7.17241 83.0009 84.2476 1 4 
29 0.42607 94.8276 94.1656 22.5759 4.34835 85.41 86.25 50 9 5.75 2 1 1 1 42.2414 7.17241 83.0009 84.2476 1 4 
30 0.341646 94.8276 94.1656 21.5108 4.2359 85.51 86.25 50 9 6.25 2 1 1 1 43.1034 7.17241 83.0009 84.2476 1 4 
31 0.352283 94.8276 94.1656 21.541 4.24043 85.52 86.25 50 9 5.75 2 1 1 1 42.2414 7.17241 83.0009 84.2476 1 4 
32 0.341646 94.8276 94.1656 21.3151 4.20039 85.51 86.125 50 9 6.25 2 1 1 1 43.1034 7.17241 83.0009 84.2476 1 4 
33 0.352283 94.8276 94.1656 21.1871 4.14446 85.49 86.125 50 9 5.75 2 1 1 1 43.9655 7.17241 83.0009 84.2476 1 4 
34 0.42607 94.8276 94.1656 20.8438 4.10418 85.535 86.25 50 9 5.75 2 1 1 1 43.9655 7.17241 83.0009 84.2476 1 4 
35 0.352283 94.8276 94.1656 20.7178 4.08336 85.57 86.25 50 9 5.75 2 1 1 1 50 12 83.0009 84.2476 1 4 
36 0.341646 94.8276 94.1656 21.164 4.1307 85.565 86.25 50 9 6.25 2 1 1 1 50 12 83.0009 84.2476 1 4 
37 0.352283 94.8276 94.1656 21.1459 4.14339 85.64 86.25 50 9 5.75 2 1 1 1 49.1379 12 83.0009 84.2476 1 4 
38 0.341646 94.8276 94.1656 20.9243 4.13773 85.67 86.25 50 9 6.25 2 1 1 1 49.1379 12 83.0009 84.2476 1 4 
39 0.352283 94.8276 94.1656 20.9908 4.14204 85.7 86.25 50 9 5.75 2 1 1 1 49.1379 12 83.0009 84.2476 1 4 
40 0.341646 94.8276 94.1656 20.8217 4.12783 85.705 86.25 50 9 6.25 2 1 1 1 50 12 83.0009 84.2476 1 4 
41 0.352283 94.8276 94.1656 21.0795 4.16258 85.715 86.25 50 9 5.75 2 1 1 1 50 12 83.0009 84.2476 1 4 
42 0.341646 94.8276 94.1656 21.001 4.12854 85.68 86.25 50 9 6.25 2 1 1 1 49.1379 12 83.0009 84.2476 1 4 
43 0.352283 94.8276 94.1656 20.3738 4.07871 85.685 86.125 50 9 5.75 2 1 1 1 49.1379 12 83.0009 84.2476 1 4 
44 0.42607 94.8276 94.1656 19.8769 4.02294 85.76 86.25 50 9 5.75 2 1 1 1 49.1379 12 83.0009 84.2476 1 4 
45 0.352283 94.8276 94.1656 19.5908 3.99616 85.83 86.25 50 9 5.75 2 1 1 1 49.1379 12 83.0009 84.2476 1 4 
46 0.42607 94.8276 94.1656 19.0116 3.94294 85.94 86.25 50 9 5.75 2 1 1 1 49.1379 12 83.0009 84.2476 1 4 
47 0.352283 94.8276 94.1656 18.8067 3.90964 85.9 86.25 50 9 5.75 2 1 1 1 45.6897 12 83.0009 84.2476 1 4 
48 0.365844 94.8276 94.1656 18.8067 3.90964 85.9 86.25 50 9 5.5 2 1 1 1 45.6897 12 83.0009 84.2476 1 4 
49 0.341646 94.8276 94.1656 19.4941 3.97963 85.92 86.25 50 9 6.25 2 1 1 1 45.6897 12 83.0009 84.2476 1 4 
50 0.42607 94.8276 94.1656 18.8431 3.92024 85.92 86.25 50 9 5.75 2 1 1 1 46.5517 12 83.0009 84.2476 1 4 
51 0.341646 94.8276 94.1656 19.0756 3.93717 85.975 86.25 50 9 6.25 2 1 1 1 43.1034 12 83.0009 84.2476 1 4 
52 0.333 94.8276 94.1656 19.6018 3.98639 85.94 86.25 50 9 6.25 2 1 1 1 43.1034 12 83.0009 84.2476 1 4 
53 0.463952 94.8276 94.1656 19.7049 4.01295 85.99 86.25 50 9 5.75 2 1 1 1 43.9655 12 83.0009 84.2476 1 4 
54 0.365841 94.8276 94.1656 19.5661 3.99408 86.03 86.25 50 9 5.5 2 1 1 1 43.9655 12 83.0009 84.2476 1 4 
55 0.352283 94.8276 94.1656 19.204 3.95577 86.035 86.25 50 9 5.75 2 1 1 1 43.9655 13.7037 83.0009 84.2476 1 4 
56 0.42607 94.8276 94.1656 19.7138 3.99343 86.045 86.25 50 9 5.75 2 1 1 1 38.7931 13.7037 83.0009 84.2476 1 4 
57 0.463952 94.8276 94.1656 19.8342 4.00644 86.055 86.25 50 9 5.75 2 1 1 1 40.5172 13.7037 83.0009 84.2476 1 4 
58 0.365841 94.8276 94.1656 19.7154 3.97725 86.025 86.25 50 9 5.5 2 1 1 1 41.3793 13.7037 83.0009 84.2476 1 4 
59 0.352283 94.8276 94.1656 20.0798 4.01954 85.97 86.25 50 9 5.75 2 1 1 1 41.3793 13.7037 83.0009 84.2476 1 4 
60 0.42607 94.8276 94.1656 20.3817 4.0479 86.025 86.25 50 9 5.75 2 1 1 1 41.3793 13.7037 83.0009 84.2476 1 4 
61 0.463952 94.8276 94.1656 18.8919 3.90144 86.275 86.25 50 9 5.75 2 1 1 1 41.3793 13.7037 83.0009 84.2476 1 4 
62 0.369997 94.8276 94.1656 18.8115 3.86904 86.285 86.25 50 9 5.5 2 1 1 1 39.6552 17.5499 83.0009 84.2476 1 4 
63 0.464111 94.8276 94.1656 18.8993 3.89596 86.335 86.25 50 9 5.75 2 1 1 1 41.3793 17.8704 83.0009 84.2476 1 4 
64 0.468509 94.8276 94.1656 18.3602 3.83802 86.4 86.25 50 9 5.75 2 1 1 1 41.3793 17.8704 83.0009 84.2476 1 4 
65 0.352283 94.8276 94.1656 17.7847 3.78781 86.48 86.75 50 9 5.75 2 1 1 1 41.3793 17.8704 83.0009 84.2476 1 4 
66 0.463952 94.8276 94.1656 17.454 3.7395 86.495 86.75 50 9 5.75 2 1 1 1 38.7931 20.1553 83.0009 84.2476 1 4 
67 0.42607 94.8276 94.1656 17.3055 3.71009 86.6 86.75 50 9 5.75 2 1 1 1 39.6552 20.3704 83.0009 84.2476 1 4 
68 0.369997 94.8276 94.1656 17.3524 3.71727 86.55 86.75 50 9 5.5 2 1 1 1 38.7931 21.2795 83.0009 84.2476 1 4 
69 0.464111 94.8276 94.1656 17.6721 3.76911 86.585 87.25 50 9 5.75 2 1 1 1 38.7931 21.2795 83.0009 84.2476 1 4 
70 0.42607 94.8276 94.1656 18.1765 3.85944 86.57 87.25 50 9 5.75 2 1 1 1 38.7931 21.2795 83.0009 84.2476 1 4 
71 0.352283 94.8276 94.1656 17.8034 3.81339 86.455 87.25 50 9 5.75 2 1 1 1 38.7931 21.2795 83.0009 84.2476 1 4 
