# Created by main.cpp, 2016-05-26.17:16:14
# name: results
# type: matrix
# rows: 400
# columns: 24
0 0.251659 80.6763 76.2636 182.376 13.4183 37.52 41 50 9 6.75 2 1 1 1 83.6957 52.6099 85.8696 72.7493 250 80.3457 85.7143 1 4 
1 0.26308 78.3816 75.2986 190.513 13.6977 41.075 42 50 9 9.25 2 1 1 1 70.6522 44.4205 88.0435 85.996 500 80.3457 85.7143 1 4 
2 0.266388 81.0386 77.4317 219.816 14.6808 43.47 41 50 9 7.75 2 1 1 1 78.2609 43.9024 72.8261 65.8348 750 80.3457 85.7143 1 4 
3 0.264714 79.9517 76.0018 198.61 13.9392 45.02 42 50 9 7.75 2 1 1 1 70.6522 44.4205 82.6087 79.4345 1000 80.3457 85.7143 1 4 
4 0.248243 79.8309 75.8516 188.677 13.5978 46.725 42 50 9 8.25 2 1 1 1 73.913 42.5 84.7826 79.3034 1250 80.3457 85.7143 1 4 
5 0.183886 82.0048 77.6082 193.324 13.766 48.515 42.875 50 9 7 2 1 1 1 56.5217 36.1111 70.6522 69.544 1500 80.3457 85.7143 1 4 
6 0.196284 82.2464 79.1648 199.447 13.9676 49.48 42.625 50 9 7.25 2 1 1 1 78.2609 43.9024 64.1304 58.4891 1750 80.3457 85.7143 1 4 
7 0.201422 80.9179 77.0929 185.069 13.4881 50.74 45.125 50 9 3.75 2 1 1 1 66.3043 42.5182 81.5217 79.1209 2000 80.3457 85.7143 1 4 
8 0.206098 79.9517 77.333 185.382 13.5487 51.645 46.625 50 9 5.25 2 1 1 1 77.1739 43.5518 81.5217 77.9121 2250 80.3457 85.7143 1 4 
9 0.198329 81.6425 78.1264 196.488 13.9695 53.905 50.25 50 9 3.75 2 1 1 1 65.2174 48.0098 75 71.0514 2500 80.3457 85.7143 1 4 
10 0.209544 80.314 77.2059 184.692 13.5614 54.175 51.75 50 9 3.75 2 1 1 1 85.8696 59.4127 86.9565 77.1909 2750 80.3457 85.7143 1 4 
11 0.215614 80.5556 76.8629 165.075 12.8112 55.08 54 50 9 4.75 2 1 1 1 80.4348 66.8602 88.0435 85.5939 3000 80.3457 85.7143 1 4 
12 0.220176 81.8841 78.5939 189.967 13.7292 57.345 59.5 50 9 4.75 2 1 1 1 81.5217 65.9309 76.087 69.0899 3250 80.3457 85.7143 1 4 
13 0.218496 81.8841 78.6064 170.484 13.0265 58.22 60.875 50 9 6.5 2 1 1 1 76.087 65.1101 85.8696 83.4257 3500 80.3457 85.7143 1 4 
14 0.216156 81.2802 78.6433 164.801 12.8151 59.235 62 50 9 6.5 2 1 1 1 80.4348 71.1211 89.1304 86.5725 3750 80.3457 85.7143 1 4 
15 0.197494 82.7295 78.8161 158.9 12.5964 60.4 63.5 50 9 8.5 2 1 1 1 69.5652 66.1411 79.3478 78.9592 4000 80.3457 85.7143 1 4 
16 0.216287 83.5749 81.1144 177.059 13.2904 61.34 64.875 50 9 6.5 2 1 1 1 76.087 60.0974 68.4783 63.9181 4250 80.3457 85.7143 1 4 
17 0.226596 82.3671 79.3707 149.185 12.1995 60.99 64.125 50 9 6.5 2 1 1 1 76.087 70.555 80.4348 77.8071 4500 80.3457 85.7143 1 4 
18 0.212642 82.7295 79.7445 155.248 12.447 61.76 65.125 50 9 8 2 1 1 1 81.5217 72.1889 85.8696 81.4245 4750 80.3457 85.7143 1 4 
19 0.205325 84.1787 81.1193 154.773 12.4259 62.995 66.25 50 9 8 2 1 1 1 71.7391 63.6891 72.8261 69.669 5000 80.3457 85.7143 1 4 
20 0.231918 82.7295 80.2798 136.242 11.6622 63.495 66.875 50 9 6 2 1 1 1 89.1304 77.7793 81.5217 70.3118 5250 80.3457 85.7143 1 4 
21 0.230922 82.1256 78.6142 119.627 10.93 63.435 66 50 9 8.5 2 1 1 1 92.3913 90.791 86.9565 83.4372 5500 80.3457 85.7143 1 4 
22 0.212103 83.3333 80.3792 125.837 11.2152 65.085 68.125 50 9 8 2 1 1 1 77.1739 65.8485 80.4348 75.3873 5750 80.3457 85.7143 1 4 
23 0.20853 82.971 79.8174 106.934 10.3386 64.94 67.375 50 9 8 2 1 1 1 84.7826 81.5467 83.6957 80.7275 6000 80.3457 85.7143 1 4 
24 0.215523 82.8502 79.5448 105.119 10.2473 65.47 68.125 50 9 8 2 1 1 1 80.4348 73.4289 88.0435 85.1184 6250 80.3457 85.7143 1 4 
25 0.210861 83.4541 79.3492 99.147 9.93335 66.015 68.75 50 9 6.5 2 1 1 1 70.6522 69.5868 81.5217 81.2514 6500 80.3457 85.7143 1 4 
26 0.213041 84.4203 81.8121 102.851 10.1294 67.375 69.75 50 9 6.75 2 1 1 1 75 62.7926 67.3913 62.3536 6750 80.3457 85.7143 1 4 
27 0.225446 83.6957 80.0627 84.7607 9.16026 66.745 69.125 50 9 8 2 1 1 1 82.6087 80.2747 81.5217 78.5812 7000 80.3457 85.7143 1 4 
28 0.217774 83.0918 79.9342 86.0995 9.23351 67.145 69.25 50 9 8 2 1 1 1 85.8696 81.3807 85.8696 81.4245 7250 80.3457 85.7143 1 4 
29 0.207166 84.5411 81.3556 85.121 9.15966 68.13 70.125 50 9 8 2 1 1 1 73.913 68.9548 72.8261 69.3179 7500 80.3457 85.7143 1 4 
30 0.231918 82.7295 80.2798 82.2455 9.00063 67.49 69.25 50 9 6 2 1 1 1 89.1304 78.7881 81.5217 70.3118 7750 80.3457 85.7143 1 4 
31 0.231022 82.7295 79.503 71.5345 8.43074 66.99 68.625 50 9 8.5 2 1 1 1 92.3913 91.0427 88.0435 85.2675 8000 80.3457 85.7143 1 4 
32 0.252553 83.9372 81.1023 78.6549 8.84224 68.69 70.25 50 9 7.75 2 1 1 1 78.2609 69.82 80.4348 74.5175 8250 80.3457 85.7143 1 4 
33 0.228217 82.8502 80.0181 71.565 8.4385 68.075 69.125 50 9 7.75 2 1 1 1 85.8696 82.9224 83.6957 81.8012 8500 80.3457 85.7143 1 4 
34 0.249895 83.2126 80.1209 69.674 8.30823 68.725 70.125 50 9 7.75 2 1 1 1 83.6957 78.3937 86.9565 84.159 8750 80.3457 85.7143 1 4 
35 0.356892 85.1449 81.4567 69.5185 8.29732 69.275 70.375 50 9 7 2 1 1 1 75 74.0352 80.4348 80.0648 9000 80.3457 85.7143 1 4 
36 0.38344 85.8696 83.7588 77.3181 8.7665 70.455 71.75 50 9 5.5 2 1 1 1 73.913 65.6505 67.3913 62.6384 9250 80.3457 85.7143 1 4 
37 0.270906 86.3527 83.3167 70.0431 8.34814 69.84 71.375 50 9 6.25 2 1 1 1 82.6087 80.4854 83.6957 80.8576 9500 80.3457 85.7143 1 4 
38 0.280276 86.1111 83.223 71.4087 8.43892 70.145 71.625 50 9 6.25 2 1 1 1 88.0435 84.2831 85.8696 81.8841 9750 80.3457 85.7143 1 4 
39 0.266622 87.4396 84.5777 64.2382 7.97658 71.34 72.5 50 9 6.25 2 1 1 1 71.7391 67.2864 73.913 70.4704 10000 80.3457 85.7143 1 4 
40 0.276817 85.7488 83.3271 62.4467 7.88633 70.94 72.375 50 9 6.25 2 1 1 1 89.1304 79.7968 85.8696 76.5322 10250 80.3457 85.7143 1 4 
41 0.274624 85.3865 82.3005 61.3661 7.79222 70.03 71.375 50 9 6.25 2 1 1 1 94.5652 93.6097 92.3913 90.3076 10500 80.3457 85.7143 1 4 
42 0.280165 86.3527 83.6076 60.8447 7.76343 71.88 73.75 50 9 6.25 2 1 1 1 77.1739 69.4963 83.6957 77.6941 10750 80.3457 85.7143 1 4 
43 0.246386 85.9903 83.057 55.2388 7.38266 71.07 72.75 50 9 6.5 2 1 1 1 85.8696 83.4257 86.9565 83.6855 11000 80.3457 85.7143 1 4 
44 0.277078 85.7488 82.8103 54.4615 7.33917 71.525 72.875 50 9 6.25 2 1 1 1 85.8696 81.6719 90.2174 87.7748 11250 80.3457 85.7143 1 4 
45 0.263427 87.3188 83.9472 55.8302 7.41164 72 73.5 50 9 5.25 2 1 1 1 82.6087 82.2961 86.9565 86.5406 11500 80.3457 85.7143 1 4 
46 0.290859 88.285 85.9886 61.877 7.81849 73.575 75.375 50 9 5 2 1 1 1 71.7391 64.0254 76.087 68.981 11750 80.3457 85.7143 1 4 
47 0.267994 87.9227 84.7798 52.2867 7.11534 72.46 74 50 9 6.5 2 1 1 1 84.7826 83.1563 83.6957 81.0858 12000 80.3457 85.7143 1 4 
48 0.275045 87.3188 84.3559 56.8417 7.41882 72.825 74.5 50 9 6.5 2 1 1 1 86.9565 83.1701 89.1304 85.4854 12250 80.3457 85.7143 1 4 
49 0.279905 88.7681 85.9167 51.7348 7.08389 73.875 75.625 50 9 6.5 2 1 1 1 75 71.5791 75 70.6649 12500 80.3457 85.7143 1 4 
50 0.29248 86.9565 84.7053 46.097 6.68159 73.475 74.625 50 9 5 2 1 1 1 89.1304 79.7968 88.0435 78.9793 12750 80.3457 85.7143 1 4 
51 0.269342 86.8357 83.7396 45.2452 6.62086 72.665 74 50 9 6.5 2 1 1 1 94.5652 93.6097 93.4783 90.7925 13000 80.3457 85.7143 1 4 
52 0.290967 87.3188 84.8379 42.4186 6.43122 74.62 76.375 50 9 5 2 1 1 1 79.3478 74.0747 84.7826 80.2696 13250 80.3457 85.7143 1 4 
53 0.253933 86.9565 84.0834 41.871 6.37962 73.69 74.75 50 9 6.5 2 1 1 1 86.9565 84.7396 89.1304 86.0813 13500 80.3457 85.7143 1 4 
54 0.279272 86.8357 84.1809 40.9193 6.31173 74.065 75.5 50 9 6.75 2 1 1 1 86.9565 83.1259 86.9565 83.1259 13750 80.3457 85.7143 1 4 
55 0.263427 87.3188 83.9472 39.3642 6.19796 74.465 75.25 50 9 5.25 2 1 1 1 82.6087 82.3821 86.9565 86.5406 14000 80.3457 85.7143 1 4 
56 0.41673 88.285 86.0167 43.3418 6.50385 76.1 77.25 50 9 5.75 2 1 1 1 71.7391 66.6032 72.8261 66.1807 14250 80.3457 85.7143 1 4 
57 0.266011 87.4396 84.8575 40.8447 6.30487 74.84 75.625 50 9 6 2 1 1 1 85.8696 84.5805 84.7826 83.71 14500 80.3457 85.7143 1 4 
58 0.289808 86.9565 85.0559 39.9888 6.24065 75.15 76.375 50 9 5.75 2 1 1 1 86.9565 83.1701 83.6957 80.3256 14750 80.3457 85.7143 1 4 
59 0.279905 88.7681 85.9167 41.8338 6.37239 75.865 76.75 50 9 6.5 2 1 1 1 73.913 70.4238 75 70.6649 15000 80.3457 85.7143 1 4 
