# Created by main.cpp, 2016-06-29.08:45:44
# name: results
# type: matrix
# rows: 275
# columns: 16
1 0 30.5361 15.33 1.38462 30.303 15.1493 1.42424 27.972 13.4174 1.72727 2.52818 0.153636 100 4.63636 1 
2 0 35.5089 19.9123 1.16239 34.8485 19.5202 1.19697 27.972 14.7292 1.47552 6.90813 0.342727 100 6.45455 1 
3 0 38.85 23.2221 0.951826 35.7576 22.1837 1.04242 24.4755 14.1316 1.25874 11.4567 0.535455 100 5 1 
4 0 39.627 23.9382 0.79021 37.8788 23.3683 0.812121 20.979 13.1609 1.08392 14.4134 0.711818 100 5.27273 1 
5 0 40.1709 24.5568 0.728827 38.4848 23.7759 0.733333 17.4825 11.7133 1.01399 17.2795 0.887273 100 5.72727 1 
6 0 41.6472 27.1081 0.742036 40.6061 26.5573 0.739394 24.4755 16.6326 0.965035 21.1949 1.06636 100 6.45455 1 
7 0 43.9005 29.1571 0.677545 42.4242 28.05 0.684848 22.3776 16.4319 0.923077 26.8348 1.28455 100 5.63636 1 
8 0 43.9782 29.3311 0.676768 42.4242 28.05 0.684848 23.7762 18.0192 0.909091 28.477 1.40364 100 6.63636 1 
9 0 46.3869 32.668 0.652681 45.1515 31.2291 0.666667 31.4685 23.4138 0.832168 33.1445 1.59909 100 5.45455 1 
10 0 51.049 38.7246 0.606061 49.3939 36.4631 0.624242 39.1608 30.8442 0.755245 42.8248 1.84455 100 7.36364 1 
11 0 51.049 38.7246 0.606061 49.3939 36.4631 0.624242 39.1608 30.8442 0.755245 45.3068 2.02091 100 6.63636 1 
12 0 51.049 38.7246 0.606061 49.3939 36.4631 0.624242 39.1608 30.8442 0.755245 47.2579 2.17364 100 7.36364 1 
13 0 51.2044 39.0313 0.63481 50.303 36.8722 0.642424 43.3566 33.9925 0.776224 51.9384 2.38545 100 5.81818 1 
14 0 51.2044 39.0313 0.63481 50.303 36.8722 0.642424 43.3566 33.9925 0.776224 53.8354 2.53818 100 6.36364 1 
15 0 53.5354 42.2368 0.6115 52.1212 39.9383 0.624242 46.8531 36.3568 0.741259 59.9462 2.77 100 6.81818 1 
16 0 55.0117 43.8136 0.508159 53.6364 41.3774 0.536364 49.6503 38.928 0.587413 62.8744 2.95818 100 6 1 
17 0 55.0117 43.8136 0.508159 53.6364 41.3774 0.536364 49.6503 38.928 0.587413 64.6733 3.11818 100 6.54545 1 
18 0 55.4002 44.3553 0.476301 53.9394 41.9213 0.49697 51.049 40.482 0.552448 66.7799 3.29273 100 6.72727 1 
19 0 55.4002 44.3553 0.476301 53.9394 41.9213 0.49697 51.049 40.482 0.552448 70.4628 3.47455 100 6.63636 1 
20 0 55.4002 44.3553 0.476301 53.9394 41.9213 0.49697 51.049 40.482 0.552448 72.157 3.63455 100 6.72727 1 
21 0 58.3528 47.8929 0.446775 56.3636 45.3304 0.472727 55.2448 43.837 0.51049 76.169 3.83727 100 6.45455 1 
22 0 58.3528 47.8929 0.446775 56.3636 45.3304 0.472727 55.2448 43.837 0.51049 77.5834 4.00091 100 6.45455 1 
23 0 58.3528 47.8929 0.446775 56.3636 45.3304 0.472727 55.2448 43.837 0.51049 79.1426 4.17091 100 6.45455 1 
24 0 58.3528 47.8929 0.446775 56.3636 45.3304 0.472727 55.2448 43.837 0.51049 82.8462 4.37909 100 6.45455 1 
25 0 60.373 49.8741 0.431235 56.9697 47.0818 0.475758 58.7413 45.8766 0.475524 88.3565 4.60727 100 6.18182 1 
26 0 60.373 49.8741 0.431235 56.9697 47.0818 0.475758 58.7413 45.8766 0.475524 89.6628 4.76455 100 6.18182 1 
27 0 60.373 49.8741 0.431235 56.9697 47.0818 0.475758 58.7413 45.8766 0.475524 90.9038 4.92727 100 6.18182 1 
28 0 65.1127 55.5285 0.355866 61.8182 52.8349 0.409091 69.2308 52.9208 0.307692 98.3835 5.18182 100 6.54545 1 
29 0 65.1127 55.5285 0.355866 61.8182 52.8349 0.409091 69.2308 52.9208 0.307692 100.01 5.36545 100 6.54545 1 
30 0 65.1127 55.5285 0.355866 61.8182 52.8349 0.409091 69.2308 52.9208 0.307692 104.008 5.55182 100 6.54545 1 
31 0 65.1127 55.5285 0.355866 61.8182 52.8349 0.409091 69.2308 52.9208 0.307692 105.906 5.73364 100 6.63636 1 
32 0 65.1127 55.5285 0.355866 61.8182 52.8349 0.409091 69.2308 52.9208 0.307692 106.628 5.88727 100 6.54545 1 
33 0 65.1127 55.5285 0.355866 61.8182 52.8349 0.409091 69.2308 52.9208 0.307692 108.478 6.06364 100 6.63636 1 
34 0 65.1127 55.5285 0.355866 61.8182 52.8349 0.409091 69.2308 52.9208 0.307692 109.246 6.21727 100 6.54545 1 
35 0 65.1127 55.5285 0.355866 61.8182 52.8349 0.409091 69.2308 52.9208 0.307692 109.975 6.38545 100 6.63636 1 
36 0 65.1127 55.5285 0.355866 61.8182 52.8349 0.409091 69.2308 52.9208 0.307692 110.314 6.49455 100 6.54545 1 
37 0 65.1127 55.5285 0.355866 61.8182 52.8349 0.409091 69.2308 52.9208 0.307692 110.918 6.65182 100 6.63636 1 
38 0 65.5789 56.058 0.351204 63.3333 53.5135 0.393939 69.9301 53.9115 0.300699 113.677 6.83091 100 6.45455 1 
39 0 65.5789 56.058 0.351204 63.3333 53.5135 0.393939 69.9301 53.9115 0.300699 114.037 6.98 100 6.54545 1 
40 0 65.5789 56.058 0.351204 63.3333 53.5135 0.393939 69.9301 53.9115 0.300699 116.085 7.14545 100 6.45455 1 
41 0 65.5789 56.058 0.351204 63.3333 53.5135 0.393939 69.9301 53.9115 0.300699 116.408 7.30909 100 6.54545 1 
42 0 65.5789 56.058 0.351204 63.3333 53.5135 0.393939 69.9301 53.9115 0.300699 116.925 7.47 100 6.45455 1 
43 0 65.5789 56.058 0.351204 63.3333 53.5135 0.393939 69.9301 53.9115 0.300699 117.298 7.64 100 6.54545 1 
44 0 66.8998 57.4608 0.337995 65.4545 55.9906 0.372727 75.5245 57.1678 0.244755 119.361 7.8 100 6.27273 1 
45 0 66.8998 57.4608 0.337995 65.4545 55.9906 0.372727 75.5245 57.1678 0.244755 124.355 8.05 100 6.36364 1 
46 0 66.8998 57.4608 0.337995 65.4545 55.9906 0.372727 75.5245 57.1678 0.244755 124.385 8.18909 100 6.27273 1 
47 0 66.8998 57.4608 0.337995 65.4545 55.9906 0.372727 75.5245 57.1678 0.244755 126.201 8.38727 100 6.36364 1 
48 0 66.8998 57.4608 0.337995 65.4545 55.9906 0.372727 75.5245 57.1678 0.244755 127.005 8.56091 100 6.27273 1 
49 0 66.8998 57.4608 0.337995 65.4545 55.9906 0.372727 75.5245 57.1678 0.244755 127.392 8.74727 100 6.36364 1 
50 0 66.8998 57.4608 0.337995 65.4545 55.9906 0.372727 75.5245 57.1678 0.244755 127.168 8.87909 100 6.27273 1 
51 0 66.8998 57.4608 0.337995 65.4545 55.9906 0.372727 75.5245 57.1678 0.244755 128.798 9.05 100 6.36364 1 
52 0 66.8998 57.4608 0.337995 65.4545 55.9906 0.372727 75.5245 57.1678 0.244755 128.733 9.18545 100 6.27273 1 
53 0 66.8998 57.4608 0.337995 65.4545 55.9906 0.372727 75.5245 57.1678 0.244755 128.519 9.35818 100 6.36364 1 
54 0 66.8998 57.4608 0.337995 65.4545 55.9906 0.372727 75.5245 57.1678 0.244755 128.19 9.49455 100 6.27273 1 
55 0 66.8998 57.4608 0.337995 65.4545 55.9906 0.372727 75.5245 57.1678 0.244755 127.706 9.65636 100 6.36364 1 
56 0 66.8998 57.4608 0.337995 65.4545 55.9906 0.372727 75.5245 57.1678 0.244755 129.173 9.85364 100 6.27273 1 
57 0 66.8998 57.4608 0.337995 65.4545 55.9906 0.372727 75.5245 57.1678 0.244755 128.932 10.0336 100 6.36364 1 
58 0 66.8998 57.4608 0.337995 65.4545 55.9906 0.372727 75.5245 57.1678 0.244755 128.52 10.2109 100 6.27273 1 
59 0 66.8998 57.4608 0.337995 65.4545 55.9906 0.372727 75.5245 57.1678 0.244755 128.929 10.4027 100 6.36364 1 
60 0 66.8998 57.4608 0.337995 65.4545 55.9906 0.372727 75.5245 57.1678 0.244755 130.228 10.5955 100 6.27273 1 
61 0 66.8998 57.4608 0.337995 65.4545 55.9906 0.372727 75.5245 57.1678 0.244755 129.576 10.7309 100 6.36364 1 
62 0 66.8998 57.4608 0.337995 65.4545 55.9906 0.372727 75.5245 57.1678 0.244755 131.97 10.9173 100 6.27273 1 
63 0 66.8998 57.4608 0.337995 65.4545 55.9906 0.372727 75.5245 57.1678 0.244755 131.094 11.0827 100 6.36364 1 
64 0 66.8998 57.4608 0.337995 65.4545 55.9906 0.372727 75.5245 57.1678 0.244755 130.443 11.23 100 6.27273 1 
65 0 66.8998 57.4608 0.337995 65.4545 55.9906 0.372727 75.5245 57.1678 0.244755 131.108 11.4218 100 6.36364 1 
66 0 66.8998 57.4608 0.337995 65.4545 55.9906 0.372727 75.5245 57.1678 0.244755 131.991 11.6145 100 6.27273 1 
67 0 66.8998 57.4608 0.337995 65.4545 55.9906 0.372727 75.5245 57.1678 0.244755 132.726 11.8018 100 6.36364 1 
68 0 66.8998 57.4608 0.337995 65.4545 55.9906 0.372727 75.5245 57.1678 0.244755 135.232 12.0191 100 6.27273 1 
69 0 66.8998 57.4608 0.337995 65.4545 55.9906 0.372727 75.5245 57.1678 0.244755 136.629 12.2182 100 6.36364 1 
70 0 66.8998 57.4608 0.337995 65.4545 55.9906 0.372727 75.5245 57.1678 0.244755 135.769 12.3455 100 6.27273 1 
71 0 66.8998 57.4608 0.337995 65.4545 55.9906 0.372727 75.5245 57.1678 0.244755 134.643 12.4845 100 6.36364 1 
72 0 66.8998 57.4608 0.337995 65.4545 55.9906 0.372727 75.5245 57.1678 0.244755 133.602 12.6045 100 6.27273 1 
