# Created by main.cpp, 2016-06-25.12:28:03
# name: results
# type: matrix
# rows: 101
# columns: 24
1 1.18974 38.7179 23.7174 10.077 2.37 0.237 0 100 4 6.2 3 1 1 -1 0 0 37.6923 21.7843 1 66.6667 57.5117 4.29497e+09 10 
2 1.18974 38.7179 23.7174 18.7093 3.21302 0.455 0 100 4 5.6 3 1 1 -1 0 0 37.6923 21.7843 2 66.6667 57.5117 4.29497e+09 10 
3 0.853846 40.7692 25.6937 21.693 3.72582 0.614 0 100 4 6.3 3 1 1 -1 0 0 38.4615 22.3791 3 66.6667 57.5117 4.29497e+09 10 
4 0.752137 41.1966 25.8529 24.0492 4.10179 0.767 0 100 4 6.5 3 1 1 -1 0 0 40 23.0588 4 66.6667 57.5117 4.29497e+09 10 
5 0.812821 41.7949 27.379 27.3983 4.53273 0.95 0 100 4 6.1 3 1 1 -1 0 0 43.0769 26.1686 5 66.6667 57.5117 4.29497e+09 10 
6 0.932479 41.6239 27.7465 29.7557 4.82377 1.104 0 100 4 6.3 3 1 1 -1 0 0 45.3846 27.0313 6 66.6667 57.5117 4.29497e+09 10 
7 0.840171 41.6239 28.2409 32.2157 5.11599 1.27 0 100 4 6.1 3 1 1 -1 0 0 45.3846 27.2906 7 66.6667 57.5117 4.29497e+09 10 
8 0.85641 41.2821 28.5396 34.2958 5.34451 1.409 0 100 4 6.1 3 1 1 -1 0 0 47.6923 28.3145 8 66.6667 57.5117 4.29497e+09 10 
9 1.01966 41.6239 29.4215 37.4513 5.65108 1.597 0 100 4 6.1 3 1 1 -1 0 0 45.3846 29.0553 9 66.6667 57.5117 4.29497e+09 10 
10 1.01966 41.6239 29.4215 39.6517 5.8593 1.762 0 100 4 6.4 3 1 1 -1 0 0 45.3846 29.0553 10 66.6667 57.5117 4.29497e+09 10 
11 0.894872 45.641 34.2301 45.9013 6.39161 1.984 0 100 4 5.8 3 1 1 -1 0 0 49.2308 34.0675 11 66.6667 57.5117 4.29497e+09 10 
12 0.871795 46.6667 35.4972 48.7178 6.63337 2.165 0 100 4 7 3 1 1 -1 0 0 46.9231 34.7228 12 66.6667 57.5117 4.29497e+09 10 
13 0.862393 47.6068 37.1247 52.0291 6.8895 2.362 0 100 4 6.9 3 1 1 -1 0 0 48.4615 36.4134 13 66.6667 57.5117 4.29497e+09 10 
14 0.862393 47.6068 37.1247 53.6891 7.01376 2.508 0 100 4 7.4 3 1 1 -1 0 0 48.4615 36.4134 14 66.6667 57.5117 4.29497e+09 10 
15 0.664957 50.4274 39.5737 58.237 7.33562 2.715 0 100 4 7.3 3 1 1 -1 0 0 52.3077 38.0801 15 66.6667 57.5117 4.29497e+09 10 
16 0.682906 50.4274 39.6548 59.8456 7.45029 2.866 0 100 4 7.4 3 1 1 -1 0 0 52.3077 38.5628 16 66.6667 57.5117 4.29497e+09 10 
17 0.597436 52.5641 41.8411 64.1725 7.75049 3.072 0 100 4 7.6 3 1 1 -1 0 0 53.8462 42.1554 17 66.6667 57.5117 4.29497e+09 10 
18 0.511111 55.812 45.4595 68.4341 8.04859 3.262 0 100 4 8 3 1 1 -1 0 0 59.2308 46.4887 18 66.6667 57.5117 4.29497e+09 10 
19 0.511111 55.812 45.4595 70.3196 8.16946 3.436 0 100 4 8 3 1 1 -1 0 0 59.2308 46.4887 19 66.6667 57.5117 4.29497e+09 10 
20 0.484615 56.6667 45.9365 74.3705 8.41111 3.63 0 100 4 7.9 3 1 1 -1 0 0 60.7692 46.5628 20 66.6667 57.5117 4.29497e+09 10 
21 0.484615 56.6667 45.9365 80.3053 8.7076 3.869 0 100 4 7.9 3 1 1 -1 0 0 60.7692 46.5628 21 66.6667 57.5117 4.29497e+09 10 
22 0.484615 56.6667 45.9365 81.852 8.80254 4.038 0 100 4 7.9 3 1 1 -1 0 0 60.7692 46.5628 22 66.6667 57.5117 4.29497e+09 10 
23 0.484615 56.6667 45.9365 83.4458 8.89683 4.21 0 100 4 7.9 3 1 1 -1 0 0 60.7692 46.5628 23 66.6667 57.5117 4.29497e+09 10 
24 0.484615 56.6667 45.9365 85.4888 9.01602 4.394 0 100 4 7.9 3 1 1 -1 0 0 60.7692 46.5628 24 66.6667 57.5117 4.29497e+09 10 
25 0.484615 56.6667 45.9365 86.9455 9.10429 4.564 0 100 4 7.9 3 1 1 -1 0 0 60.7692 46.5628 25 66.6667 57.5117 4.29497e+09 10 
26 0.538462 58.2051 47.9954 90.4155 9.31073 4.773 0 100 4 6.9 3 1 1 -1 0 0 60.7692 48.1411 26 66.6667 57.5117 4.29497e+09 10 
27 0.517094 60.3419 50.1284 95.9091 9.58065 4.995 0 100 4 7 3 1 1 -1 0 0 64.6154 49.8932 27 66.6667 57.5117 4.29497e+09 10 
28 0.517094 60.3419 50.1284 99.2096 9.7525 5.21 0 100 4 7 3 1 1 -1 0 0 64.6154 49.8932 28 66.6667 57.5117 4.29497e+09 10 
29 0.517094 60.3419 50.1284 99.9807 9.79605 5.344 0 100 4 7 3 1 1 -1 0 0 64.6154 49.8932 29 66.6667 57.5117 4.29497e+09 10 
30 0.511111 60.9402 50.6146 102.817 9.94776 5.508 0 100 4 6.8 3 1 1 -1 0 0 63.0769 49.0321 30 66.6667 57.5117 4.29497e+09 10 
31 0.511111 60.9402 50.6146 106.44 10.1291 5.713 0 100 4 6.8 3 1 1 -1 0 0 63.0769 49.0321 31 66.6667 57.5117 4.29497e+09 10 
32 0.511111 60.9402 50.6146 107.244 10.1713 5.877 0 100 4 6.8 3 1 1 -1 0 0 63.0769 49.0321 32 66.6667 57.5117 4.29497e+09 10 
33 0.511111 60.9402 50.6146 108.165 10.2191 6.048 0 100 4 6.8 3 1 1 -1 0 0 63.0769 49.0321 33 66.6667 57.5117 4.29497e+09 10 
34 0.511111 60.9402 50.6146 108.771 10.251 6.182 0 100 4 6.8 3 1 1 -1 0 0 63.0769 49.0321 34 66.6667 57.5117 4.29497e+09 10 
35 0.511111 60.9402 50.6146 109.463 10.2869 6.335 0 100 4 6.8 3 1 1 -1 0 0 63.0769 49.0321 35 66.6667 57.5117 4.29497e+09 10 
36 0.452137 64.0171 54.2868 114.595 10.5559 6.567 0 100 4 7.2 3 1 1 -1 0 0 64.6154 52.4766 36 66.6667 57.5117 4.29497e+09 10 
37 0.445299 64.188 54.37 117.238 10.6706 6.755 0 100 4 6.7 3 1 1 -1 0 0 64.6154 51.5507 37 66.6667 57.5117 4.29497e+09 10 
38 0.445299 64.188 54.37 118.646 10.7388 6.932 0 100 4 6.7 3 1 1 -1 0 0 64.6154 51.5507 38 66.6667 57.5117 4.29497e+09 10 
39 0.445299 64.188 54.37 119.016 10.7561 7.076 0 100 4 6.7 3 1 1 -1 0 0 64.6154 51.5507 39 66.6667 57.5117 4.29497e+09 10 
40 0.445299 64.188 54.37 122.738 10.9373 7.304 0 100 4 6.7 3 1 1 -1 0 0 64.6154 51.5507 40 66.6667 57.5117 4.29497e+09 10 
41 0.462393 64.0171 54.4027 124.906 11.0472 7.499 0 100 4 7.2 3 1 1 -1 0 0 66.9231 52.3655 41 66.6667 57.5117 4.29497e+09 10 
42 0.462393 64.0171 54.4027 127.101 11.1506 7.685 0 100 4 7.2 3 1 1 -1 0 0 66.9231 52.3655 42 66.6667 57.5117 4.29497e+09 10 
43 0.462393 64.0171 54.4027 127.732 11.1728 7.833 0 100 4 7.2 3 1 1 -1 0 0 66.9231 52.3655 43 66.6667 57.5117 4.29497e+09 10 
44 0.462393 64.0171 54.4027 127.959 11.1842 8.004 0 100 4 7.2 3 1 1 -1 0 0 66.9231 52.3655 44 66.6667 57.5117 4.29497e+09 10 
45 0.462393 64.0171 54.4027 128.072 11.1905 8.172 0 100 4 7.2 3 1 1 -1 0 0 66.9231 52.3655 45 66.6667 57.5117 4.29497e+09 10 
46 0.462393 64.0171 54.4027 128.024 11.1896 8.334 0 100 4 7.2 3 1 1 -1 0 0 66.9231 52.3655 46 66.6667 57.5117 4.29497e+09 10 
47 0.34359 67.1795 57.7305 131.715 11.3621 8.577 0 100 4 7.4 3 1 1 -1 0 0 72.3077 56.5877 47 66.6667 57.5117 4.29497e+09 10 
48 0.34359 67.1795 57.7305 132.924 11.4147 8.763 0 100 4 7.4 3 1 1 -1 0 0 72.3077 56.5877 48 66.6667 57.5117 4.29497e+09 10 
49 0.34359 67.1795 57.7305 132.738 11.4079 8.895 0 100 4 7.4 3 1 1 -1 0 0 72.3077 56.5877 49 66.6667 57.5117 4.29497e+09 10 
50 0.34359 67.1795 57.7305 133.786 11.4579 9.059 0.5 100 4 7.4 3 1 1 -1 0 0 72.3077 56.5877 50 66.6667 57.5117 4.29497e+09 10 
51 0.34359 67.1795 57.7305 133.478 11.4457 9.204 2.6 100 4 7.4 3 1 1 -1 0 0 72.3077 56.5877 51 66.6667 57.5117 4.29497e+09 10 
52 0.34359 67.1795 57.7305 133.529 11.4511 9.351 4.65 100 4 7.4 3 1 1 -1 0 0 72.3077 56.5877 52 66.6667 57.5117 4.29497e+09 10 
53 0.34359 67.1795 57.7305 134.331 11.4847 9.516 5.45 100 4 7.4 3 1 1 -1 0 0 72.3077 56.5877 53 66.6667 57.5117 4.29497e+09 10 
54 0.34359 67.1795 57.7305 134.335 11.4801 9.696 8.1 100 4 7.4 3 1 1 -1 0 0 72.3077 56.5877 54 66.6667 57.5117 4.29497e+09 10 
55 0.34359 67.1795 57.7305 135.532 11.5341 9.897 10.7 100 4 7.4 3 1 1 -1 0 0 72.3077 56.5877 55 66.6667 57.5117 4.29497e+09 10 
56 0.34359 67.1795 57.7305 134.967 11.5102 10.063 12.8 100 4 7.4 3 1 1 -1 0 0 72.3077 56.5877 56 66.6667 57.5117 4.29497e+09 10 
57 0.34359 67.1795 57.7305 134.622 11.4952 10.22 14.75 100 4 7.4 3 1 1 -1 0 0 72.3077 56.5877 57 66.6667 57.5117 4.29497e+09 10 
58 0.34359 67.1795 57.7305 134.157 11.4757 10.379 15.5 100 4 7.4 3 1 1 -1 0 0 72.3077 56.5877 58 66.6667 57.5117 4.29497e+09 10 
59 0.34359 67.1795 57.7305 135.406 11.5327 10.535 16 100 4 7.4 3 1 1 -1 0 0 72.3077 56.5877 59 66.6667 57.5117 4.29497e+09 10 
60 0.34359 67.1795 57.7305 137.968 11.6439 10.752 16 100 4 7.4 3 1 1 -1 0 0 72.3077 56.5877 60 66.6667 57.5117 4.29497e+09 10 
61 0.34359 67.1795 57.7305 137.617 11.6281 10.934 16 100 4 7.4 3 1 1 -1 0 0 72.3077 56.5877 61 66.6667 57.5117 4.29497e+09 10 
62 0.34359 67.1795 57.7305 140.414 11.7247 11.177 16 100 4 7.4 3 1 1 -1 0 0 72.3077 56.5877 62 66.6667 57.5117 4.29497e+09 10 
63 0.341026 67.4359 57.7595 143.263 11.8484 11.415 16 100 4 7.6 3 1 1 -1 0 0 73.8462 57.5877 63 66.6667 57.5117 4.29497e+09 10 
