# Created by main.cpp, 2016-06-25.12:27:44
# name: results
# type: matrix
# rows: 101
# columns: 24
1 1.12137 42.9915 29.1134 13.551 2.91 0.291 0 100 4 6.6 3 1 1 -1 0 0 35.3846 24.1349 1 74.6667 60.2202 1 10 
2 1.21966 43.4188 29.2747 22.0752 3.70756 0.515 0 100 4 6.7 3 1 1 -1 0 0 31.5385 22.8452 2 74.6667 60.2202 1 10 
3 1.16667 46.4103 32.4765 27.5771 4.37945 0.708 0 100 4 7.5 3 1 1 -1 0 0 33.0769 27.1786 3 74.6667 60.2202 1 10 
4 1.26496 46.8376 32.6378 30.639 4.77567 0.876 0 100 4 6.1 3 1 1 -1 0 0 29.2308 25.8889 4 74.6667 60.2202 1 10 
5 1.22393 47.8632 34.2366 34.0788 5.18989 1.064 0 100 4 7.6 3 1 1 -1 0 0 30.7692 28.5556 5 74.6667 60.2202 1 10 
6 1.22051 47.9487 34.2681 36.0261 5.40473 1.199 0 100 4 7.3 3 1 1 -1 0 0 31.5385 28.9167 6 74.6667 60.2202 1 10 
7 1.10085 50.9402 37.8715 40.4475 5.8579 1.377 0 100 4 7.3 3 1 1 -1 0 0 33.0769 32.4286 7 74.6667 60.2202 1 10 
8 0.94188 50.9402 38.7227 42.8537 6.09333 1.536 0 100 4 7.9 3 1 1 -1 0 0 33.0769 32.6905 8 74.6667 60.2202 1 10 
9 0.94188 50.9402 38.7227 46.2634 6.37219 1.727 0 100 4 7.2 3 1 1 -1 0 0 33.0769 32.6905 9 74.6667 60.2202 1 10 
10 0.91453 50.8547 38.8318 48.3581 6.55359 1.89 0 100 4 7.9 3 1 1 -1 0 0 32.3077 32.3294 10 74.6667 60.2202 1 10 
11 0.640171 58.547 47.4512 57.5824 7.30383 2.164 0 100 4 7.1 3 1 1 -1 0 0 37.6923 35.9894 11 74.6667 60.2202 1 10 
12 0.622222 59.3162 48.4928 60.1819 7.50715 2.33 0 100 4 7.4 3 1 1 -1 0 0 39.2308 37.4709 12 74.6667 60.2202 1 10 
13 0.622222 59.3162 48.4928 62.315 7.65774 2.501 0 100 4 7.4 3 1 1 -1 0 0 39.2308 37.4709 13 74.6667 60.2202 1 10 
14 0.622222 59.3162 48.4928 64.3419 7.79862 2.67 0 100 4 7.4 3 1 1 -1 0 0 39.2308 37.4709 14 74.6667 60.2202 1 10 
15 0.622222 59.3162 48.4928 66.1314 7.91786 2.833 0 100 4 7.4 3 1 1 -1 0 0 39.2308 37.4709 15 74.6667 60.2202 1 10 
16 0.642735 59.5726 48.7233 67.9327 8.03966 2.988 0 100 4 7.8 3 1 1 -1 0 0 40.7692 40.1376 16 74.6667 60.2202 1 10 
17 0.642735 59.5726 48.7233 71.3365 8.2131 3.178 0 100 4 7.8 3 1 1 -1 0 0 40.7692 40.1376 17 74.6667 60.2202 1 10 
18 0.642735 59.5726 48.7233 72.7843 8.30418 3.325 0 100 4 7.8 3 1 1 -1 0 0 40.7692 40.1376 18 74.6667 60.2202 1 10 
19 0.642735 59.5726 48.7233 74.6298 8.42045 3.497 0 100 4 7.8 3 1 1 -1 0 0 40.7692 40.1376 19 74.6667 60.2202 1 10 
20 0.616239 60.6838 49.4088 81.3751 8.80897 3.751 0 100 4 7.5 3 1 1 -1 0 0 43.8462 44.0423 20 74.6667 60.2202 1 10 
21 0.616239 60.6838 49.4088 83.1918 8.91412 3.913 0 100 4 7.5 3 1 1 -1 0 0 43.8462 44.0423 21 74.6667 60.2202 1 10 
22 0.616239 60.6838 49.4088 84.6864 9.00203 4.081 0 100 4 7.5 3 1 1 -1 0 0 43.8462 44.0423 22 74.6667 60.2202 1 10 
23 0.616239 60.6838 49.4088 86.6081 9.11244 4.261 0 100 4 7.5 3 1 1 -1 0 0 43.8462 44.0423 23 74.6667 60.2202 1 10 
24 0.616239 60.6838 49.4088 87.8077 9.18092 4.421 0 100 4 7.5 3 1 1 -1 0 0 43.8462 44.0423 24 74.6667 60.2202 1 10 
25 0.51453 62.6496 51.6073 93.509 9.46554 4.653 0 100 4 6.9 3 1 1 -1 0 0 46.9231 45.0619 25 74.6667 60.2202 1 10 
26 0.51453 62.6496 51.6073 94.7211 9.5337 4.807 0 100 4 6.9 3 1 1 -1 0 0 46.9231 45.0619 26 74.6667 60.2202 1 10 
27 0.51453 62.6496 51.6073 97.9187 9.65716 4.982 0 100 4 6.9 3 1 1 -1 0 0 46.9231 45.0619 27 74.6667 60.2202 1 10 
28 0.51453 62.6496 51.6073 99.0273 9.71856 5.149 0 100 4 6.9 3 1 1 -1 0 0 46.9231 45.0619 28 74.6667 60.2202 1 10 
29 0.51453 62.6496 51.6073 100.107 9.77842 5.317 0 100 4 6.9 3 1 1 -1 0 0 46.9231 45.0619 29 74.6667 60.2202 1 10 
30 0.51453 62.6496 51.6073 100.978 9.82676 5.466 0 100 4 6.9 3 1 1 -1 0 0 46.9231 45.0619 30 74.6667 60.2202 1 10 
31 0.483761 65.9829 54.4137 106.868 10.1471 5.712 0 100 4 7.8 3 1 1 -1 0 0 44.6154 46.7831 31 74.6667 60.2202 1 10 
32 0.483761 65.9829 54.4137 109.113 10.2573 5.906 0 100 4 7.8 3 1 1 -1 0 0 44.6154 46.7831 32 74.6667 60.2202 1 10 
33 0.353846 69.2308 57.848 114.829 10.5229 6.164 0 100 4 7.9 3 1 1 -1 0 0 45.3846 47.1164 33 74.6667 60.2202 1 10 
34 0.353846 69.2308 57.848 115.407 10.5521 6.315 0 100 4 7.9 3 1 1 -1 0 0 45.3846 47.1164 34 74.6667 60.2202 1 10 
35 0.353846 69.2308 57.848 116.63 10.6126 6.5 0 100 4 7.9 3 1 1 -1 0 0 45.3846 47.1164 35 74.6667 60.2202 1 10 
36 0.353846 69.2308 57.848 119.224 10.7365 6.707 0 100 4 7.9 3 1 1 -1 0 0 45.3846 47.1164 36 74.6667 60.2202 1 10 
37 0.353846 69.2308 57.848 120.823 10.8168 6.88 0 100 4 7.9 3 1 1 -1 0 0 45.3846 47.1164 37 74.6667 60.2202 1 10 
38 0.353846 69.2308 57.848 121.815 10.8622 7.06 0 100 4 7.9 3 1 1 -1 0 0 45.3846 47.1164 38 74.6667 60.2202 1 10 
39 0.353846 69.2308 57.848 122.067 10.8747 7.2 0 100 4 7.9 3 1 1 -1 0 0 45.3846 47.1164 39 74.6667 60.2202 1 10 
40 0.312821 70.2564 58.6501 124.684 11.0004 7.405 0 100 4 7.8 3 1 1 -1 0 0 46.1538 48.3228 40 74.6667 60.2202 1 10 
41 0.312821 70.2564 58.6501 125.111 11.0224 7.578 0 100 4 7.8 3 1 1 -1 0 0 46.1538 48.3228 41 74.6667 60.2202 1 10 
42 0.312821 70.2564 58.6501 127.203 11.1197 7.766 0 100 4 7.8 3 1 1 -1 0 0 46.1538 48.3228 42 74.6667 60.2202 1 10 
43 0.312821 70.2564 58.6501 128.16 11.1505 7.906 0 100 4 7.8 3 1 1 -1 0 0 46.1538 48.3228 43 74.6667 60.2202 1 10 
44 0.312821 70.2564 58.6501 128.524 11.1696 8.066 0 100 4 7.8 3 1 1 -1 0 0 46.1538 48.3228 44 74.6667 60.2202 1 10 
45 0.312821 70.2564 58.6501 128.655 11.177 8.237 0 100 4 7.8 3 1 1 -1 0 0 46.1538 48.3228 45 74.6667 60.2202 1 10 
46 0.312821 70.2564 58.6501 128.909 11.1904 8.397 0 100 4 7.8 3 1 1 -1 0 0 46.1538 48.3228 46 74.6667 60.2202 1 10 
47 0.312821 70.2564 58.6501 128.99 11.1953 8.551 0 100 4 7.8 3 1 1 -1 0 0 46.1538 48.3228 47 74.6667 60.2202 1 10 
48 0.312821 70.2564 58.6501 128.836 11.19 8.67 0 100 4 7.8 3 1 1 -1 0 0 46.1538 48.3228 48 74.6667 60.2202 1 10 
49 0.312821 70.2564 58.6501 129.161 11.2094 8.851 0 100 4 7.8 3 1 1 -1 0 0 46.1538 48.3228 49 74.6667 60.2202 1 10 
50 0.312821 70.2564 58.6501 130.12 11.259 9.008 1.1 100 4 7.8 3 1 1 -1 0 0 46.1538 48.3228 50 74.6667 60.2202 1 10 
51 0.312821 70.2564 58.6501 131.937 11.3371 9.186 3.1 100 4 7.8 3 1 1 -1 0 0 46.1538 48.3228 51 74.6667 60.2202 1 10 
52 0.307692 70.7692 58.9111 134.335 11.4362 9.378 4.4 100 4 7.2 3 1 1 -1 0 0 41.5385 46.4709 52 74.6667 60.2202 1 10 
53 0.304274 70.8547 58.935 136.096 11.5097 9.585 5 100 4 6.7 3 1 1 -1 0 0 41.5385 46.1534 53 74.6667 60.2202 1 10 
54 0.304274 70.8547 58.935 135.972 11.5013 9.765 6.85 100 4 6.7 3 1 1 -1 0 0 41.5385 46.1534 54 74.6667 60.2202 1 10 
55 0.304274 70.8547 58.935 135.879 11.4973 9.929 9.75 100 4 6.7 3 1 1 -1 0 0 41.5385 46.1534 55 74.6667 60.2202 1 10 
56 0.304274 70.8547 58.935 135.574 11.4845 10.069 12.85 100 4 6.7 3 1 1 -1 0 0 41.5385 46.1534 56 74.6667 60.2202 1 10 
57 0.304274 70.8547 58.9552 137.598 11.5552 10.269 14.1 100 4 7.2 3 1 1 -1 0 0 41.5385 46.1534 57 74.6667 60.2202 1 10 
58 0.304274 70.8547 58.9552 138.696 11.581 10.42 15.05 100 4 7.2 3 1 1 -1 0 0 41.5385 46.1534 58 74.6667 60.2202 1 10 
59 0.304274 70.8547 58.9552 139.231 11.6005 10.613 15.45 100 4 7.2 3 1 1 -1 0 0 41.5385 46.1534 59 74.6667 60.2202 1 10 
60 0.304274 70.8547 58.9552 139.787 11.6305 10.774 15.8 100 4 7.2 3 1 1 -1 0 0 41.5385 46.1534 60 74.6667 60.2202 1 10 
61 0.304274 70.8547 58.9552 139.068 11.6013 10.93 15.8 100 4 7.2 3 1 1 -1 0 0 41.5385 46.1534 61 74.6667 60.2202 1 10 
62 0.304274 70.8547 58.9552 138.235 11.5671 11.081 16 100 4 7.2 3 1 1 -1 0 0 41.5385 46.1534 62 74.6667 60.2202 1 10 
63 0.303419 70.9402 59.0823 140.479 11.6739 11.244 16 100 4 6.6 3 1 1 -1 0 0 42.3077 46.3228 63 74.6667 60.2202 1 10 
64 0.303419 70.9402 59.0823 139.669 11.6405 11.356 16 100 4 6.6 3 1 1 -1 0 0 42.3077 46.3228 64 74.6667 60.2202 1 10 
65 0.303419 70.9402 59.0823 138.737 11.6023 11.509 16 100 4 6.6 3 1 1 -1 0 0 42.3077 46.3228 65 74.6667 60.2202 1 10 
66 0.303419 70.9402 59.0823 138.066 11.5717 11.627 16 100 4 6.6 3 1 1 -1 0 0 42.3077 46.3228 66 74.6667 60.2202 1 10 
67 0.303419 70.9402 59.0823 137.221 11.5367 11.767 16.05 100 4 6.6 3 1 1 -1 0 0 42.3077 46.3228 67 74.6667 60.2202 1 10 
68 0.291453 70.8547 59.1454 138.292 11.5909 11.924 16.1 100 4 6.7 3 1 1 -1 0 0 46.1538 47.7012 68 74.6667 60.2202 1 10 
