# Created by main.cpp, 2016-06-29.08:44:36
# name: results
# type: matrix
# rows: 275
# columns: 16
1 0 33.5664 17.0087 1.36364 33.3333 16.7723 1.36667 31.4685 15.5303 1.16783 2.90273 0.17 100 5.18182 1 
2 0 36.0528 19.4047 1.52758 34.8485 19.0776 1.53333 26.5734 15.7323 1.34266 6.58815 0.348182 100 5.45455 1 
3 0 42.2688 27.1157 1.16472 40 26.1763 1.23636 37.0629 26.4034 1.04895 14.1738 0.590909 100 6.36364 1 
4 0 42.2688 27.5389 1.0878 40 26.5958 1.15455 37.0629 26.5657 1.00699 17.7575 0.778182 100 5.81818 1 
5 0 42.2688 27.5389 1.0878 40 26.5958 1.15455 37.0629 26.5657 1.00699 20.0651 0.93 100 6.81818 1 
6 0 44.5221 30.3154 0.997669 41.8182 29.2812 1.08182 39.1608 29.8583 0.923077 24.2284 1.12364 100 6.81818 1 
7 0 46.0761 31.9248 0.93784 43.9394 31.674 1.01515 42.6573 31.7226 0.867133 29.3447 1.31455 100 6.72727 1 
8 0 46.0761 31.9248 0.93784 43.9394 31.674 1.01515 42.6573 31.7226 0.867133 31.4523 1.46545 100 6.36364 1 
9 0 48.951 35.3287 0.822844 47.2727 35.389 0.881818 44.7552 35.0152 0.783217 36.1658 1.66727 100 6.54545 1 
10 0 48.5625 35.4715 0.780109 47.8788 35.8423 0.812121 44.0559 34.7627 0.79021 38.2077 1.81909 100 6.27273 1 
11 0 51.3598 37.7683 0.752137 50 37.8018 0.790909 42.6573 34.4224 0.783217 42.9297 2.02455 100 5.45455 1 
12 0 51.3598 37.7683 0.752137 50 37.8018 0.790909 41.958 34.0941 0.811189 44.7033 2.16455 100 6.18182 1 
13 0 52.3699 38.2636 0.742036 50.9091 38.6435 0.781818 40.5594 33.3906 0.804196 48.9455 2.35636 100 5.09091 1 
14 0 52.3699 38.2636 0.742036 50.9091 38.6435 0.781818 40.5594 33.3906 0.804196 51.442 2.51 100 5.36364 1 
15 0 54.7009 40.9172 0.674437 52.4242 41.1197 0.712121 44.7552 37.6391 0.72028 57.2701 2.73455 100 5.72727 1 
16 0 55.3225 41.62 0.700855 53.0303 41.6049 0.733333 42.6573 37.4468 0.762238 60.8749 2.93364 100 5.63636 1 
17 0 54.934 41.8557 0.648796 53.6364 42.1045 0.663636 43.3566 38.0374 0.671329 62.6485 3.09 100 5.45455 1 
18 0 55.7887 42.8124 0.607615 54.8485 42.9133 0.624242 46.1538 39.1343 0.643357 68.5144 3.32455 100 5.45455 1 
19 0 60.373 47.3187 0.554779 58.1818 47.2008 0.590909 46.1538 41.3303 0.643357 76.1495 3.55091 100 6 1 
20 0 60.373 47.3187 0.554779 58.1818 47.2008 0.590909 46.1538 41.3303 0.643357 78.0073 3.72636 100 6 1 
21 0 60.373 47.3187 0.554779 58.1818 47.2008 0.590909 46.1538 41.3303 0.643357 81.6033 3.93545 100 6 1 
22 0 60.373 47.3187 0.554779 58.1818 47.2008 0.590909 45.4545 41.002 0.671329 83.9168 4.12091 100 6.45455 1 
23 0 60.373 47.3187 0.554779 58.1818 47.2008 0.590909 46.1538 41.3303 0.643357 87.2131 4.32455 100 6.09091 1 
24 0 60.373 47.3187 0.554779 58.1818 47.2008 0.590909 46.1538 41.3303 0.643357 88.7506 4.49909 100 6 1 
25 0 60.6838 48.461 0.463092 59.0909 48.4991 0.481818 49.6503 43.9419 0.545455 90.3349 4.66091 100 6.54545 1 
26 0 60.6838 48.461 0.463092 59.0909 48.4991 0.481818 49.6503 43.9419 0.545455 91.6145 4.83 100 6.54545 1 
27 0 63.8695 51.806 0.368298 61.8182 51.946 0.381818 51.7483 47.1587 0.482517 94.867 5.01545 100 6.81818 1 
28 0 63.8695 51.806 0.368298 61.8182 51.946 0.381818 51.7483 47.1587 0.482517 95.8305 5.15273 100 6.81818 1 
29 0 63.8695 51.806 0.368298 61.8182 51.946 0.381818 51.7483 47.1587 0.482517 97.5501 5.33636 100 6.81818 1 
30 0 63.8695 51.806 0.368298 61.8182 51.946 0.381818 51.7483 47.1587 0.482517 102.529 5.56727 100 6.81818 1 
31 0 63.8695 51.806 0.368298 61.8182 51.946 0.381818 51.7483 47.1587 0.482517 103.571 5.72818 100 6.81818 1 
32 0 65.035 53.0366 0.356643 63.0303 53.456 0.369697 52.4476 48.1918 0.475524 106.706 5.92909 100 7.09091 1 
33 0 65.5012 53.5116 0.351981 63.3333 53.2679 0.366667 52.4476 48.2808 0.475524 112.036 6.16818 100 6.90909 1 
34 0 66.2782 54.1633 0.34188 64.2424 54.0923 0.357576 50.3497 47.8396 0.496503 116.901 6.39182 100 6.36364 1 
35 0 66.2782 54.1633 0.34188 64.2424 54.0923 0.357576 50.3497 47.8396 0.496503 117.591 6.54909 100 6.36364 1 
36 0 66.2782 54.1633 0.34188 64.2424 54.0923 0.357576 50.3497 47.8396 0.496503 123.872 6.81545 100 6.36364 1 
37 0 66.2782 54.1633 0.34188 64.2424 54.0923 0.357576 50.3497 47.8396 0.496503 125.773 7.00727 100 6.45455 1 
38 0 66.589 54.5268 0.350427 65.4545 54.8298 0.345455 48.2517 47.3984 0.517483 132.105 7.27182 100 6.36364 1 
39 0 66.589 54.5268 0.350427 65.4545 54.8298 0.345455 48.2517 47.3984 0.517483 133.154 7.42818 100 6.45455 1 
40 0 66.589 54.5268 0.350427 65.4545 54.8298 0.345455 48.2517 47.3984 0.517483 135.082 7.62818 100 6.36364 1 
41 0 68.6869 56.6134 0.33411 67.2727 56.2711 0.327273 49.6503 49.7612 0.503497 137.297 7.8 100 6.36364 1 
42 0 68.6869 56.6134 0.33411 67.2727 56.2711 0.327273 49.6503 49.7612 0.503497 137.66 7.96091 100 6.27273 1 
43 0 68.5315 56.6777 0.321678 67.5758 56.413 0.324242 52.4476 50.8581 0.475524 141.618 8.19818 100 6 1 
44 0 68.5315 56.6777 0.321678 67.5758 56.413 0.324242 52.4476 50.8581 0.475524 141.657 8.36545 100 5.90909 1 
45 0 68.5315 56.6777 0.321678 67.5758 56.413 0.324242 52.4476 50.8581 0.475524 141.597 8.53 100 6 1 
46 0 68.5315 56.6777 0.321678 67.5758 56.413 0.324242 52.4476 50.8581 0.475524 141.525 8.67909 100 5.90909 1 
47 0 68.5315 56.6777 0.321678 67.5758 56.413 0.324242 52.4476 50.8581 0.475524 143.093 8.85091 100 6 1 
48 0 68.5315 56.6777 0.321678 67.5758 56.413 0.324242 52.4476 50.8581 0.475524 142.977 8.98182 100 5.90909 1 
49 0 68.5315 56.6777 0.321678 67.5758 56.413 0.324242 52.4476 50.8581 0.475524 142.765 9.13727 100 6 1 
50 0 68.5315 56.6777 0.321678 67.5758 56.413 0.324242 52.4476 50.8581 0.475524 143.72 9.32182 100 5.90909 1 
51 0 68.5315 56.6777 0.321678 67.5758 56.413 0.324242 52.4476 50.8581 0.475524 143.661 9.48909 100 6 1 
52 0 68.5315 56.6777 0.321678 67.5758 56.413 0.324242 52.4476 50.8581 0.475524 143.289 9.64 100 5.90909 1 
53 0 68.5315 56.6777 0.321678 67.5758 56.413 0.324242 52.4476 50.8581 0.475524 142.851 9.80818 100 6 1 
54 0 68.5315 56.6777 0.321678 67.5758 56.413 0.324242 52.4476 50.8581 0.475524 142.51 9.98455 100 5.90909 1 
55 0 68.5315 56.6777 0.321678 67.5758 56.413 0.324242 52.4476 50.8581 0.475524 142.128 10.1491 100 6 1 
56 0 68.5315 56.6777 0.321678 67.5758 56.413 0.324242 52.4476 50.8581 0.475524 141.527 10.3182 100 5.90909 1 
57 0 68.5315 56.6777 0.321678 67.5758 56.413 0.324242 52.4476 50.8581 0.475524 140.893 10.4691 100 6 1 
58 0 68.5315 56.6777 0.321678 67.5758 56.413 0.324242 52.4476 50.8581 0.475524 140.246 10.6418 100 5.90909 1 
59 0 68.5315 56.6777 0.321678 67.5758 56.413 0.324242 52.4476 50.8581 0.475524 139.518 10.7936 100 6 1 
60 0 68.5315 56.6777 0.321678 67.5758 56.413 0.324242 52.4476 50.8581 0.475524 139.111 10.9218 100 5.90909 1 
61 0 68.5315 56.6777 0.321678 67.5758 56.413 0.324242 52.4476 50.8581 0.475524 138.384 11.0518 100 6 1 
62 0 68.7646 56.7123 0.321678 67.5758 56.5482 0.324242 52.4476 50.8581 0.475524 142.08 11.3018 100 6.63636 1 
63 0 68.7646 56.7123 0.321678 67.5758 56.5482 0.324242 52.4476 50.8581 0.475524 141.244 11.4382 100 6.72727 1 
64 0 68.7646 56.7123 0.321678 67.5758 56.5482 0.324242 52.4476 50.8581 0.475524 140.329 11.5945 100 6.63636 1 
65 0 68.7646 56.7123 0.321678 67.5758 56.5482 0.324242 52.4476 50.8581 0.475524 139.406 11.7536 100 6.72727 1 
66 0 68.7646 56.7123 0.321678 67.5758 56.5482 0.324242 52.4476 50.8581 0.475524 138.337 11.9036 100 6.63636 1 
67 0 68.7646 56.7123 0.321678 67.5758 56.5482 0.324242 52.4476 50.8581 0.475524 137.538 12.0591 100 6.72727 1 
68 0 68.7646 56.7123 0.321678 67.5758 56.5482 0.324242 52.4476 50.8581 0.475524 137.512 12.2445 100 6.63636 1 
69 0 68.7646 56.7123 0.321678 67.5758 56.5482 0.324242 52.4476 50.8581 0.475524 138.093 12.3991 100 6.72727 1 
70 0 68.7646 56.7123 0.321678 67.5758 56.5482 0.324242 52.4476 50.8581 0.475524 137.208 12.5655 100 6.63636 1 
71 0 68.7646 56.7123 0.321678 67.5758 56.5482 0.324242 52.4476 50.8581 0.475524 135.86 12.7164 100 6.72727 1 
72 0 68.7646 56.7123 0.321678 67.5758 56.5482 0.324242 52.4476 50.8581 0.475524 135.445 12.8791 100 6.63636 1 
73 0 68.7646 56.7123 0.321678 67.5758 56.5482 0.324242 52.4476 50.8581 0.475524 135.695 13.05 100 6.72727 1 
