# Created by main.cpp, 2016-06-29.08:45:11
# name: results
# type: matrix
# rows: 275
# columns: 16
1 0 30.1476 15.989 1.29293 29.697 15.6458 1.51212 32.8671 17.2874 1.36364 2.80545 0.16 100 4.72727 1 
2 0 33.1779 17.9327 1.17405 27.8788 15.4871 1.47576 34.2657 18.314 1.26573 5.48057 0.323636 100 6.45455 1 
3 0 38.6946 23.3245 0.93007 26.0606 17.069 1.27576 35.6643 20.959 1.04196 11.0632 0.533636 100 5.36364 1 
4 0 40.9479 25.9923 0.783994 29.0909 19.8088 0.936364 32.8671 21.1632 0.902098 15.4764 0.731818 100 6.18182 1 
5 0 40.4817 26.7402 0.823621 31.2121 20.9273 0.933333 31.4685 21.3272 0.979021 18.0236 0.888182 100 6.54545 1 
6 0 42.8127 29.224 0.807304 33.0303 23.6617 0.924242 33.5664 22.8752 1.02098 21.9587 1.06909 100 6.72727 1 
7 0 43.9005 31.3478 0.768454 36.3636 25.1728 0.881818 34.965 25.5628 0.944056 27.3118 1.27 100 6.45455 1 
8 0 43.9005 31.3478 0.768454 36.3636 25.1728 0.881818 34.965 25.5628 0.944056 29.5732 1.42364 100 7.36364 1 
9 0 43.9005 31.3478 0.768454 36.3636 25.1728 0.881818 34.965 25.5628 0.944056 31.5511 1.56636 100 6.09091 1 
10 0 44.289 31.5971 0.762238 37.8788 25.9458 0.857576 32.8671 24.4264 0.944056 33.8819 1.72455 100 6.81818 1 
11 0 45.4545 33.0012 0.750583 43.3333 30.2158 0.80303 37.7622 28.7446 0.895105 37.9991 1.90727 100 6.54545 1 
12 0 45.4545 33.0012 0.750583 43.3333 30.2158 0.80303 37.7622 28.7446 0.895105 39.8399 2.03909 100 6.72727 1 
13 0 45.4545 33.0012 0.750583 43.3333 30.2158 0.80303 37.7622 28.7446 0.895105 43.8806 2.23455 100 6 1 
14 0 50.1166 36.8091 0.615385 44.5455 33.781 0.7 46.1538 35.2666 0.664336 51.1945 2.48364 100 6.90909 1 
15 0 52.3699 39.9555 0.592852 50 38.377 0.645455 51.049 39.3644 0.615385 56.9265 2.69455 100 6.90909 1 
16 0 53.7685 41.4746 0.480963 53.0303 40.7395 0.551515 51.7483 39.9705 0.482517 59.6791 2.87273 100 6.09091 1 
17 0 53.6908 41.5287 0.530692 53.0303 41.2108 0.615152 51.049 39.1913 0.531469 61.5296 3.03818 100 6.09091 1 
18 0 54.4678 42.44 0.455322 53.0303 40.4028 0.469697 51.049 39.0289 0.48951 63.6341 3.20727 100 6.81818 1 
19 0 54.3124 42.4583 0.512821 53.3333 40.8068 0.557576 53.1469 39.8064 0.552448 65.431 3.36636 100 6.36364 1 
20 0 54.3124 42.4583 0.512821 53.3333 40.8068 0.557576 53.1469 39.8064 0.552448 66.8733 3.51818 100 6.36364 1 
21 0 54.3124 42.4583 0.512821 53.3333 40.8068 0.557576 53.1469 39.8064 0.552448 68.6017 3.68727 100 6.36364 1 
22 0 55.9441 44.5494 0.440559 53.9394 42.3128 0.460606 51.7483 39.9705 0.482517 71.403 3.88091 100 6.72727 1 
23 0 55.9441 44.5494 0.440559 53.9394 42.3128 0.460606 51.7483 39.9705 0.482517 74.462 4.06182 100 6.72727 1 
24 0 55.9441 44.5494 0.440559 53.9394 42.3128 0.460606 51.7483 39.9705 0.482517 75.5403 4.21091 100 6.72727 1 
25 0 58.1197 46.6872 0.421134 55.4545 44.1967 0.454545 54.5455 41.8103 0.475524 78.8648 4.40273 100 6.36364 1 
26 0 58.1197 46.6872 0.421134 55.4545 44.1967 0.454545 54.5455 41.8103 0.475524 79.7751 4.53364 100 6.36364 1 
27 0 58.1197 46.6872 0.421134 55.4545 44.1967 0.454545 54.5455 41.8103 0.475524 80.8945 4.67455 100 6.36364 1 
28 0 58.1197 46.6872 0.421134 55.4545 44.1967 0.454545 54.5455 41.8103 0.475524 82.029 4.83636 100 6.36364 1 
29 0 58.1197 46.6872 0.421134 55.4545 44.1967 0.454545 54.5455 41.8103 0.475524 82.9938 4.97364 100 6.36364 1 
30 0 58.1197 46.6872 0.421134 55.4545 44.1967 0.454545 54.5455 41.8103 0.475524 86.1228 5.16455 100 6.36364 1 
31 0 58.1197 46.6872 0.421134 55.4545 44.1967 0.454545 54.5455 41.8103 0.475524 87.5967 5.31909 100 6.45455 1 
32 0 58.042 47.4293 0.421911 57.2727 44.4783 0.436364 55.9441 43.7043 0.461538 88.7668 5.44455 100 6.63636 1 
33 0 59.5183 49.3006 0.407148 62.7273 49.0742 0.381818 60.8392 47.802 0.412587 91.8484 5.65 100 6.36364 1 
34 0 59.5183 49.3006 0.407148 62.7273 49.0742 0.381818 60.8392 47.802 0.412587 94.1775 5.83455 100 6.27273 1 
35 0 59.5183 49.3006 0.407148 62.7273 49.0742 0.381818 60.8392 47.802 0.412587 94.852 5.97636 100 6.36364 1 
36 0 59.3629 49.7167 0.408702 65.7576 49.9204 0.351515 59.4406 47.499 0.426573 97.5832 6.14364 100 6.18182 1 
37 0 59.3629 49.7167 0.408702 65.7576 49.9204 0.351515 59.4406 47.499 0.426573 98.1985 6.28091 100 6.27273 1 
38 0 59.3629 49.7167 0.408702 65.7576 49.9204 0.351515 59.4406 47.499 0.426573 98.7737 6.41727 100 6.18182 1 
39 0 60.9169 51.1862 0.393162 66.6667 51.4182 0.342424 59.4406 47.7876 0.426573 100.978 6.60909 100 6.72727 1 
40 0 60.9169 51.1862 0.393162 66.6667 51.4182 0.342424 59.4406 47.7876 0.426573 102.527 6.78636 100 6.63636 1 
41 0 62.7817 52.9209 0.376845 67.2727 51.9329 0.336364 60.1399 49.32 0.41958 107.481 7.01636 100 6.81818 1 
42 0 62.7817 52.9209 0.376845 67.2727 51.9329 0.336364 60.1399 49.32 0.41958 108.525 7.18727 100 6.72727 1 
43 0 62.7817 52.9209 0.376845 67.2727 51.9329 0.336364 60.1399 49.32 0.41958 108.687 7.31909 100 6.81818 1 
44 0 65.6566 55.1129 0.348096 67.5758 53.534 0.333333 67.1329 53.6595 0.34965 115.778 7.59455 100 6.36364 1 
45 0 65.6566 55.1129 0.348096 67.5758 53.534 0.333333 67.1329 53.6595 0.34965 118.515 7.82273 100 6.45455 1 
46 0 65.6566 55.1129 0.348096 67.5758 53.534 0.333333 67.1329 53.6595 0.34965 120.387 7.96909 100 6.36364 1 
47 0 66.2782 55.1954 0.34188 64.2424 52.3481 0.366667 65.035 52.3648 0.370629 122.43 8.15364 100 7 1 
48 0 66.2782 55.1954 0.34188 64.2424 52.3481 0.366667 65.035 52.3648 0.370629 122.396 8.28545 100 6.90909 1 
49 0 66.2782 55.1954 0.34188 64.2424 52.3481 0.366667 65.035 52.3648 0.370629 123.657 8.49273 100 7 1 
50 0 66.2782 55.1954 0.34188 64.2424 52.3481 0.366667 65.035 52.3648 0.370629 123.599 8.64182 100 6.90909 1 
51 0 66.2782 55.1954 0.34188 64.2424 52.3481 0.366667 65.035 52.3648 0.370629 123.403 8.80091 100 7 1 
52 0 66.2782 55.1954 0.34188 64.2424 52.3481 0.366667 65.035 52.3648 0.370629 125.265 8.97909 100 6.90909 1 
53 0 66.2782 55.1954 0.34188 64.2424 52.3481 0.366667 65.035 52.3648 0.370629 124.971 9.14091 100 7 1 
54 0 66.2782 55.1954 0.34188 64.2424 52.3481 0.366667 65.035 52.3648 0.370629 124.784 9.27727 100 6.90909 1 
55 0 66.2782 55.1954 0.34188 64.2424 52.3481 0.366667 65.035 52.3648 0.370629 126.046 9.46545 100 7 1 
56 0 66.2782 55.1954 0.34188 64.2424 52.3481 0.366667 65.035 52.3648 0.370629 127.452 9.65727 100 6.90909 1 
57 0 66.2782 55.1954 0.34188 64.2424 52.3481 0.366667 65.035 52.3648 0.370629 127.14 9.83364 100 7 1 
58 0 66.2782 55.1954 0.34188 64.2424 52.3481 0.366667 65.035 52.3648 0.370629 126.719 10.0064 100 6.90909 1 
59 0 66.2782 55.1954 0.34188 64.2424 52.3481 0.366667 65.035 52.3648 0.370629 126.145 10.1718 100 7 1 
60 0 66.2782 55.1954 0.34188 64.2424 52.3481 0.366667 65.035 52.3648 0.370629 127.086 10.3609 100 6.90909 1 
61 0 66.2782 55.1954 0.34188 64.2424 52.3481 0.366667 65.035 52.3648 0.370629 127.925 10.55 100 7 1 
62 0 66.2782 55.1954 0.34188 64.2424 52.3481 0.366667 65.035 52.3648 0.370629 128.516 10.7445 100 6.90909 1 
63 0 66.2782 55.1954 0.34188 64.2424 52.3481 0.366667 65.035 52.3648 0.370629 129.447 10.94 100 7 1 
64 0 66.3559 55.2506 0.341103 64.2424 52.3481 0.366667 65.035 52.3648 0.370629 130.447 11.1418 100 6.81818 1 
65 0 66.3559 55.2506 0.341103 64.2424 52.3481 0.366667 65.035 52.3648 0.370629 131.883 11.33 100 7.27273 1 
66 0 66.3559 55.2506 0.341103 64.2424 52.3481 0.366667 65.035 52.3648 0.370629 131.078 11.4855 100 6.81818 1 
67 0 66.3559 55.2506 0.341103 64.2424 52.3481 0.366667 65.035 52.3648 0.370629 130.529 11.6573 100 7.27273 1 
68 0 66.3559 55.2506 0.341103 64.2424 52.3481 0.366667 65.035 52.3648 0.370629 131.144 11.8455 100 6.81818 1 
69 0 66.3559 55.2506 0.341103 64.2424 52.3481 0.366667 65.035 52.3648 0.370629 130.393 12.0164 100 7.27273 1 
70 0 66.3559 55.2506 0.341103 64.2424 52.3481 0.366667 65.035 52.3648 0.370629 129.271 12.1773 100 6.81818 1 
71 0 66.3559 55.2506 0.341103 64.2424 52.3481 0.366667 65.035 52.3648 0.370629 128.518 12.3327 100 7.27273 1 
72 0 66.589 55.3783 0.336441 64.2424 52.3336 0.357576 63.6364 52.0401 0.363636 129.102 12.4955 100 7.09091 1 
