# Created by main.cpp, 2016-06-25.12:27:53
# name: results
# type: matrix
# rows: 101
# columns: 24
1 1.12735 38.2906 23.6178 10.089 2.33 0.233 0 100 4 6.1 3 1 1 -1 0 0 36.9231 22.8704 1 68.6667 57.3934 4.29497e+09 10 
2 1.27692 41.2821 27.2744 21.2775 3.4561 0.479 0 100 4 6.1 3 1 1 -1 0 0 39.2308 26.0826 2 68.6667 57.3934 4.29497e+09 10 
3 0.918803 43.5043 29.1916 24.09 3.93813 0.634 0 100 4 6.5 3 1 1 -1 0 0 44.6154 29.6638 3 68.6667 57.3934 4.29497e+09 10 
4 0.988034 44.0171 29.3865 26.3106 4.29353 0.783 0 100 4 7 3 1 1 -1 0 0 46.1538 30.2656 4 68.6667 57.3934 4.29497e+09 10 
5 1.04017 44.9573 31.1101 30.3766 4.79615 0.984 0 100 4 5.8 3 1 1 -1 0 0 46.9231 32.0412 5 68.6667 57.3934 4.29497e+09 10 
6 0.926496 45.5556 32.6638 33.0811 5.11342 1.133 0 100 4 6 3 1 1 -1 0 0 46.9231 33.5227 6 68.6667 57.3934 4.29497e+09 10 
7 0.910256 48.2051 36.7096 38.0523 5.63963 1.336 0 100 4 7.9 3 1 1 -1 0 0 48.4615 36.6523 7 68.6667 57.3934 4.29497e+09 10 
8 0.828205 48.2051 37.149 40.1903 5.85964 1.486 0 100 4 6.8 3 1 1 -1 0 0 48.4615 36.8838 8 68.6667 57.3934 4.29497e+09 10 
9 1.01026 48.2051 38.0685 43.1378 6.12865 1.667 0 100 4 6.4 3 1 1 -1 0 0 48.4615 37.5783 9 68.6667 57.3934 4.29497e+09 10 
10 1.01026 48.2051 38.0685 45.2257 6.31326 1.829 0 100 4 7.3 3 1 1 -1 0 0 48.4615 37.5783 10 68.6667 57.3934 4.29497e+09 10 
11 0.829915 52.3932 43.0496 51.8498 6.86156 2.065 0 100 4 6.9 3 1 1 -1 0 0 51.5385 41.0703 11 68.6667 57.3934 4.29497e+09 10 
12 0.906838 52.906 44.0883 54.6604 7.08967 2.248 0 100 4 7.4 3 1 1 -1 0 0 50 40.8052 12 68.6667 57.3934 4.29497e+09 10 
13 0.817094 52.906 44.0883 56.9654 7.2487 2.422 0 100 4 7.2 3 1 1 -1 0 0 50 40.8052 13 68.6667 57.3934 4.29497e+09 10 
14 0.817094 52.906 44.0883 58.9146 7.39092 2.588 0 100 4 7.7 3 1 1 -1 0 0 50 40.8052 14 68.6667 57.3934 4.29497e+09 10 
15 0.906838 52.906 44.0883 60.645 7.51439 2.748 0 100 4 7.4 3 1 1 -1 0 0 50 40.8052 15 68.6667 57.3934 4.29497e+09 10 
16 0.837607 52.906 44.1805 62.6213 7.65357 2.919 0 100 4 7.9 3 1 1 -1 0 0 50 41.0367 16 68.6667 57.3934 4.29497e+09 10 
17 0.748718 55.1282 46.6073 67.3306 7.97302 3.132 0 100 4 8.1 3 1 1 -1 0 0 50.7692 42.1592 17 68.6667 57.3934 4.29497e+09 10 
18 0.748718 55.1282 46.6073 68.7576 8.06721 3.277 0 100 4 8.1 3 1 1 -1 0 0 50.7692 42.1592 18 68.6667 57.3934 4.29497e+09 10 
19 0.748718 55.1282 46.6073 70.2869 8.16697 3.431 0 100 4 8.1 3 1 1 -1 0 0 50.7692 42.1592 19 68.6667 57.3934 4.29497e+09 10 
20 0.728205 55.8974 46.9098 76.5438 8.5272 3.657 0 100 4 8 3 1 1 -1 0 0 53.8462 44.4292 20 68.6667 57.3934 4.29497e+09 10 
21 0.728205 55.8974 46.9098 80.3201 8.70259 3.861 0 100 4 8 3 1 1 -1 0 0 53.8462 44.4292 21 68.6667 57.3934 4.29497e+09 10 
22 0.728205 55.8974 46.9098 83.5131 8.89391 4.058 0 100 4 8 3 1 1 -1 0 0 53.8462 44.4292 22 68.6667 57.3934 4.29497e+09 10 
23 0.728205 55.8974 46.9098 87.2726 9.05635 4.262 0 100 4 8 3 1 1 -1 0 0 53.8462 44.4292 23 68.6667 57.3934 4.29497e+09 10 
24 0.728205 55.8974 46.9098 88.4227 9.1238 4.419 0 100 4 8 3 1 1 -1 0 0 53.8462 44.4292 24 68.6667 57.3934 4.29497e+09 10 
25 0.728205 55.8974 46.9098 89.6525 9.19733 4.579 0 100 4 8 3 1 1 -1 0 0 53.8462 44.4292 25 68.6667 57.3934 4.29497e+09 10 
26 0.590598 57.8632 48.8009 92.7884 9.38533 4.782 0 100 4 7.4 3 1 1 -1 0 0 54.6154 45.2789 26 68.6667 57.3934 4.29497e+09 10 
27 0.590598 57.8632 48.8009 93.9463 9.45267 4.947 0 100 4 7.4 3 1 1 -1 0 0 54.6154 45.2789 27 68.6667 57.3934 4.29497e+09 10 
28 0.590598 57.8632 48.8009 95.123 9.51501 5.113 0 100 4 7.4 3 1 1 -1 0 0 54.6154 45.2789 28 68.6667 57.3934 4.29497e+09 10 
29 0.590598 57.8632 48.8009 95.9814 9.56526 5.247 0 100 4 7.4 3 1 1 -1 0 0 54.6154 45.2789 29 68.6667 57.3934 4.29497e+09 10 
30 0.590598 57.8632 48.8009 96.9618 9.62239 5.385 0 100 4 7.4 3 1 1 -1 0 0 54.6154 45.2789 30 68.6667 57.3934 4.29497e+09 10 
31 0.590598 57.8632 48.8009 99.8132 9.73605 5.575 0 100 4 7.4 3 1 1 -1 0 0 54.6154 45.2789 31 68.6667 57.3934 4.29497e+09 10 
32 0.586325 58.2906 49.151 102.694 9.88192 5.763 0 100 4 7.2 3 1 1 -1 0 0 53.8462 45.0865 32 68.6667 57.3934 4.29497e+09 10 
33 0.586325 58.2906 49.151 106.741 10.0963 5.996 0 100 4 7.2 3 1 1 -1 0 0 53.8462 45.0865 33 68.6667 57.3934 4.29497e+09 10 
34 0.494017 60.3419 51.1509 109.414 10.2419 6.176 0 100 4 7.5 3 1 1 -1 0 0 54.6154 45.3806 34 68.6667 57.3934 4.29497e+09 10 
35 0.458974 63.8462 54.1454 114.424 10.5124 6.412 0 100 4 7.5 3 1 1 -1 0 0 60 50.238 35 68.6667 57.3934 4.29497e+09 10 
36 0.458974 63.8462 54.1454 117.67 10.6637 6.633 0 100 4 7.5 3 1 1 -1 0 0 60 50.238 36 68.6667 57.3934 4.29497e+09 10 
37 0.458974 63.8462 54.1454 120.027 10.7428 6.802 0 100 4 7.5 3 1 1 -1 0 0 60 50.238 37 68.6667 57.3934 4.29497e+09 10 
38 0.458974 63.8462 54.1454 120.266 10.756 6.931 0 100 4 7.5 3 1 1 -1 0 0 60 50.238 38 68.6667 57.3934 4.29497e+09 10 
39 0.458974 63.8462 54.1454 120.958 10.7913 7.093 0 100 4 7.5 3 1 1 -1 0 0 60 50.238 39 68.6667 57.3934 4.29497e+09 10 
40 0.458974 63.8462 54.1454 121.706 10.829 7.268 0 100 4 7.5 3 1 1 -1 0 0 60 50.238 40 68.6667 57.3934 4.29497e+09 10 
41 0.458974 63.8462 54.1454 122.707 10.8793 7.454 0 100 4 7.5 3 1 1 -1 0 0 60 50.238 41 68.6667 57.3934 4.29497e+09 10 
42 0.458974 63.8462 54.1454 123.117 10.9001 7.611 0 100 4 7.5 3 1 1 -1 0 0 60 50.238 42 68.6667 57.3934 4.29497e+09 10 
43 0.458974 63.8462 54.1454 123.263 10.9081 7.76 0 100 4 7.5 3 1 1 -1 0 0 60 50.238 43 68.6667 57.3934 4.29497e+09 10 
44 0.455556 64.188 54.4174 125.566 11.0186 7.959 0 100 4 7.1 3 1 1 -1 0 0 61.5385 52.1661 44 68.6667 57.3934 4.29497e+09 10 
45 0.455556 64.188 54.4174 125.803 11.0315 8.131 0 100 4 7.1 3 1 1 -1 0 0 61.5385 52.1661 45 68.6667 57.3934 4.29497e+09 10 
46 0.455556 64.188 54.4174 125.776 11.0321 8.293 0 100 4 7.1 3 1 1 -1 0 0 61.5385 52.1661 46 68.6667 57.3934 4.29497e+09 10 
47 0.336752 67.6068 57.8228 127.944 11.1562 8.461 0 100 4 7.3 3 1 1 -1 0 0 65.3846 55.9802 47 68.6667 57.3934 4.29497e+09 10 
48 0.336752 67.6068 57.8228 127.875 11.1556 8.625 0 100 4 7.3 3 1 1 -1 0 0 65.3846 55.9802 48 68.6667 57.3934 4.29497e+09 10 
49 0.336752 67.6068 57.8228 127.633 11.1458 8.763 0 100 4 7.3 3 1 1 -1 0 0 65.3846 55.9802 49 68.6667 57.3934 4.29497e+09 10 
50 0.336752 67.6068 57.8228 129.414 11.224 8.947 0.85 100 4 7.3 3 1 1 -1 0 0 65.3846 55.9802 50 68.6667 57.3934 4.29497e+09 10 
51 0.336752 67.6068 57.9917 131.261 11.3045 9.122 3.2 100 4 7.1 3 1 1 -1 0 0 64.6154 55.6661 51 68.6667 57.3934 4.29497e+09 10 
52 0.336752 67.6068 57.9917 131.348 11.3118 9.253 4.25 100 4 7.1 3 1 1 -1 0 0 64.6154 55.6661 52 68.6667 57.3934 4.29497e+09 10 
53 0.336752 67.6068 57.9917 132.327 11.3533 9.419 6.2 100 4 7.1 3 1 1 -1 0 0 64.6154 55.6661 53 68.6667 57.3934 4.29497e+09 10 
54 0.336752 67.6068 57.9917 133.95 11.4176 9.618 8.35 100 4 7.1 3 1 1 -1 0 0 64.6154 55.6661 54 68.6667 57.3934 4.29497e+09 10 
55 0.336752 67.6068 57.9917 135.692 11.4937 9.837 11.05 100 4 6.9 3 1 1 -1 0 0 65.3846 56.4716 55 68.6667 57.3934 4.29497e+09 10 
56 0.323932 67.8632 58.1975 137.169 11.5721 10.037 13.6 100 4 7.2 3 1 1 -1 0 0 64.6154 55.6661 56 68.6667 57.3934 4.29497e+09 10 
57 0.323932 67.8632 58.1975 137.108 11.5648 10.223 14.5 100 4 7 3 1 1 -1 0 0 65.3846 56.4716 57 68.6667 57.3934 4.29497e+09 10 
58 0.323932 67.8632 58.1975 136.853 11.5558 10.386 14.75 100 4 7.2 3 1 1 -1 0 0 64.6154 55.6661 58 68.6667 57.3934 4.29497e+09 10 
59 0.323932 67.8632 58.1975 136.202 11.529 10.537 15 100 4 7 3 1 1 -1 0 0 65.3846 56.4716 59 68.6667 57.3934 4.29497e+09 10 
60 0.323932 67.8632 58.1975 136.778 11.5588 10.685 15 100 4 7.2 3 1 1 -1 0 0 64.6154 55.6661 60 68.6667 57.3934 4.29497e+09 10 
61 0.323932 67.8632 58.1975 136.818 11.5574 10.87 15 100 4 7 3 1 1 -1 0 0 65.3846 56.4716 61 68.6667 57.3934 4.29497e+09 10 
62 0.323932 67.8632 58.1975 137.529 11.5939 11.05 15 100 4 7.2 3 1 1 -1 0 0 64.6154 55.6661 62 68.6667 57.3934 4.29497e+09 10 
63 0.323932 67.8632 58.1975 138.48 11.6383 11.215 15 100 4 7 3 1 1 -1 0 0 65.3846 56.4716 63 68.6667 57.3934 4.29497e+09 10 
