# Created by main.cpp, 2016-05-17.14:11:04
# name: results
# type: matrix
# rows: 550
# columns: 21
0 1.10776 70 57.598 0 0 54 54 40 4 6.25 3 1 1 4.29497e+09 33.3333 0 98.901 98.9394 4.29497e+09 4 
1 1.10776 70 57.598 0 0 54.25 54.25 40 4 6.25 3 1 1 4.29497e+09 33.3333 0 98.901 98.9394 4.29497e+09 4 
2 1.1185 71.6667 57.9657 0 0 53.5 53.5 40 4 7.75 3 1 1 4.29497e+09 33.3333 0 98.901 98.9394 4.29497e+09 4 
3 1.1185 71.6667 57.9657 0 0 53 53 40 4 7.75 3 1 1 4.29497e+09 33.3333 0 98.901 98.9394 4.29497e+09 4 
4 1.1185 71.6667 57.9657 0.15625 0.197642 54.7812 54.75 40 4 7.75 3 1 1 4.29497e+09 33.3333 0 98.901 98.9394 4.29497e+09 4 
5 1.06882 71.6667 57.9657 0 0 58 58 40 4 6.25 3 1 1 4.29497e+09 33.3333 0 98.901 98.9394 4.29497e+09 4 
6 1.08768 70 59.6522 0 0 58 58 40 4 7.25 3 1 1 4.29497e+09 33.3333 0 98.901 98.9394 4.29497e+09 4 
7 1.08768 70 59.6522 0 0 56 56 40 4 7.25 3 1 1 4.29497e+09 33.3333 0 98.901 98.9394 4.29497e+09 4 
8 1.08768 70 59.6522 0 0 56 56 40 4 7.25 3 1 1 4.29497e+09 33.3333 0 98.901 98.9394 4.29497e+09 4 
9 1.08768 70 59.6522 0 0 56 56 40 4 7.25 3 1 1 4.29497e+09 33.3333 0 98.901 98.9394 4.29497e+09 4 
10 1.08768 70 59.6522 0 0 56 56 40 4 7.25 3 1 1 4.29497e+09 33.3333 0 98.901 98.9394 4.29497e+09 4 
11 1.08768 70 59.6522 0.1 0.158114 56.025 56 40 4 7.25 3 1 1 4.29497e+09 33.3333 0 98.901 98.9394 4.29497e+09 4 
12 1.08768 70 59.6522 0 0 57 57 40 4 7.25 3 1 1 4.29497e+09 33.3333 0 98.901 98.9394 4.29497e+09 4 
13 1.08768 70 59.6522 0 0 57 57 40 4 7.25 3 1 1 4.29497e+09 33.3333 0 98.901 98.9394 4.29497e+09 4 
14 1.08768 70 59.6522 0 0 57 57 40 4 7.25 3 1 1 4.29497e+09 33.3333 0 98.901 98.9394 4.29497e+09 4 
15 1.08768 70 59.6522 0 0 57 57 40 4 7.25 3 1 1 4.29497e+09 33.3333 0 98.901 98.9394 4.29497e+09 4 
16 1.08768 70 59.6522 0 0 65.75 65.75 40 4 7.25 3 1 1 4.29497e+09 33.3333 0 98.901 98.9394 4.29497e+09 4 
17 1.11143 78.3333 68.3824 0 0 65.75 65.75 40 4 7.25 3 1 1 4.29497e+09 33.3333 0 98.901 98.9394 4.29497e+09 4 
18 1.11143 78.3333 68.3824 0 0 65.75 65.75 40 4 7.25 3 1 1 4.29497e+09 33.3333 0 98.901 98.9394 4.29497e+09 4 
19 1.11143 78.3333 68.3824 0 0 65.75 65.75 40 4 7.25 3 1 1 4.29497e+09 33.3333 0 98.901 98.9394 4.29497e+09 4 
20 1.11143 78.3333 68.3824 0 0 65.75 65.75 40 4 7.25 3 1 1 4.29497e+09 33.3333 0 98.901 98.9394 4.29497e+09 4 
21 1.11143 78.3333 68.3824 0 0 65.75 65.75 40 4 7.25 3 1 1 4.29497e+09 33.3333 0 98.901 98.9394 4.29497e+09 4 
22 1.11143 78.3333 68.3824 0 0 65.75 65.75 40 4 7.25 3 1 1 4.29497e+09 33.3333 0 98.901 98.9394 4.29497e+09 4 
23 1.11143 78.3333 68.3824 0 0 65.75 65.75 40 4 7.25 3 1 1 4.29497e+09 33.3333 0 98.901 98.9394 4.29497e+09 4 
24 1.11143 78.3333 68.3824 0 0 64.25 64.25 40 4 7.25 3 1 1 4.29497e+09 33.3333 0 98.901 98.9394 4.29497e+09 4 
25 1.11143 78.3333 68.3824 0 0 64.25 64.25 40 4 7.25 3 1 1 4.29497e+09 33.3333 0 98.901 98.9394 4.29497e+09 4 
26 1.11143 78.3333 68.3824 0 0 64.25 64.25 40 4 7.25 3 1 1 4.29497e+09 33.3333 0 98.901 98.9394 4.29497e+09 4 
27 1.11143 78.3333 68.3824 0 0 64.25 64.25 40 4 7.25 3 1 1 4.29497e+09 33.3333 0 98.901 98.9394 4.29497e+09 4 
28 1.11143 78.3333 68.3824 0 0 64.25 64.25 40 4 7.25 3 1 1 4.29497e+09 33.3333 0 98.901 98.9394 4.29497e+09 4 
29 1.11143 78.3333 68.3824 0 0 64.25 64.25 40 4 7.25 3 1 1 4.29497e+09 33.3333 0 98.901 98.9394 4.29497e+09 4 
30 1.11143 78.3333 68.3824 0 0 64.25 64.25 40 4 7.25 3 1 1 4.29497e+09 33.3333 0 98.901 98.9394 4.29497e+09 4 
31 1.11143 78.3333 68.3824 0 0 70.25 70.25 40 4 7.25 3 1 1 4.29497e+09 33.3333 0 98.901 98.9394 4.29497e+09 4 
32 1.10672 81.6667 74.4658 0 0 70.25 70.25 40 4 7.5 3 1 1 4.29497e+09 33.3333 0 98.901 98.9394 4.29497e+09 4 
33 1.10672 81.6667 74.4658 0 0 70.25 70.25 40 4 7.5 3 1 1 4.29497e+09 33.3333 0 98.901 98.9394 4.29497e+09 4 
34 1.10672 81.6667 74.4658 0 0 70.25 70.25 40 4 7.5 3 1 1 4.29497e+09 33.3333 0 98.901 98.9394 4.29497e+09 4 
35 1.10672 81.6667 74.4658 0 0 70.25 70.25 40 4 7.5 3 1 1 4.29497e+09 33.3333 0 98.901 98.9394 4.29497e+09 4 
36 1.10672 81.6667 74.4658 0 0 70.25 70.25 40 4 7.5 3 1 1 4.29497e+09 33.3333 0 98.901 98.9394 4.29497e+09 4 
37 1.10672 81.6667 74.4658 0 0 70.25 70.25 40 4 7.5 3 1 1 4.29497e+09 33.3333 0 98.901 98.9394 4.29497e+09 4 
38 1.10672 81.6667 74.4658 0 0 70.25 70.25 40 4 7.5 3 1 1 4.29497e+09 33.3333 0 98.901 98.9394 4.29497e+09 4 
39 1.10672 81.6667 74.4658 0 0 70.25 70.25 40 4 7.5 3 1 1 4.29497e+09 33.3333 0 98.901 98.9394 4.29497e+09 4 
40 1.10672 81.6667 74.4658 0 0 70.25 70.25 40 4 7.5 3 1 1 4.29497e+09 33.3333 0 98.901 98.9394 4.29497e+09 4 
41 1.10672 81.6667 74.4658 0 0 70.25 70.25 40 4 7.5 3 1 1 4.29497e+09 33.3333 0 98.901 98.9394 4.29497e+09 4 
42 1.10672 81.6667 74.4658 0 0 70.25 70.25 40 4 7.5 3 1 1 4.29497e+09 33.3333 0 98.901 98.9394 4.29497e+09 4 
43 1.10672 81.6667 74.4658 0 0 78 78 40 4 7.5 3 1 1 4.29497e+09 33.3333 0 98.901 98.9394 4.29497e+09 4 
44 1.11266 83.3333 80.0172 0 0 82.75 82.75 40 4 7.5 3 1 1 4.29497e+09 33.3333 0 98.901 98.9394 4.29497e+09 4 
45 1.1396 88.3333 84.718 0 0 82.75 82.75 40 4 8 3 1 1 4.29497e+09 33.3333 0 98.901 98.9394 4.29497e+09 4 
46 1.1396 88.3333 84.718 0 0 82.75 82.75 40 4 8 3 1 1 4.29497e+09 33.3333 0 98.901 98.9394 4.29497e+09 4 
47 1.1396 88.3333 84.718 0 0 82.75 82.75 40 4 8 3 1 1 4.29497e+09 33.3333 0 98.901 98.9394 4.29497e+09 4 
48 1.1396 88.3333 84.718 0 0 82.75 82.75 40 4 8 3 1 1 4.29497e+09 33.3333 0 98.901 98.9394 4.29497e+09 4 
49 1.1396 88.3333 84.718 0 0 82.75 82.75 40 4 8 3 1 1 4.29497e+09 33.3333 0 98.901 98.9394 4.29497e+09 4 
50 1.2697 85 82.3219 0 0 82.5 82.5 40 4 8 3 1 1 4.29497e+09 40 0 98.901 98.9394 4.29497e+09 4 
51 1.2697 85 82.3219 0 0 82.5 82.5 40 4 8 3 1 1 4.29497e+09 40 0 98.901 98.9394 4.29497e+09 4 
52 1.2697 85 82.3219 0 0 82.5 82.5 40 4 8 3 1 1 4.29497e+09 40 0 98.901 98.9394 4.29497e+09 4 
53 1.2697 85 82.3219 0 0 82.5 82.5 40 4 8 3 1 1 4.29497e+09 40 0 98.901 98.9394 4.29497e+09 4 
54 1.2697 85 82.3219 0 0 82.5 82.5 40 4 8 3 1 1 4.29497e+09 40 0 98.901 98.9394 4.29497e+09 4 
55 1.2697 85 82.3219 0 0 82.5 82.5 40 4 8 3 1 1 4.29497e+09 40 0 98.901 98.9394 4.29497e+09 4 
56 1.2697 85 82.3219 0 0 82.5 82.5 40 4 8 3 1 1 4.29497e+09 40 0 98.901 98.9394 4.29497e+09 4 
57 1.2697 85 82.3219 0 0 82.5 82.5 40 4 8 3 1 1 4.29497e+09 40 0 98.901 98.9394 4.29497e+09 4 
58 1.2697 85 82.3219 0 0 82.5 82.5 40 4 8 3 1 1 4.29497e+09 40 0 98.901 98.9394 4.29497e+09 4 
59 1.2697 85 82.3219 0 0 82.5 82.5 40 4 8 3 1 1 4.29497e+09 40 0 98.901 98.9394 4.29497e+09 4 
60 1.2697 85 82.3219 0 0 82.5 82.5 40 4 8 3 1 1 4.29497e+09 40 0 98.901 98.9394 4.29497e+09 4 
61 1.2697 85 82.3219 0 0 82.5 82.5 40 4 8 3 1 1 4.29497e+09 40 0 98.901 98.9394 4.29497e+09 4 
62 1.2697 85 82.3219 0 0 82.5 82.5 40 4 8 3 1 1 4.29497e+09 40 0 98.901 98.9394 4.29497e+09 4 
63 1.2697 85 82.3219 0 0 82.5 82.5 40 4 8 3 1 1 4.29497e+09 40 0 98.901 98.9394 4.29497e+09 4 
64 1.2697 85 82.3219 0 0 82.5 82.5 40 4 8 3 1 1 4.29497e+09 40 0 98.901 98.9394 4.29497e+09 4 
65 1.2697 85 82.3219 0 0 82.5 82.5 40 4 8 3 1 1 4.29497e+09 40 0 98.901 98.9394 4.29497e+09 4 
66 1.2697 85 82.3219 0 0 82.5 82.5 40 4 8 3 1 1 4.29497e+09 40 0 98.901 98.9394 4.29497e+09 4 
67 1.2697 85 82.3219 0 0 82.5 82.5 40 4 8 3 1 1 4.29497e+09 40 0 98.901 98.9394 4.29497e+09 4 
68 1.2697 85 82.3219 0 0 82.5 82.5 40 4 8 3 1 1 4.29497e+09 40 0 98.901 98.9394 4.29497e+09 4 
69 1.2697 85 82.3219 0 0 82.5 82.5 40 4 8 3 1 1 4.29497e+09 40 0 98.901 98.9394 4.29497e+09 4 
70 1.2697 85 82.3219 0 0 82.5 82.5 40 4 8 3 1 1 4.29497e+09 40 0 98.901 98.9394 4.29497e+09 4 
71 1.2697 85 82.3219 0 0 82.5 82.5 40 4 8 3 1 1 4.29497e+09 40 0 98.901 98.9394 4.29497e+09 4 
72 1.2697 85 82.3219 0 0 82.5 82.5 40 4 8 3 1 1 4.29497e+09 40 0 98.901 98.9394 4.29497e+09 4 
73 1.2697 85 82.3219 0 0 89.5 89.5 40 4 8 3 1 1 4.29497e+09 40 0 98.901 98.9394 4.29497e+09 4 
74 1.23909 91.6667 89.2867 0 0 92.75 92.75 40 4 7 3 1 1 4.29497e+09 40 0 98.901 98.9394 4.29497e+09 4 
75 1.19899 93.3333 92.5666 0 0 92.75 92.75 40 4 5.75 3 1 1 4.29497e+09 40 0 98.901 98.9394 4.29497e+09 4 
