# Created by main.cpp, 2016-05-26.16:55:55
# name: results
# type: matrix
# rows: 400
# columns: 24
0 1.09912 66.8803 55.8298 139.513 11.6991 21.17 17 50 4 5 3 1 1 1 38.4615 24.857 65.3846 53.2407 250 100 100 1 4 
1 1.16486 65.812 55.5556 169.293 12.9741 23.305 17 50 4 7 3 1 1 1 42.3077 23.2639 73.0769 54.6296 500 100 100 1 4 
2 1.13862 66.453 55.6485 206.141 14.3376 25.845 17 50 4 5.75 3 1 1 1 46.1538 27.2487 73.0769 57.1096 750 100 100 1 4 
3 1.15128 67.5214 55.7471 226.045 15.031 27.31 17.75 50 4 7.25 3 1 1 1 61.5385 46.2438 69.2308 58.3333 1000 100 100 1 4 
4 1.16605 68.3761 55.7982 237.292 15.3989 28.525 19.125 50 4 4.25 3 1 1 1 80.7692 70.3704 38.4615 44.4444 1250 100 100 1 4 
5 1.27061 68.8034 59.1346 255.438 15.9806 30.17 20.875 50 4 7.75 3 1 1 1 73.0769 66.1785 69.2308 57.1429 1500 100 100 1 4 
6 1.2529 70.9402 61.9265 262.782 16.1886 31.925 23.75 50 4 7.25 3 1 1 1 61.5385 55.9343 67.3077 59.1751 1750 100 100 1 4 
7 1.48186 71.7949 62.7695 275.612 16.576 33.97 28.875 50 4 8.5 3 1 1 1 48.0769 37.4451 53.8462 49.525 2000 100 100 1 4 
8 1.31305 79.0598 72.2992 308.393 17.4985 36.245 36.125 50 4 6.75 3 1 1 1 65.3846 58.5884 63.4615 66.1603 2250 100 100 1 4 
9 1.30771 78.8462 72.1426 293.744 17.0661 37.13 37.25 50 4 6.25 3 1 1 1 80.7692 81.8758 65.3846 65.351 2500 100 100 1 4 
10 1.37995 78.6325 72.8325 307.275 17.4498 38.575 41.75 50 4 6.75 3 1 1 1 86.5385 83.254 76.9231 69.8611 2750 100 100 1 4 
11 1.53562 80.3419 74.7515 301.951 17.3175 39.53 43.875 50 4 6.25 3 1 1 1 88.4615 80.3749 78.8462 75.5787 3000 100 100 1 4 
12 1.5463 80.9829 75.392 316.02 17.6698 40.415 45.375 50 4 7.75 3 1 1 1 80.7692 71.0877 78.8462 73.0264 3250 100 100 1 4 
13 1.50425 81.1966 75.359 310.574 17.5391 41.135 46.125 50 4 5.5 3 1 1 1 86.5385 83.7836 78.8462 72.1429 3500 100 100 1 4 
14 1.25758 80.9829 74.8925 323.525 17.8664 42.675 48.125 50 4 7.25 3 1 1 1 94.2308 87.4728 69.2308 72.2222 3750 100 100 1 4 
15 1.29573 81.6239 78.8575 314.692 17.6267 43.305 48.625 50 4 5.25 3 1 1 1 90.3846 87.3377 86.5385 83.3944 4000 100 100 1 4 
16 1.35235 88.4615 88.4573 317.574 17.7229 43.895 49 50 4 5.5 3 1 1 1 90.3846 87.8788 98.0769 97.8836 4250 100 100 1 4 
17 1.32459 91.453 91.5596 331.093 18.0995 45.08 50.75 50 4 6.5 3 1 1 1 82.6923 74.478 69.2308 65.2252 4500 100 100 1 4 
18 1.29449 90.1709 90.2954 321.741 17.8425 45.625 51.375 50 4 5.5 3 1 1 1 80.7692 83.1553 82.6923 78.1095 4750 100 100 1 4 
19 1.29702 88.8889 88.9001 307.266 17.4184 46.07 51.25 50 4 5.5 3 1 1 1 84.6154 84.3223 94.2308 93.6706 5000 100 100 1 4 
20 1.37536 88.6752 88.7184 307.649 17.4283 46.56 53 50 4 5.5 3 1 1 1 92.3077 88.8889 96.1538 96.2963 5250 100 100 1 4 
21 1.46027 91.0256 91.1462 326.129 17.9609 47.645 53.375 50 4 5.5 3 1 1 1 96.1538 90.2778 96.1538 96.9444 5500 100 100 1 4 
22 1.39889 92.094 91.9412 324.301 17.9172 48.68 53.75 50 4 5.5 3 1 1 1 92.3077 87.3193 92.3077 92.7104 5750 100 100 1 4 
23 1.36801 92.5214 92.501 331.531 18.0858 49.25 54.125 50 4 5.5 3 1 1 1 92.3077 89.5833 88.4615 82.9762 6000 100 100 1 4 
24 1.41339 91.8803 91.7623 315.633 17.6812 50.01 54.25 50 4 5.5 3 1 1 1 96.1538 90.7407 94.2308 92.6961 6250 100 100 1 4 
25 1.37195 91.8803 91.8189 306.022 17.4211 50.505 54.25 50 4 5.5 3 1 1 1 92.3077 89.2857 94.2308 94.2689 6500 100 100 1 4 
26 1.35235 91.6667 91.6046 300.526 17.2635 50.395 54.125 50 4 5.5 3 1 1 1 90.3846 87.8788 96.1538 95.5387 6750 100 100 1 4 
27 1.35973 93.5897 93.6684 308.493 17.5104 51.545 54.25 50 4 6.5 3 1 1 1 84.6154 77.1764 71.1538 66.7352 7000 100 100 1 4 
28 1.29449 92.5214 92.6308 281.301 16.7207 52.38 54.25 50 4 5.5 3 1 1 1 84.6154 86.2108 88.4615 81.6809 7250 100 100 1 4 
29 1.29702 91.453 91.4925 274.493 16.4535 52.92 54.25 50 4 5.5 3 1 1 1 82.6923 81.4652 98.0769 97.1429 7500 100 100 1 4 
30 1.37366 91.8803 91.7857 274.856 16.477 53.13 54.75 50 4 5.5 3 1 1 1 92.3077 88.8889 94.2308 94.213 7750 100 100 1 4 
31 1.42412 91.8803 91.7273 266.98 16.2215 53.805 55 50 4 5.5 3 1 1 1 96.1538 90.2778 94.2308 93.4091 8000 100 100 1 4 
32 1.43765 93.8034 93.8588 264.978 16.171 53.9 54.75 50 4 5.5 3 1 1 1 94.2308 89.7436 92.3077 92.7104 8250 100 100 1 4 
33 1.40893 94.0171 94.011 259.469 15.9875 54.5 55 50 4 5.5 3 1 1 1 92.3077 89.5833 90.3846 89.2063 8500 100 100 1 4 
34 1.45497 93.5897 93.5875 249.847 15.6653 54.765 54.875 50 4 5.5 3 1 1 1 96.1538 90.7407 94.2308 89.0056 8750 100 100 1 4 
35 1.30482 95.0855 95.1354 249.698 15.667 55.45 55 50 4 5.75 3 1 1 1 96.1538 95.8333 92.3077 91.9372 9000 100 100 1 4 
36 1.3722 94.4444 94.5079 249.208 15.5727 55.795 54.875 50 4 5.75 3 1 1 1 100 100 96.1538 95.4594 9250 100 100 1 4 
37 1.40673 95.7265 95.8163 256.621 15.7526 56.855 55 50 4 5.75 3 1 1 1 88.4615 81.7857 86.5385 83.9574 9500 100 100 1 4 
38 1.05056 95.9402 95.7575 242.659 15.2771 57.03 54.75 50 4 5 3 1 1 1 92.3077 93.8889 96.1538 96.8661 9750 100 100 1 4 
39 1.36094 95.7265 95.6351 239.26 15.1612 56.98 55 50 4 4.75 3 1 1 1 90.3846 89.513 98.0769 97.1429 10000 100 100 1 4 
40 1.10261 95.9402 95.9506 247.864 15.4286 57.25 55 50 4 5 3 1 1 1 92.3077 88.8889 96.1538 95.7672 10250 100 100 1 4 
41 1.23423 95.9402 96.0225 252.076 15.5423 57.685 55.5 50 4 5 3 1 1 1 96.1538 90.2778 96.1538 93.8721 10500 100 100 1 4 
42 1.12244 95.7265 95.7547 245.818 15.302 57.88 55.125 50 4 5 3 1 1 1 94.2308 89.7436 98.0769 97.5758 10750 100 100 1 4 
43 1.43395 96.1538 96.1051 253.867 15.5483 58.48 55.25 50 4 4.75 3 1 1 1 94.2308 93.3333 94.2308 94.5467 11000 100 100 1 4 
44 1.38146 96.3675 96.317 254.507 15.5025 59.045 55.25 50 4 4.75 3 1 1 1 100 100 92.3077 91.0218 11250 100 100 1 4 
45 1.20202 96.5812 96.5575 248.741 15.3851 59.56 55.25 50 4 5 3 1 1 1 96.1538 96.1039 90.3846 89.7186 11500 100 100 1 4 
46 1.08471 95.9402 95.9325 247.912 15.3159 59.78 55.75 50 4 5 3 1 1 1 98.0769 97.8836 96.1538 95.7672 11750 100 100 1 4 
47 1.41488 96.3675 96.4702 263.446 15.7399 60.93 56.125 50 4 4.75 3 1 1 1 84.6154 76.2302 88.4615 86.1111 12000 100 100 1 4 
48 1.30549 96.1538 96.0706 249.808 15.3583 61.42 56.75 50 4 5.25 3 1 1 1 92.3077 93.8105 98.0769 98.433 12250 100 100 1 4 
49 1.40298 96.1538 96.0825 234.038 14.8426 61.76 58.5 50 4 5.25 3 1 1 1 94.2308 93.6706 98.0769 97.1429 12500 100 100 1 4 
50 1.23277 96.3675 96.3786 241.085 15.1229 61.91 58.875 50 4 5.5 3 1 1 1 100 100 96.1538 95.7672 12750 100 100 1 4 
51 1.18403 96.3675 96.4413 249.134 15.4103 62.385 59.375 50 4 5.5 3 1 1 1 100 100 96.1538 93.8721 13000 100 100 1 4 
52 1.46256 96.3675 96.3872 251.127 15.4757 62.45 59.5 50 4 6.25 3 1 1 1 98.0769 97.5758 94.2308 93.4848 13250 100 100 1 4 
53 1.57816 96.5812 96.5694 251.825 15.5035 62.7 60 50 4 6 3 1 1 1 94.2308 94.2002 92.3077 92.4603 13500 100 100 1 4 
54 1.51483 97.0085 96.9663 242.76 15.3019 62.76 59.625 50 4 5.25 3 1 1 1 92.3077 81.4815 90.3846 88.7996 13750 100 100 1 4 
55 1.14752 96.7949 96.7736 239.977 15.2057 63.135 59.75 50 4 5.5 3 1 1 1 88.4615 85.119 92.3077 91.6667 14000 100 100 1 4 
56 1.21464 96.3675 96.3639 234.249 15.01 63.18 60 50 4 5.5 3 1 1 1 98.0769 97.8836 96.1538 95.7672 14250 100 100 1 4 
57 1.59113 97.4359 97.4664 249.248 15.5031 63.91 60.25 50 4 5.5 3 1 1 1 84.6154 76.2302 84.6154 82.4339 14500 100 100 1 4 
58 1.66235 96.3675 96.3841 240.968 15.1801 64.2 60.875 50 4 6.25 3 1 1 1 82.6923 84.6439 94.2308 88.433 14750 100 100 1 4 
59 1.59252 98.7179 98.6842 241.229 15.2079 64.385 61.125 50 4 7.75 3 1 1 1 73.0769 74.359 100 100 15000 100 100 1 4 
60 1.74972 98.7179 98.7294 252.261 15.582 64.435 59.75 50 4 7.75 3 1 1 1 84.6154 77.7778 100 100 15250 100 100 1 4 
61 1.70518 98.7179 98.7491 259.844 15.8437 64.98 60.125 50 4 7.75 3 1 1 1 92.3077 80.5556 100 100 15500 100 100 1 4 
62 1.7618 98.7179 98.7323 260.248 15.833 65.24 60.5 50 4 7.75 3 1 1 1 88.4615 79.4872 100 100 15750 100 100 1 4 
63 1.65296 98.7179 98.6993 267.79 16.0603 65.775 61.25 50 4 7.75 3 1 1 1 84.6154 79.1667 100 100 16000 100 100 1 4 
64 1.78397 98.9316 98.9175 267.317 16.075 65.775 61.75 50 4 7.75 3 1 1 1 92.3077 81.4815 98.0769 97.7778 16250 100 100 1 4 
