# Created by main.cpp, 2016-05-16.15:16:23
# name: results
# type: matrix
# rows: 550
# columns: 21
0 1.09468 68.3333 56.924 172.978 13.0419 21.925 17.75 40 4 7.75 3 1 1 1 33.3333 0 99.8653 99.8485 1 4 
1 1.06151 68.3333 56.924 197.401 13.9555 23.425 17.75 40 4 7.25 3 1 1 1 33.3333 0 99.8653 99.8485 1 4 
2 1.11828 68.3333 56.924 219.864 14.7018 24.65 18.5 40 4 8 3 1 1 1 33.3333 0 99.8653 99.8485 1 4 
3 1.00374 70 57.2917 222.355 14.8986 25.9438 20.125 40 4 5.5 3 1 1 1 33.3333 0 99.8653 99.8485 1 4 
4 0.98589 70 57.2917 248.082 15.7256 27.3687 21.375 40 4 6.25 3 1 1 1 33.3333 0 99.8653 99.8485 1 4 
5 1.11359 71.6667 57.9657 251.542 15.831 28.5938 23.125 40 4 8.25 3 1 1 1 33.3333 0 99.8653 99.8485 1 4 
6 1.05258 71.6667 57.9657 271.687 16.4619 29.9375 24.875 40 4 5.5 3 1 1 1 33.3333 0 99.8653 99.8485 1 4 
7 1.08851 73.3333 58.3333 283.04 16.81 31.0688 28.375 40 4 6.75 3 1 1 1 33.3333 0 99.8653 99.8485 1 4 
8 1.03349 73.3333 58.3333 286.659 16.9113 32.3375 31.625 40 4 4.5 3 1 1 1 33.3333 0 99.8653 99.8485 1 4 
9 1.05364 73.3333 58.3333 286.192 16.8639 34.6062 33.125 40 4 6.5 3 1 1 1 33.3333 0 99.8653 99.8485 1 4 
10 1.0758 73.3333 58.3333 278.427 16.6118 35.7 34.75 40 4 5.75 3 1 1 1 33.3333 0 99.8653 99.8485 1 4 
11 1.09042 73.3333 58.3333 282.693 16.7046 36.4125 34.75 40 4 6.25 3 1 1 1 33.3333 0 99.8653 99.8485 1 4 
12 1.12247 73.3333 58.3333 288.254 16.8641 37.3813 35.875 40 4 6.75 3 1 1 1 33.3333 0 99.8653 99.8485 1 4 
13 1.03921 73.3333 58.3333 299.73 17.2327 39.2625 36.875 40 4 6 3 1 1 1 33.3333 0 99.8653 99.8485 1 4 
14 1.24243 80 68.75 308.52 17.5221 40.15 37.625 40 4 5.75 3 1 1 1 33.3333 0 99.8653 99.8485 1 4 
15 1.10521 80 68.75 308.935 17.5246 42.0875 39.125 40 4 5.25 3 1 1 1 33.3333 0 99.8653 99.8485 1 4 
16 1.26211 80 68.75 311.489 17.5725 43.1625 43.125 40 4 5.75 3 1 1 1 33.3333 0 99.8653 99.8485 1 4 
17 1.19392 80 68.75 294.915 17.1185 44.275 49.375 40 4 6.75 3 1 1 1 33.3333 0 99.8653 99.8485 1 4 
18 1.23655 80 68.75 286.873 16.8466 45.625 50.5 40 4 5.75 3 1 1 1 33.3333 0 99.8653 99.8485 1 4 
19 1.19392 80 68.75 279.389 16.6439 46.8688 51.75 40 4 6.75 3 1 1 1 33.3333 0 99.8653 99.8485 1 4 
20 1.18218 80 68.75 264.671 16.1898 47.7063 52.625 40 4 5 3 1 1 1 33.3333 0 99.8653 99.8485 1 4 
21 1.27077 80 68.75 254.36 15.8516 48.2312 52.875 40 4 6.5 3 1 1 1 33.3333 0 99.8653 99.8485 1 4 
22 1.26367 80 68.75 255.158 15.8643 48.9188 53 40 4 5.75 3 1 1 1 33.3333 0 99.8653 99.8485 1 4 
23 1.03843 80 68.75 252.265 15.7544 49.4562 53.125 40 4 5 3 1 1 1 33.3333 0 99.8653 99.8485 1 4 
24 1.2334 78.3333 70.7234 247.698 15.6102 50.3687 53.25 40 4 5 3 1 1 1 33.3333 0 99.8653 99.8485 1 4 
25 1.07528 78.3333 70.7234 240.309 15.3768 50.7062 53.25 40 4 4.5 3 1 1 1 33.3333 0 99.8653 99.8485 1 4 
26 1.2334 78.3333 70.7234 236.112 15.2143 50.9875 53.125 40 4 5 3 1 1 1 33.3333 0 99.8653 99.8485 1 4 
27 1.17335 78.3333 70.7234 232.283 15.045 51.6937 53.5 40 4 5.5 3 1 1 1 33.3333 0 99.8653 99.8485 1 4 
28 1.15366 78.3333 70.7234 238.361 15.1675 52.7313 53.875 40 4 5.5 3 1 1 1 33.3333 0 99.8653 99.8485 1 4 
29 1.18537 85 81.1401 233.489 15.0009 53.2687 53.625 40 4 4.75 3 1 1 1 33.3333 0 99.8653 99.8485 1 4 
30 1.16568 85 81.1401 233.853 15.0025 53.1937 53.625 40 4 4.75 3 1 1 1 33.3333 0 99.8653 99.8485 1 4 
31 1.18893 85 81.1401 232.55 14.8598 54.3125 54.875 40 4 4.75 3 1 1 1 33.3333 0 99.8653 99.8485 1 4 
32 1.19521 85 81.1401 215.829 14.287 55.0563 57.25 40 4 4.75 3 1 1 1 33.3333 0 99.8653 99.8485 1 4 
33 1.21401 85 81.1401 215.287 14.2419 55.4875 57.25 40 4 5 3 1 1 1 33.3333 0 99.8653 99.8485 1 4 
34 1.25184 86.6667 83.0556 187.28 13.3822 56.9438 59.125 40 4 4 3 1 1 1 33.3333 0 99.8653 99.8485 1 4 
35 1.24278 88.3333 84.5328 182.768 13.1929 57.3937 59.625 40 4 4 3 1 1 1 33.3333 0 99.8653 99.8485 1 4 
36 1.24669 88.3333 84.5328 173.313 12.798 57.6562 59.625 40 4 4 3 1 1 1 33.3333 0 99.8653 99.8485 1 4 
37 1.24766 88.3333 84.5328 180.271 13.1103 58.2437 59.75 40 4 4 3 1 1 1 33.3333 0 99.8653 99.8485 1 4 
38 1.29548 88.3333 84.5328 180.156 13.0786 58.9312 59.75 40 4 4.75 3 1 1 1 33.3333 0 99.8653 99.8485 1 4 
39 1.29646 88.3333 84.5328 175.669 12.8931 59.6063 60.5 40 4 4.75 3 1 1 1 33.3333 0 99.8653 99.8485 1 4 
40 1.24769 88.3333 84.5328 176.265 12.874 59.8312 60.5 40 4 4 3 1 1 1 33.3333 0 99.8653 99.8485 1 4 
41 1.30013 88.3333 84.5328 163.603 12.2795 60.1187 61.125 40 4 4.75 3 1 1 1 33.3333 0 99.8653 99.8485 1 4 
42 1.2145 88.3333 84.5328 166.381 12.4236 60.4375 61.375 40 4 4 3 1 1 1 31.6667 0 99.8653 99.8485 1 4 
43 1.29486 88.3333 84.5328 166.299 12.419 60.4125 61.25 40 4 4.75 3 1 1 1 30 0 99.8653 99.8485 1 4 
44 1.2145 88.3333 84.5328 146.698 11.5489 61.3125 61.75 40 4 4 3 1 1 1 26.6667 0 99.8653 99.8485 1 4 
45 1.29391 88.3333 84.5328 145.426 11.4712 61.3937 62 40 4 4.75 3 1 1 1 26.6667 0 99.8653 99.8485 1 4 
46 1.20056 88.3333 84.5328 143.515 11.4061 61.6687 62.125 40 4 4 3 1 1 1 26.6667 0 99.8653 99.8485 1 4 
47 1.2909 88.3333 84.5328 151.6 11.7133 62.2437 62.875 40 4 4.75 3 1 1 1 26.6667 0 99.8653 99.8485 1 4 
48 1.23872 88.3333 84.5328 146.17 11.3111 62.4125 63.125 40 4 4 3 1 1 1 26.6667 0 99.8653 99.8485 1 4 
49 1.33562 88.3333 84.5328 151.061 11.5626 62.8812 64.75 40 4 5 3 1 1 1 25 0 99.8653 99.8485 1 4 
50 1.54115 90 85.8333 157.686 11.8643 63.7562 62.5 40 4 4.5 3 1 1 1 33.3333 0 99.8653 99.8485 1 4 
51 1.57565 90 85.8333 156.829 11.6777 64.225 63.125 40 4 5.5 3 1 1 1 33.3333 0 99.8653 99.8485 1 4 
52 1.37343 90 85.8333 137.128 10.8796 65.0062 63.125 40 4 5.75 3 1 1 1 33.3333 0 99.8653 99.8485 1 4 
53 1.54551 90 85.8333 137.62 10.8944 65.0562 64.125 40 4 4.5 3 1 1 1 33.3333 0 99.8653 99.8485 1 4 
54 1.57588 90 85.8333 137.826 10.9159 65.5813 64.75 40 4 5.5 3 1 1 1 33.3333 0 99.8653 99.8485 1 4 
55 1.37231 90 85.8333 141.719 10.9929 65.9437 65.625 40 4 6 3 1 1 1 33.3333 0 99.8653 99.8485 1 4 
56 1.54575 90 85.8333 138.889 10.6295 66.25 66.625 40 4 4.5 3 1 1 1 33.3333 0 99.8653 99.8485 1 4 
57 1.37254 90 85.8333 133.913 10.4662 66.5625 66.75 40 4 6 3 1 1 1 33.3333 0 99.8653 99.8485 1 4 
58 1.4809 90 85.8333 131.933 10.3642 66.8312 66.875 40 4 4 3 1 1 1 33.3333 0 99.8653 99.8485 1 4 
59 1.41682 90 85.8333 133.225 10.5372 66.9313 66.875 40 4 5 3 1 1 1 33.3333 0 99.8653 99.8485 1 4 
60 1.57129 88.3333 87.0925 147.483 11.7633 67.8063 67.25 40 4 4.5 3 1 1 1 33.3333 0 99.8653 99.8485 1 4 
61 1.46396 95 94.4185 154.978 12.2248 68.25 68 40 4 5 3 1 1 1 33.3333 0 99.8653 99.8485 1 4 
62 1.57746 95 94.4185 156.582 12.2812 68.4313 68.5 40 4 5.25 3 1 1 1 33.3333 0 99.8653 99.8485 1 4 
63 1.46391 95 94.4185 162.338 12.638 69.1063 70 40 4 5 3 1 1 1 33.3333 0 99.8653 99.8485 1 4 
64 1.57793 96.6667 96.25 169.199 12.9397 69.525 70.125 40 4 5.25 3 1 1 1 33.3333 0 99.8653 99.8485 1 4 
65 1.67319 96.6667 96.25 175.741 13.1755 69.9562 70.125 40 4 4.5 3 1 1 1 33.3333 0 99.8653 99.8485 1 4 
66 1.59758 96.6667 96.25 175.037 13.1513 70.2687 70.125 40 4 4.5 3 1 1 1 33.3333 0 99.8653 99.8485 1 4 
67 1.69044 96.6667 96.25 186.559 13.5389 70.9 70.25 40 4 4.5 3 1 1 1 33.3333 0 99.8653 99.8485 1 4 
68 1.46986 96.6667 96.25 185.975 13.5195 70.9187 70.25 40 4 5 3 1 1 1 33.3333 0 99.8653 99.8485 1 4 
69 1.58799 96.6667 96.25 185.768 13.5122 71.2062 70.25 40 4 5.25 3 1 1 1 33.3333 0 99.8653 99.8485 1 4 
70 1.47476 96.6667 96.25 178.848 13.2335 71.5625 71.25 40 4 5 3 1 1 1 33.3333 0 99.8653 99.8485 1 4 
71 1.58799 96.6667 96.25 178.474 13.221 71.7313 72.25 40 4 5.25 3 1 1 1 33.3333 0 99.8653 99.8485 1 4 
72 1.47159 96.6667 96.25 180.623 13.2897 71.9875 72.25 40 4 5 3 1 1 1 33.3333 0 99.8653 99.8485 1 4 
73 1.58799 96.6667 96.25 179.933 13.2374 72.7062 72.75 40 4 5.25 3 1 1 1 33.3333 0 99.8653 99.8485 1 4 
74 1.46986 96.6667 96.25 181.641 13.2958 72.85 72.75 40 4 5 3 1 1 1 33.3333 0 99.8653 99.8485 1 4 
75 1.65815 96.6667 96.25 178.486 13.1816 73.3125 72.75 40 4 4.5 3 1 1 1 33.3333 0 99.8653 99.8485 1 4 
76 1.64224 96.6667 96.25 183.309 13.3414 73.875 73.5 40 4 4.5 3 1 1 1 33.3333 0 99.8653 99.8485 1 4 
