# Created by main.cpp, 2016-05-25.10:54:11
# name: results
# type: matrix
# rows: 150
# columns: 21
0 2.21694 95 95.7516 111.666 9.27678 83.85 86 50 4 6.75 3 1 1 1 6.66667 0 99.06 99.2424 1 4 
1 2.28386 95 95.7516 112.555 9.31995 83.93 86 50 4 6.75 3 1 1 1 6.66667 0 99.06 99.2424 1 4 
2 2.21694 95 95.7516 107.178 9.1543 84.105 86.625 50 4 6.75 3 1 1 1 6.66667 0 99.06 99.2424 1 4 
3 2.28386 95 95.7516 108.462 9.19564 84.225 86.625 50 4 6.75 3 1 1 1 6.66667 0 99.06 99.2424 1 4 
4 2.17132 95 95.7516 112.442 9.42851 84.37 86.625 50 4 6.75 3 1 1 1 6.66667 0 99.06 99.2424 1 4 
5 2.19061 95 95.7516 113.589 9.45027 84.545 87.25 50 4 6.75 3 1 1 1 6.66667 0 99.06 99.2424 1 4 
6 2.17132 95 95.7516 101.98 9.05241 84.89 87.25 50 4 6.75 3 1 1 1 6.66667 0 99.06 99.2424 1 4 
7 2.19061 95 95.7516 102.078 9.05707 84.915 87.25 50 4 6.75 3 1 1 1 6.66667 0 99.06 99.2424 1 4 
8 2.17169 95 95.7516 109.281 9.43457 85.14 87.25 50 4 6.75 3 1 1 1 6.66667 0 99.06 99.2424 1 4 
9 2.15236 98.3333 98.6869 109.663 9.44779 85.22 87.25 50 4 6.75 3 1 1 1 6.66667 0 99.06 99.2424 1 4 
10 2.13423 98.3333 98.6869 108.265 9.39915 85.295 87.25 50 4 6.75 3 1 1 1 6.66667 0 99.06 99.2424 1 4 
11 2.15193 98.3333 98.6869 107.886 9.38585 85.27 87.25 50 4 6.75 3 1 1 1 6.66667 0 99.06 99.2424 1 4 
12 2.13423 98.3333 98.6869 107.437 9.35348 85.31 87.25 50 4 6.75 3 1 1 1 6.66667 0 99.06 99.2424 1 4 
13 2.15165 98.3333 98.6869 107.758 9.36465 85.385 87.25 50 4 6.75 3 1 1 1 6.66667 0 99.06 99.2424 1 4 
14 2.1118 98.3333 98.6869 107.758 9.34655 85.435 87.25 50 4 6.75 3 1 1 1 6.66667 0 99.06 99.2424 1 4 
15 2.24068 98.3333 98.6869 112.307 9.55749 85.505 87.25 50 4 6.75 3 1 1 1 6.66667 0 99.06 99.2424 1 4 
16 2.17675 98.3333 98.7179 115.182 9.6881 85.89 87.25 50 4 7 3 1 1 1 6.66667 0 99.06 99.2424 1 4 
17 2.20539 98.3333 98.7179 114.47 9.66876 86.36 87.875 50 4 6.5 3 1 1 1 6.66667 0 99.06 99.2424 1 4 
18 1.89208 98.3333 98.7179 118.072 9.77851 86.515 87.875 50 4 7 3 1 1 1 6.66667 0 99.06 99.2424 1 4 
19 2.20155 98.3333 98.7179 120.193 9.83251 86.735 87.875 50 4 6.75 3 1 1 1 6.66667 0 99.06 99.2424 1 4 
20 1.89208 98.3333 98.7179 125.483 10.0084 86.9 87.875 50 4 7 3 1 1 1 6.66667 0 99.06 99.2424 1 4 
21 2.33236 98.3333 98.7179 133.04 10.2438 87.04 87.25 50 4 6.75 3 1 1 1 6.66667 0 99.06 99.2424 1 4 
22 1.9089 100 100 133.04 10.2438 87.04 87.25 50 4 7.25 3 1 1 1 6.66667 0 99.06 99.2424 1 4 
23 2.22727 100 100 132.821 10.2371 87.08 87.25 50 4 6.75 3 1 1 1 6.66667 0 99.06 99.2424 1 4 
24 2.30549 100 100 132.883 10.239 87.055 87.25 50 4 6.75 3 1 1 1 6.66667 0 99.06 99.2424 1 4 
25 2.29898 100 100 132.815 10.2362 87.135 87.875 50 4 6.75 3 1 1 1 6.66667 0 99.06 99.2424 1 4 
26 2.30543 100 100 132.815 10.2362 87.135 87.875 50 4 6.75 3 1 1 1 6.66667 0 99.06 99.2424 1 4 
27 2.29886 100 100 128.248 10.0462 87.35 87.875 50 4 6.75 3 1 1 1 6.66667 0 99.06 99.2424 1 4 
28 2.30549 100 100 127.523 10.0143 87.43 88.5 50 4 6.75 3 1 1 1 6.66667 0 99.06 99.2424 1 4 
29 2.30098 100 100 129.37 10.0705 87.455 88.5 50 4 6.75 3 1 1 1 6.66667 0 99.06 99.2424 1 4 
30 2.33034 100 100 138.44 10.311 88.05 88.5 50 4 6.75 3 1 1 1 6.66667 0 99.06 99.2424 1 4 
31 2.29898 100 100 127.429 9.66475 88.45 88.5 50 4 6.75 3 1 1 1 6.66667 0 99.06 99.2424 1 4 
32 2.29828 100 100 126.9 9.4637 88.545 88.5 50 4 6.75 3 1 1 1 6.66667 0 99.06 99.2424 1 4 
33 2.19003 100 100 126.445 9.45103 88.715 89.25 50 4 7 3 1 1 1 6.66667 0 99.06 99.2424 1 4 
34 2.29828 100 100 120.607 9.15991 89 89.25 50 4 6.75 3 1 1 1 6.66667 0 99.06 99.2424 1 4 
35 2.27959 100 100 120.607 9.15991 89 89.25 50 4 6.75 3 1 1 1 6.66667 0 99.06 99.2424 1 4 
36 2.33225 100 100 119.627 9.08091 89.24 89.25 50 4 6.75 3 1 1 1 6.66667 0 99.06 99.2424 1 4 
37 2.29758 100 100 121.064 9.12041 89.315 89.25 50 4 6.75 3 1 1 1 6.66667 0 99.06 99.2424 1 4 
38 2.32565 100 100 124.066 9.20473 89.4 89.25 50 4 7 3 1 1 1 6.66667 0 99.06 99.2424 1 4 
39 2.33773 100 100 118.43 8.81754 89.53 89.25 50 4 6.75 3 1 1 1 6.66667 0 99.06 99.2424 1 4 
40 2.29776 100 100 123.749 8.95851 89.91 89.25 50 4 6.75 3 1 1 1 6.66667 0 99.06 99.2424 1 4 
41 1.92212 100 100 124.633 8.98155 90.045 89.25 50 4 6.75 3 1 1 1 6.66667 0 99.06 99.2424 1 4 
42 2.29828 100 100 124.633 8.98155 90.045 89.25 50 4 6.75 3 1 1 1 6.66667 0 99.06 99.2424 1 4 
43 2.32705 100 100 126.393 9.02593 90.065 89.25 50 4 7 3 1 1 1 6.66667 0 99.06 99.2424 1 4 
44 2.29828 100 100 124.788 8.95242 90.255 89.375 50 4 6.75 3 1 1 1 6.66667 0 99.06 99.2424 1 4 
45 2.22567 100 100 135.261 9.21556 90.535 89.375 50 4 6.75 3 1 1 1 6.66667 0 99.06 99.2424 1 4 
46 2.2862 100 100 135.181 9.21114 90.51 89.375 50 4 6.75 3 1 1 1 6.66667 0 99.06 99.2424 1 4 
47 2.33178 100 100 135.061 9.14048 90.535 89.375 50 4 6.75 3 1 1 1 6.66667 0 99.06 99.2424 1 4 
48 2.29777 100 100 134.03 9.18496 90.625 90 50 4 6.75 3 1 1 1 6.66667 0 99.06 99.2424 1 4 
49 2.31855 100 100 134.255 9.19737 90.7 90 50 4 6.75 3 1 1 1 6.66667 0 99.06 99.2424 1 4 
50 2.28148 100 100 131.921 9.13957 90.775 90.5 50 4 6.75 3 1 1 1 6.66667 0 99.06 99.2424 1 4 
51 2.31062 100 100 134.108 9.19376 90.83 90.5 50 4 6.25 3 1 1 1 6.66667 0 99.06 99.2424 1 4 
52 2.29828 100 100 134.108 9.19376 90.83 90.5 50 4 6.75 3 1 1 1 6.66667 0 99.06 99.2424 1 4 
53 2.31386 100 100 134.108 9.19376 90.83 90.5 50 4 7 3 1 1 1 6.66667 0 99.06 99.2424 1 4 
54 2.29884 100 100 133.867 9.18781 90.835 90.5 50 4 6.75 3 1 1 1 6.66667 0 99.06 99.2424 1 4 
55 2.31909 100 100 131.993 9.08227 90.86 90.5 50 4 6.75 3 1 1 1 6.66667 0 99.06 99.2424 1 4 
56 1.90847 100 100 131.993 9.08227 90.86 90.5 50 4 7 3 1 1 1 6.66667 0 99.06 99.2424 1 4 
57 2.25849 100 100 131.993 9.08227 90.86 90.5 50 4 6.75 3 1 1 1 6.66667 0 99.06 99.2424 1 4 
58 2.29454 100 100 131.241 9.06367 91 90.5 50 4 6.5 3 1 1 1 6.66667 0 99.06 99.2424 1 4 
59 2.19136 100 100 131.241 9.06367 91 90.5 50 4 6.75 3 1 1 1 6.66667 0 99.06 99.2424 1 4 
60 1.89007 100 100 131.252 9.06458 91.025 90.5 50 4 6.75 3 1 1 1 6.66667 0 99.06 99.2424 1 4 
61 2.30847 100 100 129.882 9.03055 91 90.5 50 4 6.75 3 1 1 1 6.66667 0 99.06 99.2424 1 4 
62 2.29828 100 100 127.355 8.73251 91.275 90.5 50 4 6.75 3 1 1 1 6.66667 0 99.06 99.2424 1 4 
63 2.31386 100 100 129.066 8.77425 91.235 90.5 50 4 7 3 1 1 1 6.66667 0 99.06 99.2424 1 4 
64 2.26007 100 100 132.729 8.86247 91.325 90.5 50 4 6.75 3 1 1 1 6.66667 0 99.06 99.2424 1 4 
65 2.22966 100 100 132.729 8.86247 91.325 90.5 50 4 6.75 3 1 1 1 6.66667 0 99.06 99.2424 1 4 
66 2.19385 100 100 130.143 8.80036 91.4 90.5 50 4 7 3 1 1 1 6.66667 0 99.06 99.2424 1 4 
67 2.31855 100 100 130.143 8.80036 91.4 90.5 50 4 6.75 3 1 1 1 6.66667 0 99.06 99.2424 1 4 
68 2.22198 100 100 132.716 8.86252 91.51 90.5 50 4 7 3 1 1 1 6.66667 0 99.06 99.2424 1 4 
69 2.2133 100 100 132.716 8.86252 91.51 90.5 50 4 6.75 3 1 1 1 6.66667 0 99.06 99.2424 1 4 
70 2.29885 100 100 131.866 8.84218 91.75 91.125 50 4 6.75 3 1 1 1 6.66667 0 99.06 99.2424 1 4 
71 2.31844 100 100 132.684 9.11035 91.685 91.125 50 4 6.75 3 1 1 1 6.66667 0 99.06 99.2424 1 4 
72 2.24861 100 100 133.94 9.14037 91.71 91.125 50 4 6.75 3 1 1 1 6.66667 0 99.06 99.2424 1 4 
73 2.09282 100 100 133.405 9.1276 91.725 91.125 50 4 5.5 3 1 1 1 6.66667 0 99.06 99.2424 1 4 
74 2.29936 100 100 133.405 9.1276 91.725 91.125 50 4 6.75 3 1 1 1 6.66667 0 99.06 99.2424 1 4 
75 2.29916 100 100 135.895 9.18678 91.775 91.125 50 4 7 3 1 1 1 6.66667 0 99.06 99.2424 1 4 
76 2.3191 100 100 136.163 9.19311 91.855 91.125 50 4 6.75 3 1 1 1 6.66667 0 99.06 99.2424 1 4 
77 2.13243 100 100 138.885 9.25551 92.02 92.25 50 4 6 3 1 1 1 6.66667 0 99.06 99.2424 1 4 
78 1.94123 100 100 139.753 9.27572 92.055 92.25 50 4 7 3 1 1 1 6.66667 0 99.06 99.2424 1 4 
79 2.32456 100 100 140.929 9.30307 92.105 92.25 50 4 6.75 3 1 1 1 6.66667 0 99.06 99.2424 1 4 
80 2.32981 100 100 136.955 8.85665 92.3 92.25 50 4 6.75 3 1 1 1 6.66667 0 99.06 99.2424 1 4 
81 2.32468 100 100 136.955 8.85665 92.3 92.25 50 4 6.75 3 1 1 1 6.66667 0 99.06 99.2424 1 4 
82 2.1056 100 100 135.192 8.8161 92.24 92.25 50 4 5.75 3 1 1 1 6.66667 0 99.06 99.2424 1 4 
