# Created by main.cpp, 2016-06-08.02:55:57
# name: results
# type: matrix
# rows: 300
# columns: 24
0 0.435309 60.7654 52.9098 78.315 8.79118 20.1393 18.2667 100 13 13.3333 3 1.3 1 1 38.6914 22.0432 53.7778 44.5655 500 86.1621 85.9259 1 30 
1 0.42321 61.9012 54.0971 91.52 9.52746 21.509 18.9667 100 13 12.9667 3 1.4 1 1 40.963 24.0235 54.4444 45.6596 1000 86.1621 85.9259 1 30 
2 0.417037 62.5185 55.5406 104.134 10.1693 22.782 19 100 13 12.7 3 1.5 1 1 41.2593 24.5109 56.2222 48.3881 1500 86.1621 85.9259 1 30 
3 0.419506 63.2346 57.0259 113.158 10.5994 23.7407 19.0167 100 13 12.1 3 1.5 1 1 41.3086 24.621 57.1111 48.8345 2000 86.1621 85.9259 1 30 
4 0.430864 62.8395 57.2976 119.572 10.906 24.7293 19.1667 100 13 11.2 3 1.46667 1 1 41.3827 24.7861 57.5556 48.7357 2500 86.1621 85.9259 1 30 
5 0.42 63.3333 58.1499 125.886 11.1874 25.6763 19.5333 100 13 11.2333 3 1.46667 1 1 41.3827 24.7861 57.7778 49.6547 3000 86.1621 85.9259 1 30 
6 0.408148 63.4074 58.3292 132.467 11.4781 26.6597 20.1167 100 13 12.2667 3 1.5 1 1 41.3827 24.8166 54.6667 47.8459 3500 86.1621 85.9259 1 30 
7 0.378519 65.2593 60.4535 140.934 11.8441 27.6053 20.9167 100 13 11.7 3 1.5 1 1 41.4815 25.0069 56.6667 49.9271 4000 86.1621 85.9259 1 30 
8 0.378765 65.1605 60.6318 142.647 11.9192 28.3107 22.1167 100 13 11.0667 3 1.46667 1 1 41.5802 25.236 56.6667 49.8382 4500 86.1621 85.9259 1 30 
9 0.384691 64.7901 60.8991 144.535 12.001 28.938 23 100 13 11.2333 3 1.4 1 1 41.6543 25.3511 56.2222 48.7832 5000 86.1621 85.9259 1 30 
10 0.373333 65.9259 62.6404 148.669 12.1705 29.7817 24.75 100 13 11.0667 3 1.4 1 1 42.321 26.6032 56.6667 48.17 5500 86.1621 85.9259 1 30 
11 0.37284 66.642 63.6325 151.281 12.2814 30.4493 26.4667 100 13 11.2333 3 1.46667 1 1 42.642 27.2416 59.1111 50.4834 6000 86.1621 85.9259 1 30 
12 0.369136 66.9383 63.7234 151.535 12.293 31.0797 27.7167 100 13 11.3 3 1.43333 1 1 43.2593 28.483 59.1111 50.581 6500 86.1621 85.9259 1 30 
13 0.355802 67.3827 64.4977 152.999 12.3534 31.5937 28.6333 100 13 11.7 3 1.43333 1 1 44.8642 31.1911 58.2222 49.1831 7000 86.1621 85.9259 1 30 
14 0.360247 67.4568 64.6422 153.194 12.3608 32.1533 29.8 100 13 12.7 3 1.43333 1 1 47.2346 34.8598 58.4444 49.4999 7500 86.1621 85.9259 1 30 
15 0.359012 67.8025 64.7922 153.374 12.368 32.7973 31.3 100 13 12.8333 3 1.5 1 1 50.1481 39.2088 59.1111 50.9944 8000 86.1621 85.9259 1 30 
16 0.357037 68 65.054 152.809 12.3454 33.3857 32.5667 100 13 12.6 3 1.5 1 1 52.9136 42.812 60.2222 52.644 8500 86.1621 85.9259 1 30 
17 0.352593 68.2963 65.6661 152.506 12.3359 33.8933 33.7667 100 13 12.0333 3 1.53333 1 1 55.9259 46.9791 60 51.3339 9000 86.1621 85.9259 1 30 
18 0.346914 68.8642 66.5308 151.912 12.3094 34.421 34.9167 100 13 12.0333 3 1.5 1 1 58.8889 51.1536 62 52.111 9500 86.1621 85.9259 1 30 
19 0.355556 69.3333 67.1483 150.287 12.2423 34.941 35.7167 100 13 11.9 3 1.5 1 1 63.0617 56.7071 61.7778 51.7592 10000 86.1621 85.9259 1 30 
20 0.348889 69.8519 67.8874 149.033 12.1902 35.4723 36.65 100 13 12 3 1.53333 1 1 65.8765 60.4751 63.5556 53.1324 10500 86.1621 85.9259 1 30 
21 0.338025 70.5679 69.1747 148.193 12.1542 36.0413 37.4333 100 13 11.9 3 1.5 1 1 68.0988 63.745 64.8889 55.1275 11000 86.1621 85.9259 1 30 
22 0.335802 70.7901 69.7503 145.87 12.0562 36.5517 38.2167 100 13 12.3333 3 1.5 1 1 70.8148 67.7418 66.6667 57.5689 11500 86.1621 85.9259 1 30 
23 0.349877 71.3086 70.6815 145.77 12.0495 37.0587 38.9333 100 13 11.9667 3 1.46667 1 1 73.0617 70.9162 69.1111 60.0851 12000 86.1621 85.9259 1 30 
24 0.349383 71.358 70.7428 143.094 11.9344 37.5063 39.45 100 13 11.9667 3 1.46667 1 1 75.5062 74.006 69.1111 60.0851 12500 86.1621 85.9259 1 30 
25 0.344198 72.2469 71.6522 141.909 11.879 38.0087 39.8833 100 13 11.4333 3 1.5 1 1 77.2346 76.3033 70 60.7943 13000 86.1621 85.9259 1 30 
26 0.337284 72.4938 71.9033 139.834 11.7906 38.4523 40.4667 100 13 11.3 3 1.5 1 1 78.4444 77.8006 70.4444 61.117 13500 86.1621 85.9259 1 30 
27 0.343704 72.7407 72.3117 138.121 11.7125 38.8293 40.85 100 13 11.2667 3 1.53333 1 1 79.4321 78.9675 71.5556 61.9915 14000 86.1621 85.9259 1 30 
28 0.343704 72.7407 72.3117 134.984 11.5776 39.2547 41.35 100 13 11.2667 3 1.53333 1 1 80.4198 80.1496 71.5556 61.9915 14500 86.1621 85.9259 1 30 
29 0.343457 72.7654 72.3391 133.871 11.5315 39.586 41.8167 100 13 11.6333 3 1.53333 1 1 81.1111 80.8893 71.3333 61.7255 15000 86.1621 85.9259 1 30 
30 0.343457 72.7654 72.3391 131.209 11.4132 39.9273 42.05 100 13 11.6333 3 1.53333 1 1 81.5556 81.4587 71.3333 61.7255 15500 86.1621 85.9259 1 30 
31 0.343457 72.7654 72.3391 129.271 11.3287 40.184 42.3667 100 13 11.6333 3 1.53333 1 1 82.0741 82.0833 71.3333 61.7255 16000 86.1621 85.9259 1 30 
32 0.332099 72.9383 72.4026 127.762 11.2624 40.556 42.8833 100 13 11.7333 3 1.5 1 1 82.9383 82.9733 70.6667 61.7017 16500 86.1621 85.9259 1 30 
33 0.331852 72.963 72.4268 125.479 11.1644 40.8473 43.1 100 13 11.7333 3 1.5 1 1 83.2593 83.3114 70.6667 61.7017 17000 86.1621 85.9259 1 30 
34 0.332099 73.0864 72.5563 122.293 11.0179 41.169 43.45 100 13 11.9 3 1.5 1 1 83.5802 83.6226 71.1111 62.8711 17500 86.1621 85.9259 1 30 
35 0.320494 73.6543 73.2337 120.023 10.9145 41.4497 43.7 100 13 11.7667 3 1.5 1 1 83.8519 83.9053 72.2222 63.4182 18000 86.1621 85.9259 1 30 
36 0.316049 74.0988 73.7353 118.544 10.8424 41.8203 44.05 100 13 12 3 1.5 1 1 84.2222 84.3423 72.2222 63.1414 18500 86.1621 85.9259 1 30 
37 0.314815 74.2222 73.8526 116.847 10.7632 42.085 44.2833 100 13 12 3 1.5 1 1 84.5926 84.6847 72.2222 63.1414 19000 86.1621 85.9259 1 30 
38 0.314568 74.3951 74.1159 114.708 10.6626 42.3953 44.6333 100 13 12 3 1.5 1 1 85.1111 85.2191 72.2222 62.6557 19500 86.1621 85.9259 1 30 
39 0.314568 74.3951 74.1173 111.972 10.5275 42.6423 44.8833 100 13 12 3 1.5 1 1 85.2346 85.3748 72.2222 62.6557 20000 86.1621 85.9259 1 30 
40 0.311111 74.6667 74.467 110.761 10.4712 42.8987 45.1167 100 13 11.8333 3 1.5 1 1 85.284 85.4207 73.7778 63.8105 20500 86.1621 85.9259 1 30 
41 0.31037 74.7407 74.4912 108.661 10.3633 43.1337 45.35 100 13 12 3 1.5 1 1 85.3827 85.5633 73.3333 63.9754 21000 86.1621 85.9259 1 30 
42 0.309136 74.8642 74.5998 105.975 10.2283 43.41 45.6167 100 13 12 3 1.5 1 1 85.4568 85.6415 73.5556 64.8522 21500 86.1621 85.9259 1 30 
43 0.307654 75.0123 74.7728 103.326 10.0972 43.6613 45.7167 100 13 12 3 1.5 1 1 85.5309 85.7169 73.5556 64.8379 22000 86.1621 85.9259 1 30 
44 0.294815 75.037 74.794 102.005 10.0323 43.8503 45.8333 100 13 12.1333 3 1.5 1 1 85.679 85.8615 72.8889 64.8826 22500 86.1621 85.9259 1 30 
45 0.294815 75.037 74.794 99.82 9.92211 44.0927 46 100 13 12.1333 3 1.5 1 1 85.8025 85.9675 72.8889 64.8826 23000 86.1621 85.9259 1 30 
46 0.292346 75.358 75.2213 97.7124 9.80862 44.3393 46.1833 100 13 12.1333 3 1.5 1 1 85.8272 86.0331 73.1111 65.0987 23500 86.1621 85.9259 1 30 
47 0.29284 75.3827 75.2468 96.6472 9.75435 44.5507 46.4 100 13 12.1333 3 1.5 1 1 86.0247 86.2874 73.1111 65.0987 24000 86.1621 85.9259 1 30 
48 0.297037 75.4815 75.3211 94.802 9.66309 44.7557 46.55 100 13 12 3 1.5 1 1 86.2716 86.5328 72.8889 64.8012 24500 86.1621 85.9259 1 30 
49 0.298519 75.6296 75.8026 93.0018 9.55837 45.0037 46.65 100 13 12.0333 3 1.56667 1 1 86.3457 86.6055 73.7778 65.0692 25000 86.1621 85.9259 1 30 
50 0.298272 75.6543 75.8293 91.8338 9.49561 45.1907 46.7 100 13 12.0333 3 1.56667 1 1 86.3704 86.63 73.7778 65.0692 25500 86.1621 85.9259 1 30 
51 0.30716 75.8025 75.961 91.8939 9.50327 45.35 46.8 100 13 12.1333 3 1.6 1 1 86.5432 86.8257 74.6667 66.22 26000 86.1621 85.9259 1 30 
52 0.30716 75.8025 75.961 90.843 9.45479 45.5347 46.9333 100 13 12.1333 3 1.6 1 1 86.642 86.9281 74.6667 66.22 26500 86.1621 85.9259 1 30 
53 0.295802 75.8272 76.0736 90.7561 9.45209 45.7573 47.1 100 13 12.3667 3 1.56667 1 1 86.6667 86.9542 74.8889 66.2724 27000 86.1621 85.9259 1 30 
54 0.290864 76.0988 76.3296 90.7635 9.45109 45.8977 47.25 100 13 12.3667 3 1.56667 1 1 86.7407 87.0281 74.6667 66.1179 27500 86.1621 85.9259 1 30 
