# Created by main.cpp, 2016-06-29.12:33:09
# name: results
# type: matrix
# rows: 100
# columns: 17
0 20 53.3985 35.5029 0.466015 55.0735 36.0654 0.449265 52.7941 35.9314 0.472059 -1 -1 -1 2 1 10 
1 20 65.9169 41.1295 0.340831 66.3971 41.1464 0.336029 64.1176 41.0131 0.358824 -1 -1 -1 2 1 10 
2 20 65.9169 41.1295 0.340831 66.3971 41.1464 0.336029 64.1176 41.0131 0.358824 -1 -1 -1 2 1 10 
3 20 68.4841 47.7882 0.315159 70.0735 50.0831 0.299265 68.75 50.5678 0.3125 -1 -1 -1 2 1 10 
4 20 86.7482 82.3197 0.132518 89.5588 85.9161 0.104412 88.4559 85.029 0.115441 -1 -1 -1 2 1 10 
5 20 87.6284 83.4942 0.123716 88.6765 85.0911 0.113235 88.5294 85.1947 0.114706 -1 -1 -1 2 1 10 
6 20 91.1736 89.7283 0.0882641 89.7059 88.7866 0.102941 91.9118 91.1 0.0808824 -1 -1 -1 2 1 10 
7 20 91.4181 89.9839 0.0858191 90.4412 89.5162 0.0955882 92.4265 91.6163 0.0757353 -1 -1 -1 2 1 10 
8 20 91.5159 90.0955 0.0848411 90.6618 89.751 0.0933824 92.6471 91.8434 0.0735294 -1 -1 -1 2 1 10 
9 20 91.7848 90.4023 0.0821516 91.25 90.3223 0.0875 93.1618 92.371 0.0683824 -1 -1 -1 2 1 10 
10 20 92.7628 91.7674 0.0723716 91.3971 90.6401 0.0860294 93.6029 93.0096 0.0639706 -1 -1 -1 2 1 10 
11 20 92.8851 91.8934 0.0711491 91.9118 91.1639 0.0808824 93.8235 93.2334 0.0617647 -1 -1 -1 2 1 10 
12 20 93.7653 92.984 0.0623472 92.1324 91.4234 0.0786765 94.1176 93.6261 0.0588235 -1 -1 -1 2 1 10 
13 20 93.9609 93.2207 0.0603912 92.2059 91.4945 0.0779412 94.6324 94.1902 0.0536765 -1 -1 -1 2 1 10 
14 20 93.9609 93.2207 0.0603912 92.2059 91.4945 0.0779412 94.6324 94.1902 0.0536765 -1 -1 -1 2 1 10 
15 20 93.9853 93.2538 0.0601467 92.2794 91.5767 0.0772059 94.7794 94.3569 0.0522059 -1 -1 -1 2 1 10 
16 20 94.2543 93.55 0.0574572 92.7941 92.1138 0.0720588 94.9265 94.5043 0.0507353 -1 -1 -1 2 1 10 
17 20 94.2054 93.4959 0.0579462 92.7206 92.0362 0.0727941 95 94.5834 0.05 -1 -1 -1 2 1 10 
18 20 94.2054 93.4959 0.0579462 92.7206 92.0362 0.0727941 95 94.5834 0.05 -1 -1 -1 2 1 10 
19 20 94.1809 93.4695 0.0581907 92.4265 91.7208 0.0757353 95.0735 94.6667 0.0492647 -1 -1 -1 2 1 10 
20 20 94.1809 93.4695 0.0581907 92.4265 91.7208 0.0757353 95.0735 94.6667 0.0492647 -1 -1 -1 3 1 10 
21 20 94.1809 93.4695 0.0581907 92.4265 91.7208 0.0757353 95.0735 94.6667 0.0492647 -1 -1 -1 3 1 10 
22 20 94.1809 93.4695 0.0581907 92.4265 91.7208 0.0757353 95.0735 94.6667 0.0492647 -1 -1 -1 3 1 10 
23 20 94.1809 93.4695 0.0581907 92.4265 91.7208 0.0757353 95.0735 94.6667 0.0492647 -1 -1 -1 3 1 10 
24 20 94.1809 93.4695 0.0581907 92.4265 91.7208 0.0757353 95.0735 94.6667 0.0492647 -1 -1 -1 3 1 10 
25 20 94.1809 93.4695 0.0581907 92.4265 91.7208 0.0757353 95.0735 94.6667 0.0492647 -1 -1 -1 3 1 10 
26 20 94.1809 93.4695 0.0581907 92.4265 91.7208 0.0757353 95.0735 94.6667 0.0492647 -1 -1 -1 3 1 10 
27 20 94.1809 93.4695 0.0581907 92.4265 91.7208 0.0757353 95.0735 94.6667 0.0492647 -1 -1 -1 3 1 10 
28 20 94.1809 93.4695 0.0581907 92.4265 91.7208 0.0757353 95.0735 94.6667 0.0492647 -1 -1 -1 3 1 10 
29 20 94.1809 93.4695 0.0581907 92.4265 91.7208 0.0757353 95.0735 94.6667 0.0492647 -1 -1 -1 3 1 10 
30 20 94.3032 93.6041 0.0569682 92.7941 92.0962 0.0720588 95.1471 94.7373 0.0485294 -1 -1 -1 3 1 10 
31 20 94.3521 93.6638 0.0564792 92.6471 91.9464 0.0735294 95.2206 94.8216 0.0477941 -1 -1 -1 3 1 10 
32 20 94.3521 93.6638 0.0564792 92.6471 91.9464 0.0735294 95.2206 94.8216 0.0477941 -1 -1 -1 3 1 10 
33 20 94.3521 93.6638 0.0564792 92.6471 91.9464 0.0735294 95.2206 94.8216 0.0477941 -1 -1 -1 3 1 10 
34 20 94.3521 93.6638 0.0564792 92.6471 91.9464 0.0735294 95.2206 94.8216 0.0477941 -1 -1 -1 3 1 10 
35 20 94.3521 93.6638 0.0564792 92.6471 91.9464 0.0735294 95.2206 94.8216 0.0477941 -1 -1 -1 3 1 10 
36 20 94.3521 93.6638 0.0564792 92.6471 91.9464 0.0735294 95.2206 94.8216 0.0477941 -1 -1 -1 3 1 10 
37 20 94.3521 93.6638 0.0564792 92.6471 91.9464 0.0735294 95.2206 94.8216 0.0477941 -1 -1 -1 3 1 10 
38 20 94.3521 93.6638 0.0564792 92.6471 91.9464 0.0735294 95.2206 94.8216 0.0477941 -1 -1 -1 3 1 10 
39 20 94.3521 93.6638 0.0564792 92.6471 91.9464 0.0735294 95.2206 94.8216 0.0477941 -1 -1 -1 3 1 10 
40 20 94.3521 93.6638 0.0564792 92.6471 91.9464 0.0735294 95.2206 94.8216 0.0477941 -1 -1 -1 4 1 10 
41 20 94.3521 93.6638 0.0564792 92.6471 91.9464 0.0735294 95.2206 94.8216 0.0477941 -1 -1 -1 4 1 10 
42 20 94.3521 93.6638 0.0564792 92.6471 91.9464 0.0735294 95.2206 94.8216 0.0477941 -1 -1 -1 4 1 10 
43 20 94.3521 93.6638 0.0564792 92.6471 91.9464 0.0735294 95.2206 94.8216 0.0477941 -1 -1 -1 4 1 10 
44 20 94.3521 93.6638 0.0564792 92.6471 91.9464 0.0735294 95.2206 94.8216 0.0477941 -1 -1 -1 4 1 10 
45 20 94.3521 93.6638 0.0564792 92.6471 91.9464 0.0735294 95.2206 94.8216 0.0477941 -1 -1 -1 4 1 10 
46 20 94.3521 93.6638 0.0564792 92.6471 91.9464 0.0735294 95.2206 94.8216 0.0477941 -1 -1 -1 4 1 10 
47 20 94.3521 93.6638 0.0564792 92.6471 91.9464 0.0735294 95.2206 94.8216 0.0477941 -1 -1 -1 4 1 10 
48 20 94.3521 93.6638 0.0564792 92.6471 91.9464 0.0735294 95.2206 94.8216 0.0477941 -1 -1 -1 4 1 10 
49 20 94.3521 93.6638 0.0564792 92.6471 91.9464 0.0735294 95.2206 94.8216 0.0477941 -1 -1 -1 4 1 10 
50 20 94.3521 93.6638 0.0564792 92.6471 91.9464 0.0735294 95.2206 94.8216 0.0477941 -1 -1 -1 4 1 10 
51 20 94.3521 93.6638 0.0564792 92.6471 91.9464 0.0735294 95.2206 94.8216 0.0477941 -1 -1 -1 4 1 10 
52 20 94.3521 93.6611 0.0564792 92.5735 91.8669 0.0742647 95.2941 94.9016 0.0470588 -1 -1 -1 4 1 10 
53 20 94.3521 93.6611 0.0564792 92.5735 91.8669 0.0742647 95.2941 94.9016 0.0470588 -1 -1 -1 4 1 10 
54 20 94.3521 93.6611 0.0564792 92.5735 91.8669 0.0742647 95.2941 94.9016 0.0470588 -1 -1 -1 4 1 10 
55 20 94.3521 93.6611 0.0564792 92.5735 91.8669 0.0742647 95.2941 94.9016 0.0470588 -1 -1 -1 4 1 10 
56 20 94.3521 93.6611 0.0564792 92.5735 91.8669 0.0742647 95.2941 94.9016 0.0470588 -1 -1 -1 4 1 10 
57 20 94.3521 93.6611 0.0564792 92.5735 91.8669 0.0742647 95.2941 94.9016 0.0470588 -1 -1 -1 4 1 10 
58 20 94.3521 93.6611 0.0564792 92.5735 91.8669 0.0742647 95.2941 94.9016 0.0470588 -1 -1 -1 4 1 10 
59 20 94.3521 93.6611 0.0564792 92.5735 91.8669 0.0742647 95.2941 94.9016 0.0470588 -1 -1 -1 4 1 10 
60 20 94.3521 93.6611 0.0564792 92.5735 91.8669 0.0742647 95.2941 94.9016 0.0470588 -1 -1 -1 5 1 10 
61 20 94.3521 93.6611 0.0564792 92.5735 91.8669 0.0742647 95.2941 94.9016 0.0470588 -1 -1 -1 5 1 10 
62 20 94.3521 93.6611 0.0564792 92.5735 91.8669 0.0742647 95.2941 94.9016 0.0470588 -1 -1 -1 5 1 10 
63 20 94.3521 93.6611 0.0564792 92.5735 91.8669 0.0742647 95.2941 94.9016 0.0470588 -1 -1 -1 5 1 10 
64 20 94.3521 93.6611 0.0564792 92.5735 91.8669 0.0742647 95.2941 94.9016 0.0470588 -1 -1 -1 5 1 10 
65 20 94.3521 93.6611 0.0564792 92.5735 91.8669 0.0742647 95.2941 94.9016 0.0470588 -1 -1 -1 5 1 10 
66 20 94.3521 93.6611 0.0564792 92.5735 91.8669 0.0742647 95.2941 94.9016 0.0470588 -1 -1 -1 5 1 10 
67 20 94.3521 93.6611 0.0564792 92.5735 91.8669 0.0742647 95.2941 94.9016 0.0470588 -1 -1 -1 5 1 10 
68 20 94.2298 93.5162 0.0577017 92.8676 92.1613 0.0713235 95.3676 94.9771 0.0463235 -1 -1 -1 5 1 10 
69 20 94.2298 93.5162 0.0577017 92.8676 92.1613 0.0713235 95.3676 94.9771 0.0463235 -1 -1 -1 5 1 10 
70 20 94.2298 93.5162 0.0577017 92.8676 92.1613 0.0713235 95.3676 94.9771 0.0463235 -1 -1 -1 5 1 10 
71 20 94.2298 93.5162 0.0577017 92.8676 92.1613 0.0713235 95.3676 94.9771 0.0463235 -1 -1 -1 5 1 10 
72 20 94.2298 93.5162 0.0577017 92.8676 92.1613 0.0713235 95.3676 94.9771 0.0463235 -1 -1 -1 5 1 10 
73 20 94.2298 93.5162 0.0577017 92.8676 92.1613 0.0713235 95.3676 94.9771 0.0463235 -1 -1 -1 5 1 10 
74 20 94.2298 93.5162 0.0577017 92.8676 92.1613 0.0713235 95.3676 94.9771 0.0463235 -1 -1 -1 5 1 10 
75 20 94.2298 93.5162 0.0577017 92.8676 92.1613 0.0713235 95.3676 94.9771 0.0463235 -1 -1 -1 5 1 10 
76 20 94.2298 93.5162 0.0577017 92.8676 92.1613 0.0713235 95.3676 94.9771 0.0463235 -1 -1 -1 5 1 10 
77 20 94.2298 93.5162 0.0577017 92.8676 92.1613 0.0713235 95.3676 94.9771 0.0463235 -1 -1 -1 5 1 10 
