# Created by main.cpp, 2016-06-26.11:28:01
# name: results
# type: matrix
# rows: 100
# columns: 25
0 0.229057 64.5477 39.2273 0 0 0 -1 -1 9 1 1 1 1 -1 -1 -1 63.2353 38.7387 67.6471 40.3509 0 91.9118 90.9174 1 
1 0.0893812 64.5477 39.2273 0 0 0 -1 -1 9 2 1 1 1 -1 -1 -1 63.2353 38.7387 67.6471 40.3509 1 91.9118 90.9174 1 
2 0.0727317 64.5477 39.2273 0 0 0 -1 -1 9 2 1 1 1 -1 -1 -1 63.2353 38.7387 67.6471 40.3509 2 91.9118 90.9174 1 
3 0.0517785 78.4841 71.075 0 0 0 -1 -1 9 2 1 1 1 -1 -1 -1 80.8824 75.8668 83.0882 76.7521 3 91.9118 90.9174 1 
4 0.0357064 90.709 90.1792 0 0 0 -1 -1 9 2 1 1 1 -1 -1 -1 82.3529 82.0383 77.9412 77.4536 4 91.9118 90.9174 1 
5 0.0315337 83.3741 82.9433 0 0 0 -1 -1 9 2 1 1 1 -1 -1 -1 73.5294 73.5065 63.2353 63.2353 5 91.9118 90.9174 1 
6 0.0281828 89.7311 89.1962 0 0 0 -1 -1 9 2 1 1 1 -1 -1 -1 81.6176 81.3913 77.2059 76.7521 6 91.9118 90.9174 1 
7 0.0271282 93.3985 92.8838 0 0 0 -1 -1 9 2 1 1 1 -1 -1 -1 88.9706 88.4452 80.1471 79.4527 7 91.9118 90.9174 1 
8 0.0232866 94.132 93.5275 0 0 0 -1 -1 9 2 1 1 1 -1 -1 -1 91.9118 91.3381 88.9706 88.089 8 91.9118 90.9174 1 
9 0.0198244 94.8655 94.308 0 0 0 -1 -1 9 2 1 1 1 -1 -1 -1 92.6471 92.093 92.6471 91.8719 9 91.9118 90.9174 1 
10 0.0183139 95.11 94.5882 0 0 0 -1 -1 9 2 1 1 1 -1 -1 -1 94.1176 93.6195 92.6471 91.7874 10 91.9118 90.9174 1 
11 0.0183139 95.11 94.5882 0 0 0 -1 -1 9 2 1 1 1 -1 -1 -1 94.1176 93.6195 92.6471 91.7874 11 91.9118 90.9174 1 
12 0.0171935 95.11 94.5882 0 0 0 -1 -1 9 2 1 1 1 -1 -1 -1 94.1176 93.5606 94.8529 94.1548 12 91.9118 90.9174 1 
13 0.0166415 94.621 94.0471 0 0 0 -1 -1 9 2 1 1 1 -1 -1 -1 93.3824 92.7208 94.8529 94.1548 13 91.9118 90.9174 1 
14 0.0161732 94.621 94.0862 0 0 0 -1 -1 9 2 1 1 1 -1 -1 -1 93.3824 92.7208 94.1176 93.2806 14 91.9118 90.9174 1 
15 0.0156583 94.132 93.5692 0 0 0 -1 -1 9 2 1 1 1 -1 -1 -1 91.9118 91.187 94.1176 93.43 15 91.9118 90.9174 1 
16 0.0151788 94.3765 93.8273 0 0 0 -1 -1 9 2 1 1 1 -1 -1 -1 91.1765 90.4293 92.6471 91.6972 16 91.9118 90.9174 1 
17 0.0146021 94.3765 93.8073 0 0 0 -1 -1 9 2 1 1 1 -1 -1 -1 91.9118 91.2653 92.6471 91.6972 17 91.9118 90.9174 1 
18 0.014059 94.3765 93.8073 0 0 0 -1 -1 9 2 1 1 1 -1 -1 -1 91.9118 91.2653 91.9118 90.9174 18 91.9118 90.9174 1 
19 0.0134112 94.3765 93.8073 0 0 0 -1 -1 9 2 1 1 1 -1 -1 -1 92.6471 92.093 91.9118 90.9174 19 91.9118 90.9174 1 
20 0.0128123 94.621 94.0862 0 0 0 -1 -1 9 2 1 1 1 -1 -1 -1 92.6471 92.093 91.9118 90.9174 20 91.9118 90.9174 1 
21 0.0128123 94.621 94.0862 0 0 0 -1 -1 9 2 1 1 1 -1 -1 -1 92.6471 92.093 91.9118 90.9174 21 91.9118 90.9174 1 
22 0.0128123 94.621 94.0862 0 0 0 -1 -1 9 2 1 1 1 -1 -1 -1 92.6471 92.093 91.9118 90.9174 22 91.9118 90.9174 1 
23 0.0128123 94.621 94.0862 0 0 0 -1 -1 9 2 1 1 1 -1 -1 -1 92.6471 92.093 91.9118 90.9174 23 91.9118 90.9174 1 
24 0.0128123 94.621 94.0862 0 0 0 -1 -1 9 2 1 1 1 -1 -1 -1 92.6471 92.093 91.9118 90.9174 24 91.9118 90.9174 1 
25 0.0128123 94.621 94.0862 0 0 0 -1 -1 9 2 1 1 1 -1 -1 -1 92.6471 92.093 91.9118 90.9174 25 91.9118 90.9174 1 
26 0.0128123 94.621 94.0862 0 0 0 -1 -1 9 2 1 1 1 -1 -1 -1 92.6471 92.093 91.9118 90.9174 26 91.9118 90.9174 1 
27 0.0128123 94.621 94.0862 0 0 0 -1 -1 9 2 1 1 1 -1 -1 -1 92.6471 92.093 91.9118 90.9174 27 91.9118 90.9174 1 
28 0.0128123 94.621 94.0862 0 0 0 -1 -1 9 2 1 1 1 -1 -1 -1 92.6471 92.093 91.9118 90.9174 28 91.9118 90.9174 1 
29 0.0128123 94.621 94.0862 0 0 0 -1 -1 9 2 1 1 1 -1 -1 -1 92.6471 92.093 91.9118 90.9174 29 91.9118 90.9174 1 
30 0.0128123 94.621 94.0862 0 0 0 -1 -1 9 2 1 1 1 -1 -1 -1 92.6471 92.093 91.9118 90.9174 30 91.9118 90.9174 1 
31 0.0128123 94.621 94.0862 0 0 0 -1 -1 9 2 1 1 1 -1 -1 -1 92.6471 92.093 91.9118 90.9174 31 91.9118 90.9174 1 
32 0.0128123 94.621 94.0862 0 0 0 -1 -1 9 2 1 1 1 -1 -1 -1 92.6471 92.093 91.9118 90.9174 32 91.9118 90.9174 1 
33 0.0128123 94.621 94.0862 0 0 0 -1 -1 9 2 1 1 1 -1 -1 -1 92.6471 92.093 91.9118 90.9174 33 91.9118 90.9174 1 
34 0.0128123 94.621 94.0862 0 0 0 -1 -1 9 2 1 1 1 -1 -1 -1 92.6471 92.093 91.9118 90.9174 34 91.9118 90.9174 1 
35 0.0128123 94.621 94.0862 0 0 0 -1 -1 9 2 1 1 1 -1 -1 -1 92.6471 92.093 91.9118 90.9174 35 91.9118 90.9174 1 
36 0.0128123 94.621 94.0862 0 0 0 -1 -1 9 2 1 1 1 -1 -1 -1 92.6471 92.093 91.9118 90.9174 36 91.9118 90.9174 1 
37 0.0128123 94.621 94.0862 0 0 0 -1 -1 9 2 1 1 1 -1 -1 -1 92.6471 92.093 91.9118 90.9174 37 91.9118 90.9174 1 
38 0.0128123 94.621 94.0862 0 0 0 -1 -1 9 2 1 1 1 -1 -1 -1 92.6471 92.093 91.9118 90.9174 38 91.9118 90.9174 1 
39 0.0128123 94.621 94.0862 0 0 0 -1 -1 9 2 1 1 1 -1 -1 -1 92.6471 92.093 91.9118 90.9174 39 91.9118 90.9174 1 
40 0.0128123 94.621 94.0862 0 0 0 -1 -1 9 2 1 1 1 -1 -1 -1 92.6471 92.093 91.9118 90.9174 40 91.9118 90.9174 1 
41 0.0128123 94.621 94.0862 0 0 0 -1 -1 9 2 1 1 1 -1 -1 -1 92.6471 92.093 91.9118 90.9174 41 91.9118 90.9174 1 
42 0.0128123 94.621 94.0862 0 0 0 -1 -1 9 2 1 1 1 -1 -1 -1 92.6471 92.093 91.9118 90.9174 42 91.9118 90.9174 1 
43 0.0128123 94.621 94.0862 0 0 0 -1 -1 9 2 1 1 1 -1 -1 -1 92.6471 92.093 91.9118 90.9174 43 91.9118 90.9174 1 
44 0.0128123 94.621 94.0862 0 0 0 -1 -1 9 2 1 1 1 -1 -1 -1 92.6471 92.093 91.9118 90.9174 44 91.9118 90.9174 1 
45 0.0128123 94.621 94.0862 0 0 0 -1 -1 9 2 1 1 1 -1 -1 -1 92.6471 92.093 91.9118 90.9174 45 91.9118 90.9174 1 
46 0.0128123 94.621 94.0862 0 0 0 -1 -1 9 2 1 1 1 -1 -1 -1 92.6471 92.093 91.9118 90.9174 46 91.9118 90.9174 1 
47 0.0128123 94.621 94.0862 0 0 0 -1 -1 9 2 1 1 1 -1 -1 -1 92.6471 92.093 91.9118 90.9174 47 91.9118 90.9174 1 
48 0.0128123 94.621 94.0862 0 0 0 -1 -1 9 2 1 1 1 -1 -1 -1 92.6471 92.093 91.9118 90.9174 48 91.9118 90.9174 1 
49 0.0128123 94.621 94.0862 0 0 0 -1 -1 9 2 1 1 1 -1 -1 -1 92.6471 92.093 91.9118 90.9174 49 91.9118 90.9174 1 
50 0.0128123 94.621 94.0862 0 0 0 -1 -1 9 2 1 1 1 -1 -1 -1 92.6471 92.093 91.9118 90.9174 50 91.9118 90.9174 1 
51 0.0128123 94.621 94.0862 0 0 0 -1 -1 9 2 1 1 1 -1 -1 -1 92.6471 92.093 91.9118 90.9174 51 91.9118 90.9174 1 
52 0.0128123 94.621 94.0862 0 0 0 -1 -1 9 2 1 1 1 -1 -1 -1 92.6471 92.093 91.9118 90.9174 52 91.9118 90.9174 1 
53 0.0128123 94.621 94.0862 0 0 0 -1 -1 9 2 1 1 1 -1 -1 -1 92.6471 92.093 91.9118 90.9174 53 91.9118 90.9174 1 
54 0.0128123 94.621 94.0862 0 0 0 -1 -1 9 2 1 1 1 -1 -1 -1 92.6471 92.093 91.9118 90.9174 54 91.9118 90.9174 1 
55 0.0128123 94.621 94.0862 0 0 0 -1 -1 9 2 1 1 1 -1 -1 -1 92.6471 92.093 91.9118 90.9174 55 91.9118 90.9174 1 
56 0.0128123 94.621 94.0862 0 0 0 -1 -1 9 2 1 1 1 -1 -1 -1 92.6471 92.093 91.9118 90.9174 56 91.9118 90.9174 1 
57 0.0128123 94.621 94.0862 0 0 0 -1 -1 9 2 1 1 1 -1 -1 -1 92.6471 92.093 91.9118 90.9174 57 91.9118 90.9174 1 
58 0.0128123 94.621 94.0862 0 0 0 -1 -1 9 2 1 1 1 -1 -1 -1 92.6471 92.093 91.9118 90.9174 58 91.9118 90.9174 1 
59 0.0128123 94.621 94.0862 0 0 0 -1 -1 9 2 1 1 1 -1 -1 -1 92.6471 92.093 91.9118 90.9174 59 91.9118 90.9174 1 
60 0.0128123 94.621 94.0862 0 0 0 -1 -1 9 2 1 1 1 -1 -1 -1 92.6471 92.093 91.9118 90.9174 60 91.9118 90.9174 1 
61 0.0128123 94.621 94.0862 0 0 0 -1 -1 9 2 1 1 1 -1 -1 -1 92.6471 92.093 91.9118 90.9174 61 91.9118 90.9174 1 
62 0.0128123 94.621 94.0862 0 0 0 -1 -1 9 2 1 1 1 -1 -1 -1 92.6471 92.093 91.9118 90.9174 62 91.9118 90.9174 1 
63 0.0128123 94.621 94.0862 0 0 0 -1 -1 9 2 1 1 1 -1 -1 -1 92.6471 92.093 91.9118 90.9174 63 91.9118 90.9174 1 
64 0.0128123 94.621 94.0862 0 0 0 -1 -1 9 2 1 1 1 -1 -1 -1 92.6471 92.093 91.9118 90.9174 64 91.9118 90.9174 1 
65 0.0128123 94.621 94.0862 0 0 0 -1 -1 9 2 1 1 1 -1 -1 -1 92.6471 92.093 91.9118 90.9174 65 91.9118 90.9174 1 
66 0.0128123 94.621 94.0862 0 0 0 -1 -1 9 2 1 1 1 -1 -1 -1 92.6471 92.093 91.9118 90.9174 66 91.9118 90.9174 1 
67 0.0128123 94.621 94.0862 0 0 0 -1 -1 9 2 1 1 1 -1 -1 -1 92.6471 92.093 91.9118 90.9174 67 91.9118 90.9174 1 
68 0.0128123 94.621 94.0862 0 0 0 -1 -1 9 2 1 1 1 -1 -1 -1 92.6471 92.093 91.9118 90.9174 68 91.9118 90.9174 1 
69 0.0128123 94.621 94.0862 0 0 0 -1 -1 9 2 1 1 1 -1 -1 -1 92.6471 92.093 91.9118 90.9174 69 91.9118 90.9174 1 
