# Created by main.cpp, 2016-06-26.20:50:48
# name: results
# type: matrix
# rows: 100
# columns: 25
1 0.295181 70.4819 48.1085 22.9128 4.78673 0.481085 -1 100 9 11 2 -1 1 0 -1 -1 87.2727 72.9825 67.2727 45 1 67.2727 40.2174 1 
2 0.259036 74.0964 54.4625 51.7538 7.19401 1.02571 -1 100 9 11 2 -1 1 0 -1 -1 74.5455 48.8032 65.4545 39.5604 1 67.2727 40.2174 1 
3 0.259036 74.0964 54.4625 56.8484 7.53979 1.26316 -1 100 9 11 2 -1 1 0 -1 -1 74.5455 48.8032 65.4545 39.5604 1 67.2727 40.2174 1 
4 0.259036 74.0964 54.4625 75.4716 8.68744 1.70982 -1 100 9 11 2 -1 1 0 -1 -1 74.5455 48.8032 65.4545 39.5604 1 67.2727 40.2174 1 
5 0.259036 74.0964 54.4625 95.7158 9.78344 2.17963 -1 100 9 11 2 -1 1 0 -1 -1 74.5455 48.8032 65.4545 39.5604 1 67.2727 40.2174 1 
6 0.295181 70.4819 56.9789 125.373 11.197 2.74941 -1 100 9 11 2 -1 1 0 -1 -1 65.4545 47.7761 67.2727 40.2174 1 67.2727 40.2174 1 
7 0.295181 70.4819 56.9789 128.703 11.3448 2.96268 -1 100 9 11 2 -1 1 0 -1 -1 65.4545 47.7761 67.2727 40.2174 1 67.2727 40.2174 1 
8 0.295181 70.4819 56.9789 146.486 12.1031 3.41748 -1 100 9 11 2 -1 1 0 -1 -1 65.4545 47.7761 67.2727 40.2174 1 67.2727 40.2174 1 
9 0.295181 70.4819 56.9789 165.501 12.8647 3.89162 -1 100 9 11 2 -1 1 0 -1 -1 65.4545 47.7761 67.2727 40.2174 1 67.2727 40.2174 1 
10 0.295181 70.4819 56.9789 169.004 13.0002 4.12311 -1 100 9 11 2 -1 1 0 -1 -1 65.4545 47.7761 67.2727 40.2174 1 67.2727 40.2174 1 
11 0.295181 70.4819 56.9789 172.4 13.1301 4.35459 -1 100 9 11 2 -1 1 0 -1 -1 65.4545 47.7761 67.2727 40.2174 1 67.2727 40.2174 1 
12 0.295181 70.4819 56.9789 175.689 13.2548 4.58607 -1 100 9 11 2 -1 1 0 -1 -1 65.4545 47.7761 67.2727 40.2174 1 67.2727 40.2174 1 
13 0.295181 70.4819 56.9789 182.851 13.5222 4.90532 -1 100 9 11 2 -1 1 0 -1 -1 65.4545 47.7761 67.2727 40.2174 1 67.2727 40.2174 1 
14 0.295181 70.4819 56.9789 196.886 14.0316 5.33463 -1 100 9 11 2 -1 1 0 -1 -1 65.4545 47.7761 67.2727 40.2174 1 67.2727 40.2174 1 
15 0.295181 70.4819 56.9789 199.724 14.1324 5.5662 -1 100 9 11 2 -1 1 0 -1 -1 65.4545 47.7761 67.2727 40.2174 1 67.2727 40.2174 1 
16 0.295181 70.4819 56.9789 203.449 14.2635 5.82437 -1 100 9 11 2 -1 1 0 -1 -1 65.4545 47.7761 67.2727 40.2174 1 67.2727 40.2174 1 
17 0.295181 70.4819 56.9789 208.911 14.4537 6.12535 -1 100 9 11 2 -1 1 0 -1 -1 65.4545 47.7761 67.2727 40.2174 1 67.2727 40.2174 1 
18 0.295181 70.4819 56.9789 212.198 14.567 6.37965 -1 100 9 11 2 -1 1 0 -1 -1 65.4545 47.7761 67.2727 40.2174 1 67.2727 40.2174 1 
19 0.295181 70.4819 56.9789 225.695 15.0232 6.81891 -1 100 9 11 2 -1 1 0 -1 -1 65.4545 47.7761 67.2727 40.2174 1 67.2727 40.2174 1 
20 0.295181 70.4819 56.9789 227.506 15.0833 7.03957 -1 100 9 11 2 -1 1 0 -1 -1 65.4545 47.7761 67.2727 40.2174 1 67.2727 40.2174 1 
21 0.295181 70.4819 56.9789 231.48 15.2145 7.32326 -1 100 9 11 2 -1 1 0 -1 -1 65.4545 47.7761 67.2727 40.2174 1 67.2727 40.2174 1 
22 0.295181 70.4819 56.9789 244.971 15.6516 7.77373 -1 100 9 11 2 -1 1 0 -1 -1 65.4545 47.7761 67.2727 40.2174 1 67.2727 40.2174 1 
23 0.295181 70.4819 56.9789 247.459 15.7308 8.02916 -1 100 9 11 2 -1 1 0 -1 -1 65.4545 47.7761 67.2727 40.2174 1 67.2727 40.2174 1 
24 0.295181 70.4819 56.9789 258.422 16.0755 8.45277 -1 100 9 11 2 -1 1 0 -1 -1 65.4545 47.7761 67.2727 40.2174 1 67.2727 40.2174 1 
25 0.295181 70.4819 56.9789 259.561 16.1109 8.67525 -1 100 9 11 2 -1 1 0 -1 -1 65.4545 47.7761 67.2727 40.2174 1 67.2727 40.2174 1 
26 0.295181 70.4819 56.9789 273.478 16.5372 9.14792 -1 100 9 11 2 -1 1 0 -1 -1 65.4545 47.7761 67.2727 40.2174 1 67.2727 40.2174 1 
27 0.295181 70.4819 56.9789 282.899 16.8196 9.56235 -1 100 9 11 2 -1 1 0 -1 -1 65.4545 47.7761 67.2727 40.2174 1 67.2727 40.2174 1 
28 0.295181 70.4819 56.9789 290.934 17.0568 9.95976 -1 100 9 11 2 -1 1 0 -1 -1 65.4545 47.7761 67.2727 40.2174 1 67.2727 40.2174 1 
29 0.295181 70.4819 56.9789 291.721 17.0798 10.1948 -1 100 9 11 2 -1 1 0 -1 -1 65.4545 47.7761 67.2727 40.2174 1 67.2727 40.2174 1 
30 0.295181 70.4819 56.9789 305.454 17.4772 10.6842 -1 100 9 11 2 -1 1 0 -1 -1 65.4545 47.7761 67.2727 40.2174 1 67.2727 40.2174 1 
31 0.295181 70.4819 56.9789 316.154 17.7807 11.1381 -1 100 9 11 2 -1 1 0 -1 -1 65.4545 47.7761 67.2727 40.2174 1 67.2727 40.2174 1 
32 0.295181 70.4819 56.9789 325.129 18.0313 11.5721 -1 100 9 11 2 -1 1 0 -1 -1 65.4545 47.7761 67.2727 40.2174 1 67.2727 40.2174 1 
33 0.295181 70.4819 56.9789 333.479 18.2614 12.002 -1 100 9 11 2 -1 1 0 -1 -1 65.4545 47.7761 67.2727 40.2174 1 67.2727 40.2174 1 
34 0.295181 70.4819 56.9789 333.15 18.2524 12.2299 -1 100 9 11 2 -1 1 0 -1 -1 65.4545 47.7761 67.2727 40.2174 1 67.2727 40.2174 1 
35 0.295181 70.4819 56.9789 334.676 18.2941 12.5286 -1 100 9 11 2 -1 1 0 -1 -1 65.4545 47.7761 67.2727 40.2174 1 67.2727 40.2174 1 
36 0.295181 70.4819 56.9789 339.447 18.4241 12.9085 -1 100 9 11 2 -1 1 0 -1 -1 65.4545 47.7761 67.2727 40.2174 1 67.2727 40.2174 1 
37 0.295181 70.4819 56.9789 338.506 18.3985 13.1255 -1 100 9 11 2 -1 1 0 -1 -1 65.4545 47.7761 67.2727 40.2174 1 67.2727 40.2174 1 
38 0.295181 70.4819 56.9789 350.573 18.7236 13.6315 -1 100 9 11 2 -1 1 0 -1 -1 65.4545 47.7761 67.2727 40.2174 1 67.2727 40.2174 1 
39 0.295181 70.4819 56.9789 362.122 19.0295 14.1375 -1 100 9 11 2 -1 1 0 -1 -1 65.4545 47.7761 67.2727 40.2174 1 67.2727 40.2174 1 
40 0.295181 70.4819 56.9789 367.576 19.1723 14.555 -1 100 9 11 2 -1 1 0 -1 -1 65.4545 47.7761 67.2727 40.2174 1 67.2727 40.2174 1 
41 0.295181 70.4819 56.9789 372.571 19.3021 14.9705 -1 100 9 11 2 -1 1 0 -1 -1 65.4545 47.7761 67.2727 40.2174 1 67.2727 40.2174 1 
42 0.295181 70.4819 56.9789 377.509 19.4296 15.3914 -1 100 9 11 2 -1 1 0 -1 -1 65.4545 47.7761 67.2727 40.2174 1 67.2727 40.2174 1 
43 0.295181 70.4819 56.9789 381.765 19.5388 15.8061 -1 100 9 11 2 -1 1 0 -1 -1 65.4545 47.7761 67.2727 40.2174 1 67.2727 40.2174 1 
44 0.295181 70.4819 56.9789 385.231 19.6273 16.2117 -1 100 9 11 2 -1 1 0 -1 -1 65.4545 47.7761 67.2727 40.2174 1 67.2727 40.2174 1 
45 0.295181 70.4819 56.9789 390.684 19.7657 16.6616 -1 100 9 11 2 -1 1 0 -1 -1 65.4545 47.7761 67.2727 40.2174 1 67.2727 40.2174 1 
46 0.295181 70.4819 56.9789 393.728 19.8426 17.073 -1 100 9 11 2 -1 1 0 -1 -1 65.4545 47.7761 67.2727 40.2174 1 67.2727 40.2174 1 
47 0.295181 70.4819 56.9789 395.528 19.8879 17.4643 -1 100 9 11 2 -1 1 0 -1 -1 65.4545 47.7761 67.2727 40.2174 1 67.2727 40.2174 1 
48 0.295181 70.4819 56.9789 392.624 19.8147 17.683 -1 100 9 11 2 -1 1 0 -1 -1 65.4545 47.7761 67.2727 40.2174 1 67.2727 40.2174 1 
49 0.295181 70.4819 56.9789 398.252 19.9562 18.1595 -1 100 9 11 2 -1 1 0 -1 -1 65.4545 47.7761 67.2727 40.2174 1 67.2727 40.2174 1 
50 0.295181 70.4819 56.9789 403.264 20.0814 18.6332 -1 100 9 11 2 -1 1 0 -1 -1 65.4545 47.7761 67.2727 40.2174 1 67.2727 40.2174 1 
51 0.295181 70.4819 56.9789 404.551 20.1135 19.0415 -1 100 9 11 2 -1 1 0 -1 -1 65.4545 47.7761 67.2727 40.2174 1 67.2727 40.2174 1 
52 0.295181 70.4819 56.9789 401.133 20.0283 19.2835 -1 100 9 11 2 -1 1 0 -1 -1 65.4545 47.7761 67.2727 40.2174 1 67.2727 40.2174 1 
53 0.295181 70.4819 56.9789 397.883 19.947 19.5498 -1 100 9 11 2 -1 1 0 -1 -1 65.4545 47.7761 67.2727 40.2174 1 67.2727 40.2174 1 
54 0.295181 70.4819 56.9789 394.06 19.8509 19.7668 -1 100 9 11 2 -1 1 0 -1 -1 65.4545 47.7761 67.2727 40.2174 1 67.2727 40.2174 1 
55 0.295181 70.4819 56.9789 394.637 19.8655 20.1802 -1 100 9 11 2 -1 1 0 -1 -1 65.4545 47.7761 67.2727 40.2174 1 67.2727 40.2174 1 
56 0.295181 70.4819 56.9789 394.233 19.8553 20.5776 -1 100 9 11 2 -1 1 0 -1 -1 65.4545 47.7761 67.2727 40.2174 1 67.2727 40.2174 1 
57 0.295181 70.4819 56.9789 395.514 19.8875 21.0224 -1 100 9 11 2 -1 1 0 -1 -1 65.4545 47.7761 67.2727 40.2174 1 67.2727 40.2174 1 
58 0.295181 70.4819 56.9789 394.483 19.8616 21.421 -1 100 9 11 2 -1 1 0 -1 -1 65.4545 47.7761 67.2727 40.2174 1 67.2727 40.2174 1 
59 0.295181 70.4819 56.9789 393.277 19.8312 21.8235 -1 100 9 11 2 -1 1 0 -1 -1 65.4545 47.7761 67.2727 40.2174 1 67.2727 40.2174 1 
60 0.295181 70.4819 56.9789 392.233 19.8049 22.239 -1 100 9 11 2 -1 1 0 -1 -1 65.4545 47.7761 67.2727 40.2174 1 67.2727 40.2174 1 
