# Created by main.cpp, 2016-06-26.14:42:31
# name: results
# type: matrix
# rows: 500
# columns: 25
1 0.575904 42.4096 32.4542 11.3532 3.22916 0.324542 -1 100 9 11 2 -1 1 0 -1 -1 39.4545 30.497 42.3636 32.1195 1 68.3636 57.3212 10 
2 0.425301 57.4699 39.6948 26.0234 4.99846 0.704707 -1 100 9 11 2 -1 1 0 -1 -1 53.4545 36.6942 54.1818 37.464 1 68.3636 57.3212 10 
3 0.363855 63.6145 46.1241 43.2305 6.55226 1.12158 -1 100 9 11 2 -1 1 0 -1 -1 63.0909 47.5485 60.7273 44.3869 1 68.3636 57.3212 10 
4 0.377108 62.2892 47.5928 61.1352 7.80075 1.55599 -1 100 9 11 2 -1 1 0 -1 -1 62.3636 48.2464 60.9091 46.2888 1 68.3636 57.3212 10 
5 0.377108 62.2892 47.5928 74.3968 8.60109 1.93073 -1 100 9 11 2 -1 1 0 -1 -1 62.3636 48.2464 60.9091 46.2888 1 68.3636 57.3212 10 
6 0.375301 62.4699 48.8885 89.9628 9.44417 2.33537 -1 100 9 11 2 -1 1 0 -1 -1 64.5455 49.3908 62.3636 45.7579 1 68.3636 57.3212 10 
7 0.375301 62.4699 48.8885 99.4623 9.93674 2.65965 -1 100 9 11 2 -1 1 0 -1 -1 64.5455 49.3908 62.3636 45.7579 1 68.3636 57.3212 10 
8 0.389759 61.0241 49.9559 113.411 10.606 3.04659 -1 100 9 11 2 -1 1 0 -1 -1 60.5455 48.7339 59.4545 46.3708 1 68.3636 57.3212 10 
9 0.391566 60.8434 50.104 124.994 11.1273 3.4095 -1 100 9 11 2 -1 1 0 -1 -1 61.8182 50.4089 61.0909 48.0901 1 68.3636 57.3212 10 
10 0.401205 59.8795 50.8659 138.843 11.7272 3.8014 -1 100 9 11 2 -1 1 0 -1 -1 60.7273 51.0403 61.4545 49.2863 1 68.3636 57.3212 10 
11 0.387952 61.2048 53.0137 156.1 12.439 4.24283 -1 100 9 11 2 -1 1 0 -1 -1 58.7273 48.7159 60.7273 48.3786 1 68.3636 57.3212 10 
12 0.406627 59.3373 53.5634 166.944 12.8823 4.60381 -1 100 9 11 2 -1 1 0 -1 -1 57.8182 49.8911 59.4545 49.3601 1 68.3636 57.3212 10 
13 0.394578 60.5422 54.1777 177.533 13.2933 4.96274 -1 100 9 11 2 -1 1 0 -1 -1 59.0909 50.9422 61.0909 49.3617 1 68.3636 57.3212 10 
14 0.38494 61.506 55.5483 190.229 13.7639 5.36208 -1 100 9 11 2 -1 1 0 -1 -1 60.3636 52.0702 63.0909 51.4377 1 68.3636 57.3212 10 
15 0.38253 61.747 55.7142 200.547 14.1433 5.72315 -1 100 9 11 2 -1 1 0 -1 -1 60.9091 51.6738 63.0909 51.9439 1 68.3636 57.3212 10 
16 0.38253 61.747 55.7142 213.247 14.5852 6.13827 -1 100 9 11 2 -1 1 0 -1 -1 60.9091 51.6738 63.0909 51.9439 1 68.3636 57.3212 10 
17 0.362048 63.7952 55.8658 223.324 14.9265 6.50484 -1 100 9 11 2 -1 1 0 -1 -1 62.7273 50.9265 63.4545 50.6806 1 68.3636 57.3212 10 
18 0.362048 63.7952 55.8658 234.066 15.2787 6.89614 -1 100 9 11 2 -1 1 0 -1 -1 62.7273 50.9265 63.4545 50.6806 1 68.3636 57.3212 10 
19 0.362048 63.7952 55.8658 243.284 15.5741 7.27268 -1 100 9 11 2 -1 1 0 -1 -1 62.7273 50.9265 63.4545 50.6806 1 68.3636 57.3212 10 
20 0.362048 63.7952 55.8658 249.577 15.7765 7.59674 -1 100 9 11 2 -1 1 0 -1 -1 62.7273 50.9265 63.4545 50.6806 1 68.3636 57.3212 10 
21 0.370482 62.9518 56.7466 259.068 16.0753 7.9646 -1 100 9 11 2 -1 1 0 -1 -1 62.5455 52.4561 63.6364 52.5246 1 68.3636 57.3212 10 
22 0.370482 62.9518 56.7466 268.119 16.3558 8.34466 -1 100 9 11 2 -1 1 0 -1 -1 62.5455 52.4561 63.6364 52.5246 1 68.3636 57.3212 10 
23 0.366265 63.3735 57.4978 278.97 16.6788 8.7496 -1 100 9 11 2 -1 1 0 -1 -1 62.9091 53.1773 64.9091 54.7639 1 68.3636 57.3212 10 
24 0.366265 63.3735 57.4978 285.233 16.867 9.09205 -1 100 9 11 2 -1 1 0 -1 -1 62.9091 53.1773 64.9091 54.7639 1 68.3636 57.3212 10 
25 0.366265 63.3735 57.4978 292.662 17.0839 9.45889 -1 100 9 11 2 -1 1 0 -1 -1 62.9091 53.1773 64.9091 54.7639 1 68.3636 57.3212 10 
26 0.366265 63.3735 57.4978 300.413 17.3108 9.83578 -1 100 9 11 2 -1 1 0 -1 -1 62.9091 53.1773 64.9091 54.7639 1 68.3636 57.3212 10 
27 0.366265 63.3735 57.4978 308.741 17.5493 10.2338 -1 100 9 11 2 -1 1 0 -1 -1 62.9091 53.1773 64.9091 54.7639 1 68.3636 57.3212 10 
28 0.366265 63.3735 57.4978 316.715 17.7773 10.6363 -1 100 9 11 2 -1 1 0 -1 -1 62.9091 53.1773 64.9091 54.7639 1 68.3636 57.3212 10 
29 0.366265 63.3735 57.5275 325.043 18.0108 11.0314 -1 100 9 11 2 -1 1 0 -1 -1 62.7273 52.7204 64 54.057 1 68.3636 57.3212 10 
30 0.366265 63.3735 57.5275 332.563 18.2168 11.4189 -1 100 9 11 2 -1 1 0 -1 -1 62.7273 52.7204 64 54.057 1 68.3636 57.3212 10 
31 0.366265 63.3735 57.5275 337.833 18.3598 11.7706 -1 100 9 11 2 -1 1 0 -1 -1 62.7273 52.7204 64 54.057 1 68.3636 57.3212 10 
32 0.362651 63.7349 57.871 347.675 18.6274 12.2144 -1 100 9 11 2 -1 1 0 -1 -1 62.1818 52.2143 64.7273 54.6954 1 68.3636 57.3212 10 
33 0.362651 63.7349 57.871 353.096 18.7724 12.5902 -1 100 9 11 2 -1 1 0 -1 -1 62.1818 52.2143 64.7273 54.6954 1 68.3636 57.3212 10 
34 0.362651 63.7349 57.871 359.047 18.9303 12.977 -1 100 9 11 2 -1 1 0 -1 -1 62.1818 52.2143 64.7273 54.6954 1 68.3636 57.3212 10 
35 0.362651 63.7349 57.871 364.847 19.0854 13.3692 -1 100 9 11 2 -1 1 0 -1 -1 62.1818 52.2143 64.7273 54.6954 1 68.3636 57.3212 10 
36 0.359639 64.0361 58.1171 371.675 19.2641 13.7937 -1 100 9 11 2 -1 1 0 -1 -1 61.8182 52.3421 65.0909 54.5326 1 68.3636 57.3212 10 
37 0.359036 64.0964 58.1217 377.645 19.4181 14.1909 -1 100 9 11 2 -1 1 0 -1 -1 61.8182 52.1503 64.9091 54.7483 1 68.3636 57.3212 10 
38 0.359036 64.0964 58.1217 385.202 19.6141 14.6271 -1 100 9 11 2 -1 1 0 -1 -1 61.8182 52.1503 64.9091 54.7483 1 68.3636 57.3212 10 
39 0.359036 64.0964 58.1217 387.368 19.6695 14.9647 -1 100 9 11 2 -1 1 0 -1 -1 61.8182 52.1503 64.9091 54.7483 1 68.3636 57.3212 10 
40 0.359036 64.0964 58.1217 391.169 19.7662 15.3455 -1 100 9 11 2 -1 1 0 -1 -1 61.8182 52.1503 64.9091 54.7483 1 68.3636 57.3212 10 
41 0.359036 64.0964 58.1217 395.361 19.8733 15.7531 -1 100 9 11 2 -1 1 0 -1 -1 61.8182 52.1503 64.9091 54.7483 1 68.3636 57.3212 10 
42 0.359036 64.0964 58.1217 398.693 19.9558 16.1405 -1 100 9 11 2 -1 1 0 -1 -1 61.8182 52.1503 64.9091 54.7483 1 68.3636 57.3212 10 
43 0.359036 64.0964 58.1217 404.328 20.0979 16.5781 -1 100 9 11 2 -1 1 0 -1 -1 61.8182 52.1503 64.9091 54.7483 1 68.3636 57.3212 10 
44 0.359036 64.0964 58.1217 406.778 20.1607 16.9547 -1 100 9 11 2 -1 1 0 -1 -1 61.8182 52.1503 64.9091 54.7483 1 68.3636 57.3212 10 
45 0.359036 64.0964 58.1217 408.586 20.2063 17.3246 -1 100 9 11 2 -1 1 0 -1 -1 61.8182 52.1503 64.9091 54.7483 1 68.3636 57.3212 10 
46 0.359036 64.0964 58.1217 410.017 20.2431 17.6942 -1 100 9 11 2 -1 1 0 -1 -1 61.8182 52.1503 64.9091 54.7483 1 68.3636 57.3212 10 
47 0.348193 65.1807 58.1531 411.01 20.2678 18.0402 -1 100 9 11 2 -1 1 0 -1 -1 63.0909 52.449 64.9091 53.8903 1 68.3636 57.3212 10 
48 0.348193 65.1807 58.1531 415.699 20.383 18.4919 -1 100 9 11 2 -1 1 0 -1 -1 63.0909 52.449 64.9091 53.8903 1 68.3636 57.3212 10 
49 0.348193 65.1807 58.1531 418.203 20.4447 18.9194 -1 100 9 11 2 -1 1 0 -1 -1 63.0909 52.449 64.9091 53.8903 1 68.3636 57.3212 10 
50 0.348193 65.1807 58.1531 419.425 20.4743 19.3271 -1 100 9 11 2 -1 1 0 -1 -1 63.0909 52.449 64.9091 53.8903 1 68.3636 57.3212 10 
51 0.348193 65.1807 58.1531 419.338 20.4735 19.6902 -1 100 9 11 2 -1 1 0 -1 -1 63.0909 52.449 64.9091 53.8903 1 68.3636 57.3212 10 
52 0.348193 65.1807 58.1531 418.597 20.4552 20.0488 -1 100 9 11 2 -1 1 0 -1 -1 63.0909 52.449 64.9091 53.8903 1 68.3636 57.3212 10 
53 0.348193 65.1807 58.1531 418.867 20.4621 20.4397 -1 100 9 11 2 -1 1 0 -1 -1 63.0909 52.449 64.9091 53.8903 1 68.3636 57.3212 10 
54 0.348193 65.1807 58.1531 417.761 20.4348 20.7983 -1 100 9 11 2 -1 1 0 -1 -1 63.0909 52.449 64.9091 53.8903 1 68.3636 57.3212 10 
55 0.348193 65.1807 58.1531 416.794 20.4116 21.1724 -1 100 9 11 2 -1 1 0 -1 -1 63.0909 52.449 64.9091 53.8903 1 68.3636 57.3212 10 
56 0.348193 65.1807 58.1531 416.727 20.4092 21.5748 -1 100 9 11 2 -1 1 0 -1 -1 63.0909 52.449 64.9091 53.8903 1 68.3636 57.3212 10 
57 0.336747 66.3253 58.1924 415.893 20.389 21.9589 -1 100 9 11 2 -1 1 0 -1 -1 64.1818 52.5489 65.0909 53.0018 1 68.3636 57.3212 10 
58 0.336747 66.3253 58.1924 414.911 20.366 22.3568 -1 100 9 11 2 -1 1 0 -1 -1 64.1818 52.5489 65.0909 53.0018 1 68.3636 57.3212 10 
59 0.336747 66.3253 58.1924 412.818 20.3148 22.7211 -1 100 9 11 2 -1 1 0 -1 -1 64.1818 52.5489 65.0909 53.0018 1 68.3636 57.3212 10 
