# Created by main.cpp, 2016-06-29.11:50:46
# name: results
# type: matrix
# rows: 100
# columns: 17
1 1 37.1687 30.4419 0.628313 35.4545 30.552 0.645455 36 29.275 0.64 10.1228 0.304419 100 18 11 10 
2 1 48.6747 39.1284 0.513253 50 41.519 0.5 45.0909 37.4828 0.549091 22.8897 0.653266 100 18 11 10 
3 1 57.8313 45.8603 0.421687 59.8182 47.6282 0.401818 57.2727 44.5428 0.427273 39.623 1.06651 100 18 11 10 
4 1 56.0241 47.0219 0.439759 57.8182 48.8749 0.421818 55.8182 46.0469 0.441818 55.9056 1.47618 100 18 11 10 
5 1 57.1687 48.3073 0.428313 60.5455 50.7262 0.394545 58.1818 47.9424 0.418182 72.0758 1.88835 100 18 11 10 
6 1 59.3976 49.2801 0.406024 60 50.1429 0.4 60 49.0861 0.4 83.8771 2.2387 100 18 11 10 
7 1 59.3976 51.3573 0.406024 61.4545 51.8002 0.385455 59.6364 50.8952 0.403636 98.4442 2.62896 100 18 11 10 
8 1 60.3614 51.6031 0.396386 61.2727 51.0964 0.387273 59.8182 50.9866 0.401818 109.583 2.9804 100 18 11 10 
9 1 60.3614 51.6031 0.396386 61.2727 51.0964 0.387273 59.8182 50.9866 0.401818 122.284 3.36487 100 18 11 10 
10 1 59.9398 52.676 0.400602 59.4545 51.6028 0.405455 59.0909 51.6405 0.409091 134.808 3.74238 100 18 11 10 
11 1 61.506 53.9126 0.38494 61.8182 53.2119 0.381818 61.0909 53.0841 0.389091 149.833 4.16163 100 18 11 10 
12 1 61.506 53.9126 0.38494 61.8182 53.2119 0.381818 61.0909 53.0841 0.389091 161.711 4.54198 100 18 11 10 
13 1 62.8916 54.5742 0.371084 62 52.805 0.38 64 54.3404 0.36 174.24 4.9273 100 18 11 10 
14 1 63.9157 54.6727 0.360843 63.2727 53.1504 0.367273 67.0909 56.1267 0.329091 181.799 5.24343 100 18 11 10 
15 1 63.9157 54.6727 0.360843 63.2727 53.1504 0.367273 67.0909 56.1267 0.329091 190.111 5.57735 100 18 11 10 
16 1 64.8795 54.7364 0.351205 64.1818 53.2717 0.358182 65.6364 53.6823 0.343636 203.617 5.99453 100 18 11 10 
17 1 64.8795 54.7364 0.351205 64.1818 53.2717 0.358182 65.6364 53.6823 0.343636 214.543 6.37574 100 18 11 10 
18 1 66.747 55.5702 0.33253 65.8182 53.8716 0.341818 65.6364 52.9595 0.343636 226.897 6.77222 100 18 11 10 
19 1 66.747 55.5702 0.33253 65.8182 53.8716 0.341818 65.6364 52.9595 0.343636 236.44 7.14198 100 18 11 10 
20 1 66.747 55.5702 0.33253 65.8182 53.8716 0.341818 65.6364 52.9595 0.343636 246.772 7.53651 100 18 11 10 
21 1 66.747 55.5702 0.33253 65.8182 53.8716 0.341818 65.6364 52.9595 0.343636 254.125 7.87538 100 18 11 10 
22 1 66.747 55.5702 0.33253 65.8182 53.8716 0.341818 65.6364 52.9595 0.343636 263.193 8.2599 100 18 11 10 
23 1 68.1928 56.8411 0.318072 66.5455 54.592 0.334545 66.7273 54.7423 0.332727 272.365 8.6337 100 18 11 10 
24 1 67.5904 57.1484 0.324096 66.3636 55.2118 0.336364 64 52.3323 0.36 281.737 9.02681 100 18 11 10 
25 1 67.5904 57.1484 0.324096 66.3636 55.2118 0.336364 64 52.3323 0.36 290.52 9.42084 100 18 11 10 
26 1 65.1205 57.4331 0.348795 63.8182 55.0695 0.361818 61.2727 52.0798 0.387273 297.908 9.79179 100 18 11 10 
27 1 66.5663 57.6306 0.334337 66.5455 56.1117 0.334545 64.5455 54.463 0.354545 303.98 10.1392 100 18 11 10 
28 1 66.5663 57.6306 0.334337 66.5455 56.1117 0.334545 64.5455 54.463 0.354545 311.419 10.5231 100 18 11 10 
29 1 66.5663 57.6306 0.334337 66.5455 56.1117 0.334545 64.5455 54.463 0.354545 319.051 10.9108 100 18 11 10 
30 1 67.6506 57.8653 0.323494 68.1818 57.2919 0.318182 67.6364 56.2469 0.323636 326.222 11.2864 100 18 11 10 
31 1 68.1325 58.768 0.318675 67.4545 57.3638 0.325455 66.5455 56.3112 0.334545 331.825 11.6346 100 18 11 10 
32 1 68.1325 58.768 0.318675 67.4545 57.3638 0.325455 66.5455 56.3112 0.334545 338.524 12.0216 100 18 11 10 
33 1 68.1325 58.768 0.318675 67.4545 57.3638 0.325455 66.5455 56.3112 0.334545 345.95 12.4378 100 18 11 10 
34 1 68.1325 58.768 0.318675 67.4545 57.3638 0.325455 66.5455 56.3112 0.334545 350.604 12.7933 100 18 11 10 
35 1 68.3133 59.1229 0.316867 67.6364 57.5002 0.323636 67.4545 57.6473 0.325455 356.358 13.1811 100 18 11 10 
36 1 68.3133 59.1229 0.316867 67.6364 57.5002 0.323636 67.4545 57.6473 0.325455 358.786 13.5021 100 18 11 10 
37 1 68.8554 60.0985 0.311446 68.9091 57.7991 0.310909 67.6364 57.7838 0.323636 365.24 13.9075 100 18 11 10 
38 1 68.8554 60.0985 0.311446 68.9091 57.7991 0.310909 67.6364 57.7838 0.323636 368.716 14.2605 100 18 11 10 
39 1 69.3373 60.4494 0.306627 69.0909 56.8819 0.309091 67.8182 58.1956 0.321818 373.155 14.6431 100 18 11 10 
40 1 69.3373 60.4494 0.306627 69.0909 56.8819 0.309091 67.8182 58.1956 0.321818 376.378 15.0037 100 18 11 10 
41 1 69.3373 60.4494 0.306627 69.0909 56.8819 0.309091 67.8182 58.1956 0.321818 377.497 15.3225 100 18 11 10 
42 1 69.3373 60.4494 0.306627 69.0909 56.8819 0.309091 67.8182 58.1956 0.321818 380.651 15.697 100 18 11 10 
43 1 68.494 60.4738 0.31506 68.1818 56.139 0.318182 66.5455 57.4611 0.334545 384.621 16.086 100 18 11 10 
44 1 68.494 60.4738 0.31506 68.1818 56.139 0.318182 66.5455 57.4611 0.334545 386.798 16.45 100 18 11 10 
45 1 68.7349 60.7609 0.312651 67.6364 55.4191 0.323636 66.3636 57.3297 0.336364 389.967 16.827 100 18 11 10 
46 1 68.7349 60.7609 0.312651 67.6364 55.4191 0.323636 66.3636 57.3297 0.336364 392.43 17.2146 100 18 11 10 
47 1 68.7349 60.7609 0.312651 67.6364 55.4191 0.323636 66.3636 57.3297 0.336364 394.521 17.6058 100 18 11 10 
48 1 68.7349 60.7609 0.312651 67.6364 55.4191 0.323636 66.3636 57.3297 0.336364 396.124 17.9894 100 18 11 10 
49 1 68.7349 60.7609 0.312651 67.6364 55.4191 0.323636 66.3636 57.3297 0.336364 396.952 18.3538 100 18 11 10 
50 1 68.7349 60.7609 0.312651 67.6364 55.4191 0.323636 66.3636 57.3297 0.336364 397.798 18.7213 100 18 11 10 
51 1 69.5783 60.9531 0.304217 67.2727 55.1878 0.327273 66.5455 57.7144 0.334545 399.832 19.1185 100 18 11 10 
52 1 69.5783 60.9531 0.304217 67.2727 55.1878 0.327273 66.5455 57.7144 0.334545 403.013 19.552 100 18 11 10 
53 1 69.5783 60.9531 0.304217 67.2727 55.1878 0.327273 66.5455 57.7144 0.334545 403.052 19.9163 100 18 11 10 
54 1 69.5783 60.9531 0.304217 67.2727 55.1878 0.327273 66.5455 57.7144 0.334545 402.199 20.2695 100 18 11 10 
55 1 70.3614 61.5578 0.296386 69.0909 56.0015 0.309091 66 57.2759 0.34 403.867 20.7017 100 18 11 10 
56 1 70.3614 61.5578 0.296386 69.0909 56.0015 0.309091 66 57.2759 0.34 402.146 21.0478 100 18 11 10 
57 1 70.3614 61.5578 0.296386 69.0909 56.0015 0.309091 66 57.2759 0.34 401.23 21.4094 100 18 11 10 
58 1 70.3614 61.5578 0.296386 69.0909 56.0015 0.309091 66 57.2759 0.34 399.954 21.7645 100 18 11 10 
59 1 70.3614 61.5578 0.296386 69.0909 56.0015 0.309091 66 57.2759 0.34 397.719 22.111 100 18 11 10 
60 1 70.3614 61.5578 0.296386 69.0909 56.0015 0.309091 66 57.2759 0.34 395.502 22.4541 100 18 11 10 
61 1 70.3614 61.5578 0.296386 69.0909 56.0015 0.309091 66 57.2759 0.34 393.209 22.8368 100 18 11 10 
62 1 70.3614 61.5578 0.296386 69.0909 56.0015 0.309091 66 57.2759 0.34 393.073 23.2448 100 18 11 10 
63 1 69.759 61.6117 0.30241 67.4545 55.8884 0.325455 64.5455 55.1291 0.354545 392.187 23.6494 100 18 11 10 
64 1 69.759 61.6117 0.30241 67.4545 55.8884 0.325455 64.5455 55.1291 0.354545 390.057 24.0572 100 18 11 10 
65 1 69.759 61.6117 0.30241 67.4545 55.8884 0.325455 64.5455 55.1291 0.354545 387.661 24.46 100 18 11 10 
66 1 69.759 61.6117 0.30241 67.4545 55.8884 0.325455 64.5455 55.1291 0.354545 384.529 24.8297 100 18 11 10 
67 1 69.759 61.6117 0.30241 67.4545 55.8884 0.325455 64.5455 55.1291 0.354545 380.692 25.2016 100 18 11 10 
68 1 69.4578 61.9124 0.305422 67.2727 56.1653 0.327273 64.3636 54.7445 0.356364 378.562 25.6173 100 18 11 10 
69 1 69.4578 61.9124 0.305422 67.2727 56.1653 0.327273 64.3636 54.7445 0.356364 374.58 26.0092 100 18 11 10 
70 1 69.4578 61.9124 0.305422 67.2727 56.1653 0.327273 64.3636 54.7445 0.356364 369.184 26.338 100 18 11 10 
71 1 69.4578 61.9124 0.305422 67.2727 56.1653 0.327273 64.3636 54.7445 0.356364 364.885 26.7364 100 18 11 10 
72 1 69.4578 61.9124 0.305422 67.2727 56.1653 0.327273 64.3636 54.7445 0.356364 359.207 27.0788 100 18 11 10 
73 1 69.4578 61.9124 0.305422 67.2727 56.1653 0.327273 64.3636 54.7445 0.356364 353.899 27.4656 100 18 11 10 
