# Created by main.cpp, 2016-06-29.11:12:57
# name: results
# type: matrix
# rows: 100
# columns: 17
1 1 70.4819 48.1085 0.295181 67.2727 45 0.327273 87.2727 72.9825 0.127273 22.9128 0.481085 100 18 11 1 
2 1 74.0964 54.4625 0.259036 65.4545 39.5604 0.345455 74.5455 48.8032 0.254545 51.7538 1.02571 100 18 11 1 
3 1 74.0964 54.4625 0.259036 65.4545 39.5604 0.345455 74.5455 48.8032 0.254545 56.8484 1.26316 100 18 11 1 
4 1 74.0964 54.4625 0.259036 65.4545 39.5604 0.345455 74.5455 48.8032 0.254545 75.4716 1.70982 100 18 11 1 
5 1 74.0964 54.4625 0.259036 65.4545 39.5604 0.345455 74.5455 48.8032 0.254545 95.7158 2.17963 100 18 11 1 
6 1 70.4819 56.9789 0.295181 67.2727 40.2174 0.327273 65.4545 47.7761 0.345455 125.373 2.74941 100 18 11 1 
7 1 70.4819 56.9789 0.295181 67.2727 40.2174 0.327273 65.4545 47.7761 0.345455 128.703 2.96268 100 18 11 1 
8 1 70.4819 56.9789 0.295181 67.2727 40.2174 0.327273 65.4545 47.7761 0.345455 146.486 3.41748 100 18 11 1 
9 1 70.4819 56.9789 0.295181 67.2727 40.2174 0.327273 65.4545 47.7761 0.345455 165.501 3.89162 100 18 11 1 
10 1 70.4819 56.9789 0.295181 67.2727 40.2174 0.327273 65.4545 47.7761 0.345455 169.004 4.12311 100 18 11 1 
11 1 70.4819 56.9789 0.295181 67.2727 40.2174 0.327273 65.4545 47.7761 0.345455 172.4 4.35459 100 18 11 1 
12 1 70.4819 56.9789 0.295181 67.2727 40.2174 0.327273 65.4545 47.7761 0.345455 175.689 4.58607 100 18 11 1 
13 1 70.4819 56.9789 0.295181 67.2727 40.2174 0.327273 65.4545 47.7761 0.345455 182.851 4.90532 100 18 11 1 
14 1 70.4819 56.9789 0.295181 67.2727 40.2174 0.327273 65.4545 47.7761 0.345455 196.886 5.33463 100 18 11 1 
15 1 70.4819 56.9789 0.295181 67.2727 40.2174 0.327273 65.4545 47.7761 0.345455 199.724 5.5662 100 18 11 1 
16 1 70.4819 56.9789 0.295181 67.2727 40.2174 0.327273 65.4545 47.7761 0.345455 203.449 5.82437 100 18 11 1 
17 1 70.4819 56.9789 0.295181 67.2727 40.2174 0.327273 65.4545 47.7761 0.345455 208.911 6.12535 100 18 11 1 
18 1 70.4819 56.9789 0.295181 67.2727 40.2174 0.327273 65.4545 47.7761 0.345455 212.198 6.37965 100 18 11 1 
19 1 70.4819 56.9789 0.295181 67.2727 40.2174 0.327273 65.4545 47.7761 0.345455 225.695 6.81891 100 18 11 1 
20 1 70.4819 56.9789 0.295181 67.2727 40.2174 0.327273 65.4545 47.7761 0.345455 227.506 7.03957 100 18 11 1 
21 1 70.4819 56.9789 0.295181 67.2727 40.2174 0.327273 65.4545 47.7761 0.345455 231.48 7.32326 100 18 11 1 
22 1 70.4819 56.9789 0.295181 67.2727 40.2174 0.327273 65.4545 47.7761 0.345455 244.971 7.77373 100 18 11 1 
23 1 70.4819 56.9789 0.295181 67.2727 40.2174 0.327273 65.4545 47.7761 0.345455 247.459 8.02916 100 18 11 1 
24 1 70.4819 56.9789 0.295181 67.2727 40.2174 0.327273 65.4545 47.7761 0.345455 258.422 8.45277 100 18 11 1 
25 1 70.4819 56.9789 0.295181 67.2727 40.2174 0.327273 65.4545 47.7761 0.345455 259.561 8.67525 100 18 11 1 
26 1 70.4819 56.9789 0.295181 67.2727 40.2174 0.327273 65.4545 47.7761 0.345455 273.478 9.14792 100 18 11 1 
27 1 70.4819 56.9789 0.295181 67.2727 40.2174 0.327273 65.4545 47.7761 0.345455 282.899 9.56235 100 18 11 1 
28 1 70.4819 56.9789 0.295181 67.2727 40.2174 0.327273 65.4545 47.7761 0.345455 290.934 9.95976 100 18 11 1 
29 1 70.4819 56.9789 0.295181 67.2727 40.2174 0.327273 65.4545 47.7761 0.345455 291.721 10.1948 100 18 11 1 
30 1 70.4819 56.9789 0.295181 67.2727 40.2174 0.327273 65.4545 47.7761 0.345455 305.454 10.6842 100 18 11 1 
31 1 70.4819 56.9789 0.295181 67.2727 40.2174 0.327273 65.4545 47.7761 0.345455 316.154 11.1381 100 18 11 1 
32 1 70.4819 56.9789 0.295181 67.2727 40.2174 0.327273 65.4545 47.7761 0.345455 325.129 11.5721 100 18 11 1 
33 1 70.4819 56.9789 0.295181 67.2727 40.2174 0.327273 65.4545 47.7761 0.345455 333.479 12.002 100 18 11 1 
34 1 70.4819 56.9789 0.295181 67.2727 40.2174 0.327273 65.4545 47.7761 0.345455 333.15 12.2299 100 18 11 1 
35 1 70.4819 56.9789 0.295181 67.2727 40.2174 0.327273 65.4545 47.7761 0.345455 334.676 12.5286 100 18 11 1 
36 1 70.4819 56.9789 0.295181 67.2727 40.2174 0.327273 65.4545 47.7761 0.345455 339.447 12.9085 100 18 11 1 
37 1 70.4819 56.9789 0.295181 67.2727 40.2174 0.327273 65.4545 47.7761 0.345455 338.506 13.1255 100 18 11 1 
38 1 70.4819 56.9789 0.295181 67.2727 40.2174 0.327273 65.4545 47.7761 0.345455 350.573 13.6315 100 18 11 1 
39 1 70.4819 56.9789 0.295181 67.2727 40.2174 0.327273 65.4545 47.7761 0.345455 362.122 14.1375 100 18 11 1 
40 1 70.4819 56.9789 0.295181 67.2727 40.2174 0.327273 65.4545 47.7761 0.345455 367.576 14.555 100 18 11 1 
41 1 70.4819 56.9789 0.295181 67.2727 40.2174 0.327273 65.4545 47.7761 0.345455 372.571 14.9705 100 18 11 1 
42 1 70.4819 56.9789 0.295181 67.2727 40.2174 0.327273 65.4545 47.7761 0.345455 377.509 15.3914 100 18 11 1 
43 1 70.4819 56.9789 0.295181 67.2727 40.2174 0.327273 65.4545 47.7761 0.345455 381.765 15.8061 100 18 11 1 
44 1 70.4819 56.9789 0.295181 67.2727 40.2174 0.327273 65.4545 47.7761 0.345455 385.231 16.2117 100 18 11 1 
45 1 70.4819 56.9789 0.295181 67.2727 40.2174 0.327273 65.4545 47.7761 0.345455 390.684 16.6616 100 18 11 1 
46 1 70.4819 56.9789 0.295181 67.2727 40.2174 0.327273 65.4545 47.7761 0.345455 393.728 17.073 100 18 11 1 
47 1 70.4819 56.9789 0.295181 67.2727 40.2174 0.327273 65.4545 47.7761 0.345455 395.528 17.4643 100 18 11 1 
48 1 70.4819 56.9789 0.295181 67.2727 40.2174 0.327273 65.4545 47.7761 0.345455 392.624 17.683 100 18 11 1 
49 1 70.4819 56.9789 0.295181 67.2727 40.2174 0.327273 65.4545 47.7761 0.345455 398.252 18.1595 100 18 11 1 
50 1 70.4819 56.9789 0.295181 67.2727 40.2174 0.327273 65.4545 47.7761 0.345455 403.264 18.6332 100 18 11 1 
51 1 70.4819 56.9789 0.295181 67.2727 40.2174 0.327273 65.4545 47.7761 0.345455 404.551 19.0415 100 18 11 1 
52 1 70.4819 56.9789 0.295181 67.2727 40.2174 0.327273 65.4545 47.7761 0.345455 401.133 19.2835 100 18 11 1 
53 1 70.4819 56.9789 0.295181 67.2727 40.2174 0.327273 65.4545 47.7761 0.345455 397.883 19.5498 100 18 11 1 
54 1 70.4819 56.9789 0.295181 67.2727 40.2174 0.327273 65.4545 47.7761 0.345455 394.06 19.7668 100 18 11 1 
55 1 70.4819 56.9789 0.295181 67.2727 40.2174 0.327273 65.4545 47.7761 0.345455 394.637 20.1802 100 18 11 1 
56 1 70.4819 56.9789 0.295181 67.2727 40.2174 0.327273 65.4545 47.7761 0.345455 394.233 20.5776 100 18 11 1 
57 1 70.4819 56.9789 0.295181 67.2727 40.2174 0.327273 65.4545 47.7761 0.345455 395.514 21.0224 100 18 11 1 
58 1 70.4819 56.9789 0.295181 67.2727 40.2174 0.327273 65.4545 47.7761 0.345455 394.483 21.421 100 18 11 1 
59 1 70.4819 56.9789 0.295181 67.2727 40.2174 0.327273 65.4545 47.7761 0.345455 393.277 21.8235 100 18 11 1 
60 1 70.4819 56.9789 0.295181 67.2727 40.2174 0.327273 65.4545 47.7761 0.345455 392.233 22.239 100 18 11 1 
61 1 70.4819 56.9789 0.295181 67.2727 40.2174 0.327273 65.4545 47.7761 0.345455 387.25 22.4522 100 18 11 1 
62 1 70.4819 56.9789 0.295181 67.2727 40.2174 0.327273 65.4545 47.7761 0.345455 384.87 22.8445 100 18 11 1 
63 1 70.4819 56.9789 0.295181 67.2727 40.2174 0.327273 65.4545 47.7761 0.345455 385.201 23.3132 100 18 11 1 
64 1 70.4819 56.9789 0.295181 67.2727 40.2174 0.327273 65.4545 47.7761 0.345455 380.255 23.6228 100 18 11 1 
65 1 70.4819 56.9789 0.295181 67.2727 40.2174 0.327273 65.4545 47.7761 0.345455 374.62 23.8578 100 18 11 1 
66 1 70.4819 56.9789 0.295181 67.2727 40.2174 0.327273 65.4545 47.7761 0.345455 370.091 24.2099 100 18 11 1 
67 1 70.4819 56.9789 0.295181 67.2727 40.2174 0.327273 65.4545 47.7761 0.345455 367.345 24.6335 100 18 11 1 
68 1 70.4819 56.9789 0.295181 67.2727 40.2174 0.327273 65.4545 47.7761 0.345455 361.337 24.9172 100 18 11 1 
69 1 70.4819 56.9789 0.295181 67.2727 40.2174 0.327273 65.4545 47.7761 0.345455 356.587 25.2929 100 18 11 1 
70 1 70.4819 56.9789 0.295181 67.2727 40.2174 0.327273 65.4545 47.7761 0.345455 350.201 25.5208 100 18 11 1 
71 1 70.4819 56.9789 0.295181 67.2727 40.2174 0.327273 65.4545 47.7761 0.345455 347.464 25.9756 100 18 11 1 
72 1 70.4819 56.9789 0.295181 67.2727 40.2174 0.327273 65.4545 47.7761 0.345455 343.508 26.4079 100 18 11 1 
