# Created by main.cpp, 2016-06-29.11:12:57
# name: results
# type: matrix
# rows: 100
# columns: 17
1 1 30 19.97 0.7 40 27.0677 0.6 56.6667 34.8148 0.433333 3.94812 0.1997 100 12 7 1 
2 1 30 19.97 0.7 40 27.0677 0.6 56.6667 34.8148 0.433333 6.49632 0.362165 100 12 7 1 
3 1 30 19.97 0.7 40 27.0677 0.6 56.6667 34.8148 0.433333 9.1256 0.528831 100 12 7 1 
4 1 30 19.97 0.7 40 27.0677 0.6 56.6667 34.8148 0.433333 11.9678 0.703695 100 12 7 1 
5 1 56.6667 46.3005 0.7 63.3333 51.7261 0.466667 66.6667 52.2051 0.433333 32.5392 1.1667 100 12 7 1 
6 1 76.6667 74.5853 0.233333 66.6667 61.039 0.333333 73.3333 77.6224 0.266667 85.8722 1.91255 100 12 7 1 
7 1 76.6667 74.5853 0.233333 66.6667 61.039 0.333333 73.3333 77.6224 0.266667 87.6269 2.0664 100 12 7 1 
8 1 76.6667 74.5853 0.233333 66.6667 61.039 0.333333 73.3333 77.6224 0.266667 89.8091 2.2372 100 12 7 1 
9 1 76.6667 74.5853 0.233333 66.6667 61.039 0.333333 73.3333 77.6224 0.266667 92.0538 2.41206 100 12 7 1 
10 1 76.6667 74.5853 0.233333 66.6667 61.039 0.333333 73.3333 77.6224 0.266667 93.8831 2.57453 100 12 7 1 
11 1 76.6667 74.5853 0.233333 66.6667 61.039 0.333333 73.3333 77.6224 0.266667 97.8137 2.80148 100 12 7 1 
12 1 76.6667 74.5853 0.233333 66.6667 61.039 0.333333 73.3333 77.6224 0.266667 97.7478 2.81814 100 12 7 1 
13 1 76.6667 74.5853 0.233333 66.6667 61.039 0.333333 73.3333 77.6224 0.266667 99.3337 2.97634 100 12 7 1 
14 1 76.6667 74.5853 0.233333 66.6667 61.039 0.333333 73.3333 77.6224 0.266667 102.623 3.19115 100 12 7 1 
15 1 76.6667 74.5853 0.233333 66.6667 61.039 0.333333 73.3333 77.6224 0.266667 106.094 3.41337 100 12 7 1 
16 1 76.6667 74.5853 0.233333 66.6667 61.039 0.333333 73.3333 77.6224 0.266667 107.387 3.56722 100 12 7 1 
17 1 76.6667 74.5853 0.233333 66.6667 61.039 0.333333 73.3333 77.6224 0.266667 108.841 3.72968 100 12 7 1 
18 1 76.6667 74.5853 0.233333 66.6667 61.039 0.333333 73.3333 77.6224 0.266667 109.937 3.87911 100 12 7 1 
19 1 76.6667 74.5853 0.233333 66.6667 61.039 0.333333 73.3333 77.6224 0.266667 109.808 3.93353 100 12 7 1 
20 1 76.6667 74.5853 0.233333 66.6667 61.039 0.333333 73.3333 77.6224 0.266667 110.941 4.08738 100 12 7 1 
21 1 76.6667 74.5853 0.233333 66.6667 61.039 0.333333 73.3333 77.6224 0.266667 134.24 4.61555 100 12 7 1 
22 1 76.6667 74.5853 0.233333 66.6667 61.039 0.333333 73.3333 77.6224 0.266667 158.602 5.16042 100 12 7 1 
23 1 76.6667 74.5853 0.233333 66.6667 61.039 0.333333 73.3333 77.6224 0.266667 179.794 5.67813 100 12 7 1 
24 1 76.6667 74.5853 0.233333 66.6667 61.039 0.333333 73.3333 77.6224 0.266667 180.93 5.85699 100 12 7 1 
25 1 76.6667 74.5853 0.233333 66.6667 61.039 0.333333 73.3333 77.6224 0.266667 182.002 6.03585 100 12 7 1 
26 1 76.6667 74.5853 0.233333 66.6667 61.039 0.333333 73.3333 77.6224 0.266667 182.71 6.2011 100 12 7 1 
27 1 76.6667 74.5853 0.233333 66.6667 61.039 0.333333 73.3333 77.6224 0.266667 183.568 6.37596 100 12 7 1 
28 1 76.6667 74.5853 0.233333 66.6667 61.039 0.333333 73.3333 77.6224 0.266667 183.729 6.51631 100 12 7 1 
29 1 76.6667 74.5853 0.233333 66.6667 61.039 0.333333 73.3333 77.6224 0.266667 184.225 6.67878 100 12 7 1 
30 1 76.6667 74.5853 0.233333 66.6667 61.039 0.333333 73.3333 77.6224 0.266667 185.091 6.86157 100 12 7 1 
31 1 76.6667 74.5853 0.233333 66.6667 61.039 0.333333 73.3333 77.6224 0.266667 185.474 7.02404 100 12 7 1 
32 1 76.6667 74.5853 0.233333 66.6667 61.039 0.333333 73.3333 77.6224 0.266667 195.823 7.426 100 12 7 1 
33 1 76.6667 74.5853 0.233333 66.6667 61.039 0.333333 73.3333 77.6224 0.266667 196.334 7.60486 100 12 7 1 
34 1 76.6667 74.5853 0.233333 66.6667 61.039 0.333333 73.3333 77.6224 0.266667 196.624 7.77566 100 12 7 1 
35 1 76.6667 74.5853 0.233333 66.6667 61.039 0.333333 73.3333 77.6224 0.266667 196.909 7.94933 100 12 7 1 
36 1 76.6667 74.5853 0.233333 66.6667 61.039 0.333333 73.3333 77.6224 0.266667 198.65 8.18462 100 12 7 1 
37 1 76.6667 74.5853 0.233333 66.6667 61.039 0.333333 73.3333 77.6224 0.266667 198.603 8.34709 100 12 7 1 
38 1 76.6667 74.5853 0.233333 66.6667 61.039 0.333333 73.3333 77.6224 0.266667 198.587 8.34809 100 12 7 1 
39 1 76.6667 74.5853 0.233333 66.6667 61.039 0.333333 73.3333 77.6224 0.266667 198.487 8.51055 100 12 7 1 
40 1 76.6667 74.5853 0.233333 66.6667 61.039 0.333333 73.3333 77.6224 0.266667 198.759 8.69722 100 12 7 1 
41 1 76.6667 74.5853 0.233333 66.6667 61.039 0.333333 73.3333 77.6224 0.266667 198.677 8.86802 100 12 7 1 
42 1 76.6667 74.5853 0.233333 66.6667 61.039 0.333333 73.3333 77.6224 0.266667 198.348 9.02621 100 12 7 1 
43 1 76.6667 74.5853 0.233333 66.6667 61.039 0.333333 73.3333 77.6224 0.266667 199.79 9.26863 100 12 7 1 
44 1 76.6667 74.5853 0.233333 66.6667 61.039 0.333333 73.3333 77.6224 0.266667 199.275 9.42197 100 12 7 1 
45 1 76.6667 74.5853 0.233333 66.6667 61.039 0.333333 73.3333 77.6224 0.266667 198.885 9.58863 100 12 7 1 
46 1 76.6667 74.5853 0.233333 66.6667 61.039 0.333333 73.3333 77.6224 0.266667 198.497 9.75943 100 12 7 1 
47 1 76.6667 74.5853 0.233333 66.6667 61.039 0.333333 73.3333 77.6224 0.266667 218.453 10.3177 100 12 7 1 
48 1 76.6667 74.5853 0.233333 66.6667 61.039 0.333333 73.3333 77.6224 0.266667 217.817 10.4885 100 12 7 1 
49 1 76.6667 74.5853 0.233333 66.6667 61.039 0.333333 73.3333 77.6224 0.266667 217.796 10.4895 100 12 7 1 
50 1 76.6667 74.5853 0.233333 66.6667 61.039 0.333333 73.3333 77.6224 0.266667 217.101 10.6603 100 12 7 1 
51 1 76.6667 74.5853 0.233333 66.6667 61.039 0.333333 73.3333 77.6224 0.266667 233.953 11.1944 100 12 7 1 
52 1 76.6667 74.5853 0.233333 66.6667 61.039 0.333333 73.3333 77.6224 0.266667 233.116 11.3732 100 12 7 1 
53 1 76.6667 74.5853 0.233333 66.6667 61.039 0.333333 73.3333 77.6224 0.266667 231.837 11.5049 100 12 7 1 
54 1 76.6667 74.5853 0.233333 66.6667 61.039 0.333333 73.3333 77.6224 0.266667 231.862 11.7384 100 12 7 1 
55 1 76.6667 74.5853 0.233333 66.6667 61.039 0.333333 73.3333 77.6224 0.266667 230.7 11.9051 100 12 7 1 
56 1 76.6667 74.5853 0.233333 66.6667 61.039 0.333333 73.3333 77.6224 0.266667 229.481 12.0718 100 12 7 1 
57 1 76.6667 74.5853 0.233333 66.6667 61.039 0.333333 73.3333 77.6224 0.266667 228.246 12.2426 100 12 7 1 
58 1 76.6667 74.5853 0.233333 66.6667 61.039 0.333333 73.3333 77.6224 0.266667 226.952 12.4134 100 12 7 1 
59 1 76.6667 74.5853 0.233333 66.6667 61.039 0.333333 73.3333 77.6224 0.266667 244.293 12.9757 100 12 7 1 
60 1 76.6667 74.5853 0.233333 66.6667 61.039 0.333333 73.3333 77.6224 0.266667 242.665 13.1338 100 12 7 1 
61 1 76.6667 74.5853 0.233333 66.6667 61.039 0.333333 73.3333 77.6224 0.266667 242.381 13.1451 100 12 7 1 
62 1 76.6667 74.5853 0.233333 66.6667 61.039 0.333333 73.3333 77.6224 0.266667 240.778 13.3159 100 12 7 1 
63 1 76.6667 74.5853 0.233333 66.6667 61.039 0.333333 73.3333 77.6224 0.266667 239.09 13.4826 100 12 7 1 
64 1 76.6667 74.5853 0.233333 66.6667 61.039 0.333333 73.3333 77.6224 0.266667 237.346 13.6493 100 12 7 1 
65 1 76.6667 74.5853 0.233333 66.6667 61.039 0.333333 73.3333 77.6224 0.266667 236.371 13.8829 100 12 7 1 
66 1 76.6667 74.5853 0.233333 66.6667 61.039 0.333333 73.3333 77.6224 0.266667 235.245 14.1142 100 12 7 1 
67 1 76.6667 74.5853 0.233333 66.6667 61.039 0.333333 73.3333 77.6224 0.266667 233.393 14.297 100 12 7 1 
68 1 76.6667 74.5853 0.233333 66.6667 61.039 0.333333 73.3333 77.6224 0.266667 231.686 14.5015 100 12 7 1 
69 1 76.6667 74.5853 0.233333 66.6667 61.039 0.333333 73.3333 77.6224 0.266667 229.576 14.6597 100 12 7 1 
70 1 76.6667 74.5853 0.233333 66.6667 61.039 0.333333 73.3333 77.6224 0.266667 227.456 14.8305 100 12 7 1 
71 1 76.6667 74.5853 0.233333 66.6667 61.039 0.333333 73.3333 77.6224 0.266667 225.919 14.8972 100 12 7 1 
72 1 76.6667 74.5853 0.233333 66.6667 61.039 0.333333 73.3333 77.6224 0.266667 238.517 15.4348 100 12 7 1 
73 1 76.6667 74.5853 0.233333 66.6667 61.039 0.333333 73.3333 77.6224 0.266667 236.111 15.593 100 12 7 1 
74 1 76.6667 74.5853 0.233333 66.6667 61.039 0.333333 73.3333 77.6224 0.266667 234.1 15.8176 100 12 7 1 
