# Created by main.cpp, 2016-06-26.20:50:48
# name: results
# type: matrix
# rows: 100
# columns: 25
1 0.7 30 19.97 3.94812 1.98699 0.1997 -1 100 4 7 3 -1 1 0 -1 -1 56.6667 34.8148 40 27.0677 1 66.6667 61.039 1 
2 0.7 30 19.97 6.49632 2.54879 0.362165 -1 100 4 7 3 -1 1 0 -1 -1 56.6667 34.8148 40 27.0677 1 66.6667 61.039 1 
3 0.7 30 19.97 9.1256 3.02086 0.528831 -1 100 4 7 3 -1 1 0 -1 -1 56.6667 34.8148 40 27.0677 1 66.6667 61.039 1 
4 0.7 30 19.97 11.9678 3.45945 0.703695 -1 100 4 7 3 -1 1 0 -1 -1 56.6667 34.8148 40 27.0677 1 66.6667 61.039 1 
5 0.433333 56.6667 46.3005 32.5392 5.70431 1.1667 -1 100 4 7 3 -1 1 0 -1 -1 66.6667 52.2051 63.3333 51.7261 1 66.6667 61.039 1 
6 0.233333 76.6667 74.5853 85.8722 9.26672 1.91255 -1 100 4 7 3 -1 1 0 -1 -1 73.3333 77.6224 66.6667 61.039 1 66.6667 61.039 1 
7 0.233333 76.6667 74.5853 87.6269 9.36092 2.0664 -1 100 4 7 3 -1 1 0 -1 -1 73.3333 77.6224 66.6667 61.039 1 66.6667 61.039 1 
8 0.233333 76.6667 74.5853 89.8091 9.47676 2.2372 -1 100 4 7 3 -1 1 0 -1 -1 73.3333 77.6224 66.6667 61.039 1 66.6667 61.039 1 
9 0.233333 76.6667 74.5853 92.0538 9.59447 2.41206 -1 100 4 7 3 -1 1 0 -1 -1 73.3333 77.6224 66.6667 61.039 1 66.6667 61.039 1 
10 0.233333 76.6667 74.5853 93.8831 9.68933 2.57453 -1 100 4 7 3 -1 1 0 -1 -1 73.3333 77.6224 66.6667 61.039 1 66.6667 61.039 1 
11 0.233333 76.6667 74.5853 97.8137 9.89008 2.80148 -1 100 4 7 3 -1 1 0 -1 -1 73.3333 77.6224 66.6667 61.039 1 66.6667 61.039 1 
12 0.233333 76.6667 74.5853 97.7478 9.88675 2.81814 -1 100 4 7 3 -1 1 0 -1 -1 73.3333 77.6224 66.6667 61.039 1 66.6667 61.039 1 
13 0.233333 76.6667 74.5853 99.3337 9.96663 2.97634 -1 100 4 7 3 -1 1 0 -1 -1 73.3333 77.6224 66.6667 61.039 1 66.6667 61.039 1 
14 0.233333 76.6667 74.5853 102.623 10.1303 3.19115 -1 100 4 7 3 -1 1 0 -1 -1 73.3333 77.6224 66.6667 61.039 1 66.6667 61.039 1 
15 0.233333 76.6667 74.5853 106.094 10.3002 3.41337 -1 100 4 7 3 -1 1 0 -1 -1 73.3333 77.6224 66.6667 61.039 1 66.6667 61.039 1 
16 0.233333 76.6667 74.5853 107.387 10.3628 3.56722 -1 100 4 7 3 -1 1 0 -1 -1 73.3333 77.6224 66.6667 61.039 1 66.6667 61.039 1 
17 0.233333 76.6667 74.5853 108.841 10.4327 3.72968 -1 100 4 7 3 -1 1 0 -1 -1 73.3333 77.6224 66.6667 61.039 1 66.6667 61.039 1 
18 0.233333 76.6667 74.5853 109.937 10.4851 3.87911 -1 100 4 7 3 -1 1 0 -1 -1 73.3333 77.6224 66.6667 61.039 1 66.6667 61.039 1 
19 0.233333 76.6667 74.5853 109.808 10.4789 3.93353 -1 100 4 7 3 -1 1 0 -1 -1 73.3333 77.6224 66.6667 61.039 1 66.6667 61.039 1 
20 0.233333 76.6667 74.5853 110.941 10.5328 4.08738 -1 100 4 7 3 -1 1 0 -1 -1 73.3333 77.6224 66.6667 61.039 1 66.6667 61.039 1 
21 0.233333 76.6667 74.5853 134.24 11.5862 4.61555 -1 100 4 7 3 -1 1 0 -1 -1 73.3333 77.6224 66.6667 61.039 1 66.6667 61.039 1 
22 0.233333 76.6667 74.5853 158.602 12.5937 5.16042 -1 100 4 7 3 -1 1 0 -1 -1 73.3333 77.6224 66.6667 61.039 1 66.6667 61.039 1 
23 0.233333 76.6667 74.5853 179.794 13.4087 5.67813 -1 100 4 7 3 -1 1 0 -1 -1 73.3333 77.6224 66.6667 61.039 1 66.6667 61.039 1 
24 0.233333 76.6667 74.5853 180.93 13.451 5.85699 -1 100 4 7 3 -1 1 0 -1 -1 73.3333 77.6224 66.6667 61.039 1 66.6667 61.039 1 
25 0.233333 76.6667 74.5853 182.002 13.4908 6.03585 -1 100 4 7 3 -1 1 0 -1 -1 73.3333 77.6224 66.6667 61.039 1 66.6667 61.039 1 
26 0.233333 76.6667 74.5853 182.71 13.517 6.2011 -1 100 4 7 3 -1 1 0 -1 -1 73.3333 77.6224 66.6667 61.039 1 66.6667 61.039 1 
27 0.233333 76.6667 74.5853 183.568 13.5487 6.37596 -1 100 4 7 3 -1 1 0 -1 -1 73.3333 77.6224 66.6667 61.039 1 66.6667 61.039 1 
28 0.233333 76.6667 74.5853 183.729 13.5547 6.51631 -1 100 4 7 3 -1 1 0 -1 -1 73.3333 77.6224 66.6667 61.039 1 66.6667 61.039 1 
29 0.233333 76.6667 74.5853 184.225 13.5729 6.67878 -1 100 4 7 3 -1 1 0 -1 -1 73.3333 77.6224 66.6667 61.039 1 66.6667 61.039 1 
30 0.233333 76.6667 74.5853 185.091 13.6048 6.86157 -1 100 4 7 3 -1 1 0 -1 -1 73.3333 77.6224 66.6667 61.039 1 66.6667 61.039 1 
31 0.233333 76.6667 74.5853 185.474 13.6189 7.02404 -1 100 4 7 3 -1 1 0 -1 -1 73.3333 77.6224 66.6667 61.039 1 66.6667 61.039 1 
32 0.233333 76.6667 74.5853 195.823 13.9937 7.426 -1 100 4 7 3 -1 1 0 -1 -1 73.3333 77.6224 66.6667 61.039 1 66.6667 61.039 1 
33 0.233333 76.6667 74.5853 196.334 14.0119 7.60486 -1 100 4 7 3 -1 1 0 -1 -1 73.3333 77.6224 66.6667 61.039 1 66.6667 61.039 1 
34 0.233333 76.6667 74.5853 196.624 14.0223 7.77566 -1 100 4 7 3 -1 1 0 -1 -1 73.3333 77.6224 66.6667 61.039 1 66.6667 61.039 1 
35 0.233333 76.6667 74.5853 196.909 14.0324 7.94933 -1 100 4 7 3 -1 1 0 -1 -1 73.3333 77.6224 66.6667 61.039 1 66.6667 61.039 1 
36 0.233333 76.6667 74.5853 198.65 14.0943 8.18462 -1 100 4 7 3 -1 1 0 -1 -1 73.3333 77.6224 66.6667 61.039 1 66.6667 61.039 1 
37 0.233333 76.6667 74.5853 198.603 14.0927 8.34709 -1 100 4 7 3 -1 1 0 -1 -1 73.3333 77.6224 66.6667 61.039 1 66.6667 61.039 1 
38 0.233333 76.6667 74.5853 198.587 14.0921 8.34809 -1 100 4 7 3 -1 1 0 -1 -1 73.3333 77.6224 66.6667 61.039 1 66.6667 61.039 1 
39 0.233333 76.6667 74.5853 198.487 14.0885 8.51055 -1 100 4 7 3 -1 1 0 -1 -1 73.3333 77.6224 66.6667 61.039 1 66.6667 61.039 1 
40 0.233333 76.6667 74.5853 198.759 14.0982 8.69722 -1 100 4 7 3 -1 1 0 -1 -1 73.3333 77.6224 66.6667 61.039 1 66.6667 61.039 1 
41 0.233333 76.6667 74.5853 198.677 14.0953 8.86802 -1 100 4 7 3 -1 1 0 -1 -1 73.3333 77.6224 66.6667 61.039 1 66.6667 61.039 1 
42 0.233333 76.6667 74.5853 198.348 14.0836 9.02621 -1 100 4 7 3 -1 1 0 -1 -1 73.3333 77.6224 66.6667 61.039 1 66.6667 61.039 1 
43 0.233333 76.6667 74.5853 199.79 14.1347 9.26863 -1 100 4 7 3 -1 1 0 -1 -1 73.3333 77.6224 66.6667 61.039 1 66.6667 61.039 1 
44 0.233333 76.6667 74.5853 199.275 14.1165 9.42197 -1 100 4 7 3 -1 1 0 -1 -1 73.3333 77.6224 66.6667 61.039 1 66.6667 61.039 1 
45 0.233333 76.6667 74.5853 198.885 14.1027 9.58863 -1 100 4 7 3 -1 1 0 -1 -1 73.3333 77.6224 66.6667 61.039 1 66.6667 61.039 1 
46 0.233333 76.6667 74.5853 198.497 14.0889 9.75943 -1 100 4 7 3 -1 1 0 -1 -1 73.3333 77.6224 66.6667 61.039 1 66.6667 61.039 1 
47 0.233333 76.6667 74.5853 218.453 14.7802 10.3177 -1 100 4 7 3 -1 1 0 -1 -1 73.3333 77.6224 66.6667 61.039 1 66.6667 61.039 1 
48 0.233333 76.6667 74.5853 217.817 14.7586 10.4885 -1 100 4 7 3 -1 1 0 -1 -1 73.3333 77.6224 66.6667 61.039 1 66.6667 61.039 1 
49 0.233333 76.6667 74.5853 217.796 14.7579 10.4895 -1 100 4 7 3 -1 1 0 -1 -1 73.3333 77.6224 66.6667 61.039 1 66.6667 61.039 1 
50 0.233333 76.6667 74.5853 217.101 14.7343 10.6603 -1 100 4 7 3 -1 1 0 -1 -1 73.3333 77.6224 66.6667 61.039 1 66.6667 61.039 1 
51 0.233333 76.6667 74.5853 233.953 15.2955 11.1944 -1 100 4 7 3 -1 1 0 -1 -1 73.3333 77.6224 66.6667 61.039 1 66.6667 61.039 1 
52 0.233333 76.6667 74.5853 233.116 15.2681 11.3732 -1 100 4 7 3 -1 1 0 -1 -1 73.3333 77.6224 66.6667 61.039 1 66.6667 61.039 1 
53 0.233333 76.6667 74.5853 231.837 15.2262 11.5049 -1 100 4 7 3 -1 1 0 -1 -1 73.3333 77.6224 66.6667 61.039 1 66.6667 61.039 1 
54 0.233333 76.6667 74.5853 231.862 15.227 11.7384 -1 100 4 7 3 -1 1 0 -1 -1 73.3333 77.6224 66.6667 61.039 1 66.6667 61.039 1 
55 0.233333 76.6667 74.5853 230.7 15.1888 11.9051 -1 100 4 7 3 -1 1 0 -1 -1 73.3333 77.6224 66.6667 61.039 1 66.6667 61.039 1 
56 0.233333 76.6667 74.5853 229.481 15.1486 12.0718 -1 100 4 7 3 -1 1 0 -1 -1 73.3333 77.6224 66.6667 61.039 1 66.6667 61.039 1 
57 0.233333 76.6667 74.5853 228.246 15.1078 12.2426 -1 100 4 7 3 -1 1 0 -1 -1 73.3333 77.6224 66.6667 61.039 1 66.6667 61.039 1 
58 0.233333 76.6667 74.5853 226.952 15.0649 12.4134 -1 100 4 7 3 -1 1 0 -1 -1 73.3333 77.6224 66.6667 61.039 1 66.6667 61.039 1 
59 0.233333 76.6667 74.5853 244.293 15.6299 12.9757 -1 100 4 7 3 -1 1 0 -1 -1 73.3333 77.6224 66.6667 61.039 1 66.6667 61.039 1 
60 0.233333 76.6667 74.5853 242.665 15.5777 13.1338 -1 100 4 7 3 -1 1 0 -1 -1 73.3333 77.6224 66.6667 61.039 1 66.6667 61.039 1 
61 0.233333 76.6667 74.5853 242.381 15.5686 13.1451 -1 100 4 7 3 -1 1 0 -1 -1 73.3333 77.6224 66.6667 61.039 1 66.6667 61.039 1 
