# Created by main.cpp, 2016-06-29.11:50:47
# name: results
# type: matrix
# rows: 100
# columns: 17
1 1 33.5556 17.7393 1.50111 35.3333 18.9681 1.59667 31.6667 17.2601 1.66333 3.16111 0.177393 100 12 7 10 
2 1 33.5556 18.7453 1.23444 34.3333 19.4703 1.26667 32.6667 18.6963 1.41333 5.68216 0.327671 100 12 7 10 
3 1 39.6667 26.54 0.946667 42.6667 27.6723 0.883333 36.6667 25.5531 1.00333 13.3523 0.559708 100 12 7 10 
4 1 39.7778 27.1901 1.04556 41 27.6321 1.04 38 26.4286 1.05 17.1612 0.742523 100 12 7 10 
5 1 44.4444 30.6941 0.982222 39.3333 28.0935 1.09667 39 28.512 1.06 24.3831 0.991135 100 12 7 10 
6 1 48.8889 36.2509 0.821111 43.3333 34.1774 0.956667 44 33.7582 0.89 33.43 1.22176 100 12 7 10 
7 1 47.7778 36.9192 0.928889 43.6667 35.5242 1.09333 45.6667 35.3621 0.943333 35.6973 1.37182 100 12 7 10 
8 1 47.7778 36.9192 0.928889 43.6667 35.5242 1.09333 45.6667 35.3621 0.943333 37.8063 1.5292 100 12 7 10 
9 1 50.5556 39.887 0.901111 49 39.8936 1.04 48.6667 38.6188 0.913333 42.2127 1.70353 100 12 7 10 
10 1 57.7778 46.9168 0.712222 55.3333 46.5881 0.866667 54 44.7988 0.73 49.7492 1.94677 100 12 7 10 
11 1 58.3333 47.3393 0.623333 55.3333 46.1942 0.716667 55 44.8792 0.69 57.3622 2.19185 100 12 7 10 
12 1 58.3333 47.3393 0.623333 55.3333 46.1942 0.716667 55 44.8792 0.69 60.4552 2.36897 100 12 7 10 
13 1 61.7778 50.4761 0.478889 59.6667 49.6707 0.583333 55.6667 47.5664 0.603333 67.1551 2.5997 100 12 7 10 
14 1 62.2222 50.9506 0.457778 60 50.3727 0.54 57.6667 48.7331 0.563333 72.3196 2.82333 100 12 7 10 
15 1 62.2222 50.9506 0.457778 60 50.3727 0.54 57.6667 48.7331 0.563333 76.5744 3.03674 100 12 7 10 
16 1 62 51.0308 0.556667 59 49.0666 0.64 56.6667 48.3263 0.623333 78.8236 3.19264 100 12 7 10 
17 1 62 51.0308 0.556667 59 49.0666 0.64 56.6667 48.3263 0.623333 82.147 3.37099 100 12 7 10 
18 1 62 51.0308 0.556667 59 49.0666 0.64 56.6667 48.3263 0.623333 83.5247 3.51434 100 12 7 10 
19 1 62 51.0781 0.556667 60.6667 49.8285 0.623333 55 47.0961 0.64 87.1484 3.68003 100 12 7 10 
20 1 62 51.0781 0.556667 60.6667 49.8285 0.623333 55 47.0961 0.64 88.6763 3.82376 100 12 7 10 
21 1 62 51.0781 0.556667 60.6667 49.8285 0.623333 55 47.0961 0.64 92.6546 4.02595 100 12 7 10 
22 1 65.6667 54.2159 0.413333 63.3333 53.5785 0.486667 59.3333 50.9632 0.526667 101.6 4.31359 100 12 7 10 
23 1 66.5556 56.3465 0.404444 62 52.7925 0.5 60.6667 51.3256 0.513333 112.176 4.60295 100 12 7 10 
24 1 66.5556 56.3465 0.404444 62 52.7925 0.5 60.6667 51.3256 0.513333 115.381 4.80423 100 12 7 10 
25 1 66.5556 56.3465 0.404444 62 52.7925 0.5 60.6667 51.3256 0.513333 122.224 5.07038 100 12 7 10 
26 1 66.5556 56.3465 0.404444 62 52.7925 0.5 60.6667 51.3256 0.513333 123.287 5.23608 100 12 7 10 
27 1 66.5556 56.3465 0.404444 62 52.7925 0.5 60.6667 51.3256 0.513333 124.145 5.38075 100 12 7 10 
28 1 66.5556 56.3465 0.404444 62 52.7925 0.5 60.6667 51.3256 0.513333 125.13 5.528 100 12 7 10 
29 1 66.5556 56.3465 0.404444 62 52.7925 0.5 60.6667 51.3256 0.513333 127.232 5.72934 100 12 7 10 
30 1 66.5556 56.3465 0.404444 62 52.7925 0.5 60.6667 51.3256 0.513333 128.142 5.89292 100 12 7 10 
31 1 66.5556 56.3465 0.404444 62 52.7925 0.5 60.6667 51.3256 0.513333 131.672 6.09917 100 12 7 10 
32 1 66.5556 57.1318 0.404444 64.6667 54.6693 0.473333 62 53.5852 0.49 137.381 6.31047 100 12 7 10 
33 1 66.5556 57.1318 0.404444 64.6667 54.6693 0.473333 62 53.5852 0.49 140.529 6.50414 100 12 7 10 
34 1 66.5556 57.1318 0.404444 64.6667 54.6693 0.473333 62 53.5852 0.49 141.126 6.65607 100 12 7 10 
35 1 66.5556 57.1318 0.404444 64.6667 54.6693 0.473333 62 53.5852 0.49 141.838 6.8154 100 12 7 10 
36 1 68.7778 59.9068 0.312222 69 58.6966 0.31 65.6667 56.6963 0.343333 148.402 7.10547 100 12 7 10 
37 1 68.7778 59.9068 0.312222 69 58.6966 0.31 65.6667 56.6963 0.343333 153.699 7.34876 100 12 7 10 
38 1 68.7778 59.9068 0.312222 69 58.6966 0.31 65.6667 56.6963 0.343333 154.325 7.53038 100 12 7 10 
39 1 68.7778 59.9068 0.312222 69 58.6966 0.31 65.6667 56.6963 0.343333 159.007 7.76173 100 12 7 10 
40 1 68.7778 59.9068 0.312222 69 58.6966 0.31 65.6667 56.6963 0.343333 163.688 8.02015 100 12 7 10 
41 1 68.7778 59.9068 0.312222 69 58.6966 0.31 65.6667 56.6963 0.343333 165.483 8.20101 100 12 7 10 
42 1 69.1111 59.9594 0.308889 67 57.869 0.33 66.6667 57.7181 0.333333 170.928 8.45848 100 12 7 10 
43 1 69.1111 59.9594 0.308889 67 57.869 0.33 66.6667 57.7181 0.333333 172.976 8.65153 100 12 7 10 
44 1 69.5556 60.0436 0.304444 66 57.6616 0.34 66.3333 57.7383 0.336667 177.625 8.87942 100 12 7 10 
45 1 69.5556 60.0436 0.304444 66 57.6616 0.34 66.3333 57.7383 0.336667 180.165 9.09838 100 12 7 10 
46 1 69.5556 60.0436 0.304444 66 57.6616 0.34 66.3333 57.7383 0.336667 180.044 9.25776 100 12 7 10 
47 1 69.5556 60.0436 0.304444 66 57.6616 0.34 66.3333 57.7383 0.336667 179.94 9.41752 100 12 7 10 
48 1 69.5556 60.0436 0.304444 66 57.6616 0.34 66.3333 57.7383 0.336667 179.7 9.57049 100 12 7 10 
49 1 69.5556 60.0436 0.304444 66 57.6616 0.34 66.3333 57.7383 0.336667 183.32 9.80249 100 12 7 10 
50 1 69.8889 60.2325 0.301111 64.6667 57.0756 0.353333 66.6667 57.659 0.333333 186.685 10.0567 100 12 7 10 
51 1 69.7778 60.4031 0.305556 64.6667 57.1051 0.353333 66.6667 57.5601 0.333333 188.929 10.2823 100 12 7 10 
52 1 69.7778 60.4031 0.305556 64.6667 57.1051 0.353333 66.6667 57.5601 0.333333 192.24 10.5032 100 12 7 10 
53 1 69.7778 60.4031 0.305556 64.6667 57.1051 0.353333 66.6667 57.5601 0.333333 194.761 10.7308 100 12 7 10 
54 1 70.2222 60.4792 0.301111 64 56.9748 0.36 66 57.5046 0.34 197.871 10.982 100 12 7 10 
55 1 70.2222 60.4792 0.301111 64 56.9748 0.36 66 57.5046 0.34 202.108 11.2688 100 12 7 10 
56 1 70.2222 60.4792 0.301111 64 56.9748 0.36 66 57.5046 0.34 201.177 11.4225 100 12 7 10 
57 1 70.2222 60.4792 0.301111 64 56.9748 0.36 66 57.5046 0.34 203.538 11.6393 100 12 7 10 
58 1 70.2222 60.4792 0.301111 64 56.9748 0.36 66 57.5046 0.34 204.472 11.8525 100 12 7 10 
59 1 70.2222 60.4792 0.301111 64 56.9748 0.36 66 57.5046 0.34 207.369 12.0925 100 12 7 10 
60 1 70.2222 60.4792 0.301111 64 56.9748 0.36 66 57.5046 0.34 206.431 12.2357 100 12 7 10 
61 1 70.2222 60.4792 0.301111 64 56.9748 0.36 66 57.5046 0.34 205.237 12.3812 100 12 7 10 
62 1 70.2222 60.4792 0.301111 64 56.9748 0.36 66 57.5046 0.34 207.129 12.6254 100 12 7 10 
63 1 70.4444 60.5128 0.298889 64.6667 56.9913 0.353333 64.6667 56.7658 0.353333 213.09 12.9087 100 12 7 10 
64 1 70.4444 60.5128 0.298889 64.6667 56.9913 0.353333 64.6667 56.7658 0.353333 214.836 13.1315 100 12 7 10 
65 1 70.4444 60.5128 0.298889 64.6667 56.9913 0.353333 64.6667 56.7658 0.353333 214.869 13.3371 100 12 7 10 
66 1 70.4444 60.5128 0.298889 64.6667 56.9913 0.353333 64.6667 56.7658 0.353333 213.683 13.4987 100 12 7 10 
67 1 70.4444 60.5128 0.298889 64.6667 56.9913 0.353333 64.6667 56.7658 0.353333 211.951 13.662 100 12 7 10 
68 1 70.4444 60.5128 0.298889 64.6667 56.9913 0.353333 64.6667 56.7658 0.353333 210.808 13.8681 100 12 7 10 
69 1 70.4444 60.5128 0.298889 64.6667 56.9913 0.353333 64.6667 56.7658 0.353333 209.282 14.028 100 12 7 10 
70 1 70.4444 60.5128 0.298889 64.6667 56.9913 0.353333 64.6667 56.7658 0.353333 209.156 14.2335 100 12 7 10 
71 1 70.4444 60.5128 0.298889 64.6667 56.9913 0.353333 64.6667 56.7658 0.353333 209.008 14.4587 100 12 7 10 
72 1 70.4444 60.5128 0.298889 64.6667 56.9913 0.353333 64.6667 56.7658 0.353333 208.947 14.6371 100 12 7 10 
73 1 70.1111 61.0444 0.302222 65.6667 57.1567 0.343333 63.3333 56.966 0.366667 210.682 14.8919 100 12 7 10 
74 1 70.1111 61.0444 0.302222 65.6667 57.1567 0.343333 63.3333 56.966 0.366667 211.431 15.1234 100 12 7 10 
75 1 70.1111 61.0444 0.302222 65.6667 57.1567 0.343333 63.3333 56.966 0.366667 212.685 15.4009 100 12 7 10 
76 1 70.1111 61.0444 0.302222 65.6667 57.1567 0.343333 63.3333 56.966 0.366667 210.398 15.5697 100 12 7 10 
77 1 70.1111 61.0444 0.302222 65.6667 57.1567 0.343333 63.3333 56.966 0.366667 208.665 15.7425 100 12 7 10 
78 1 70.1111 61.0444 0.302222 65.6667 57.1567 0.343333 63.3333 56.966 0.366667 206.441 15.9066 100 12 7 10 
