# Created by main.cpp, 2016-06-26.14:42:22
# name: results
# type: matrix
# rows: 500
# columns: 25
1 0.621111 37.8889 24.7171 8.11703 2.45932 0.247171 -1 100 4 7 3 -1 1 0 -1 -1 39.6667 26.3489 41 25.0287 1 71.3333 69.2692 10 
2 0.567778 43.2222 29.8124 13.9734 3.4302 0.463321 -1 100 4 7 3 -1 1 0 -1 -1 44.3333 31.8495 47.6667 31.1511 1 71.3333 69.2692 10 
3 0.532222 46.7778 33.7518 19.1927 4.10602 0.652986 -1 100 4 7 3 -1 1 0 -1 -1 48 36.0016 50 34.6487 1 71.3333 69.2692 10 
4 0.497778 50.2222 38.3312 26.8242 4.9134 0.880136 -1 100 4 7 3 -1 1 0 -1 -1 54 41.306 50.6667 38.5238 1 71.3333 69.2692 10 
5 0.475556 52.4444 41.0204 35.8219 5.68877 1.13588 -1 100 4 7 3 -1 1 0 -1 -1 55.6667 42.7495 53.3333 41.3799 1 71.3333 69.2692 10 
6 0.43 57 46.861 48.7703 6.64352 1.42539 -1 100 4 7 3 -1 1 0 -1 -1 59.6667 47.9506 56.3333 45.3024 1 71.3333 69.2692 10 
7 0.43 57 46.861 50.8605 6.81935 1.58474 -1 100 4 7 3 -1 1 0 -1 -1 59.6667 47.9506 56.3333 45.3024 1 71.3333 69.2692 10 
8 0.43 57 46.861 52.5104 6.95739 1.71907 -1 100 4 7 3 -1 1 0 -1 -1 59.6667 47.9506 56.3333 45.3024 1 71.3333 69.2692 10 
9 0.375556 62.4444 53.1005 60.589 7.62432 1.98529 -1 100 4 7 3 -1 1 0 -1 -1 65 54.2875 63 52.2591 1 71.3333 69.2692 10 
10 0.375556 62.4444 53.1005 64.6288 7.85193 2.16527 -1 100 4 7 3 -1 1 0 -1 -1 65 54.2875 63 52.2591 1 71.3333 69.2692 10 
11 0.368889 63.1111 53.3761 77.0643 8.53319 2.49624 -1 100 4 7 3 -1 1 0 -1 -1 65 54.224 61.3333 51.6069 1 71.3333 69.2692 10 
12 0.368889 63.1111 53.3761 80.582 8.7469 2.69399 -1 100 4 7 3 -1 1 0 -1 -1 65 54.224 61.3333 51.6069 1 71.3333 69.2692 10 
13 0.368889 63.1111 53.3761 83.0263 8.90256 2.85523 -1 100 4 7 3 -1 1 0 -1 -1 65 54.224 61.3333 51.6069 1 71.3333 69.2692 10 
14 0.368889 63.1111 53.3761 87.4169 9.13485 3.0695 -1 100 4 7 3 -1 1 0 -1 -1 65 54.224 61.3333 51.6069 1 71.3333 69.2692 10 
15 0.368889 63.1111 53.3761 90.1097 9.29424 3.25467 -1 100 4 7 3 -1 1 0 -1 -1 65 54.224 61.3333 51.6069 1 71.3333 69.2692 10 
16 0.371111 62.8889 53.3778 91.7668 9.39514 3.41835 -1 100 4 7 3 -1 1 0 -1 -1 66.3333 54.478 60.6667 51.2954 1 71.3333 69.2692 10 
17 0.331111 66.8889 56.7935 99.2388 9.84529 3.68179 -1 100 4 7 3 -1 1 0 -1 -1 68.6667 56.741 61.6667 53.93 1 71.3333 69.2692 10 
18 0.331111 66.8889 56.7935 103.343 10.0609 3.88678 -1 100 4 7 3 -1 1 0 -1 -1 68.6667 56.741 61.6667 53.93 1 71.3333 69.2692 10 
19 0.331111 66.8889 56.7935 104.721 10.1325 4.04614 -1 100 4 7 3 -1 1 0 -1 -1 68.6667 56.741 61.6667 53.93 1 71.3333 69.2692 10 
20 0.331111 66.8889 56.7935 105.905 10.1957 4.17609 -1 100 4 7 3 -1 1 0 -1 -1 68.6667 56.741 61.6667 53.93 1 71.3333 69.2692 10 
21 0.331111 66.8889 56.7935 110.363 10.4049 4.40028 -1 100 4 7 3 -1 1 0 -1 -1 68.6667 56.741 61.6667 53.93 1 71.3333 69.2692 10 
22 0.331111 66.8889 56.7935 114.157 10.5715 4.61229 -1 100 4 7 3 -1 1 0 -1 -1 68.6667 56.741 61.6667 53.93 1 71.3333 69.2692 10 
23 0.331111 66.8889 56.7935 122.92 10.9621 4.90769 -1 100 4 7 3 -1 1 0 -1 -1 68.6667 56.741 61.6667 53.93 1 71.3333 69.2692 10 
24 0.331111 66.8889 56.7935 125.952 11.1016 5.08904 -1 100 4 7 3 -1 1 0 -1 -1 68.6667 56.741 61.6667 53.93 1 71.3333 69.2692 10 
25 0.327778 67.2222 56.8 130.241 11.2873 5.3101 -1 100 4 7 3 -1 1 0 -1 -1 66.6667 54.9633 62.6667 54.1627 1 71.3333 69.2692 10 
26 0.327778 67.2222 56.8 131.805 11.3624 5.48712 -1 100 4 7 3 -1 1 0 -1 -1 66.6667 54.9633 62.6667 54.1627 1 71.3333 69.2692 10 
27 0.327778 67.2222 56.8 132.877 11.414 5.65738 -1 100 4 7 3 -1 1 0 -1 -1 66.6667 54.9633 62.6667 54.1627 1 71.3333 69.2692 10 
28 0.327778 67.2222 56.8 133.78 11.4536 5.81327 -1 100 4 7 3 -1 1 0 -1 -1 66.6667 54.9633 62.6667 54.1627 1 71.3333 69.2692 10 
29 0.327778 67.2222 56.8 136.546 11.5616 6.0014 -1 100 4 7 3 -1 1 0 -1 -1 66.6667 54.9633 62.6667 54.1627 1 71.3333 69.2692 10 
30 0.327778 67.2222 56.8 139.224 11.6836 6.20526 -1 100 4 7 3 -1 1 0 -1 -1 66.6667 54.9633 62.6667 54.1627 1 71.3333 69.2692 10 
31 0.327778 67.2222 56.8 139.708 11.7056 6.3088 -1 100 4 7 3 -1 1 0 -1 -1 66.6667 54.9633 62.6667 54.1627 1 71.3333 69.2692 10 
32 0.327778 67.2222 56.8 141.454 11.7765 6.49998 -1 100 4 7 3 -1 1 0 -1 -1 66.6667 54.9633 62.6667 54.1627 1 71.3333 69.2692 10 
33 0.325556 67.4444 56.9638 144.687 11.919 6.71116 -1 100 4 7 3 -1 1 0 -1 -1 66.6667 54.8412 62 53.9246 1 71.3333 69.2692 10 
34 0.326667 67.3333 57.1041 148.466 12.0987 6.91943 -1 100 4 7 3 -1 1 0 -1 -1 67 55.0621 62 54.1703 1 71.3333 69.2692 10 
35 0.326667 67.3333 57.1041 151.637 12.2285 7.14846 -1 100 4 7 3 -1 1 0 -1 -1 67 55.0621 62 54.1703 1 71.3333 69.2692 10 
36 0.326667 67.3333 57.1041 155.698 12.3893 7.34648 -1 100 4 7 3 -1 1 0 -1 -1 67 55.0621 62 54.1703 1 71.3333 69.2692 10 
37 0.306667 69.3333 60.0551 166.504 12.8041 7.67653 -1 100 4 7 3 -1 1 0 -1 -1 68.6667 57.5331 63.3333 55.0641 1 71.3333 69.2692 10 
38 0.306667 69.3333 60.0551 167 12.8235 7.85517 -1 100 4 7 3 -1 1 0 -1 -1 68.6667 57.5331 63.3333 55.0641 1 71.3333 69.2692 10 
39 0.306667 69.3333 60.0551 168.763 12.8922 8.02409 -1 100 4 7 3 -1 1 0 -1 -1 68.6667 57.5331 63.3333 55.0641 1 71.3333 69.2692 10 
40 0.306667 69.3333 60.0551 168.851 12.8965 8.15521 -1 100 4 7 3 -1 1 0 -1 -1 68.6667 57.5331 63.3333 55.0641 1 71.3333 69.2692 10 
41 0.306667 69.3333 60.0551 171.096 12.9766 8.35604 -1 100 4 7 3 -1 1 0 -1 -1 68.6667 57.5331 63.3333 55.0641 1 71.3333 69.2692 10 
42 0.306667 69.3333 60.0551 174.254 13.0996 8.60696 -1 100 4 7 3 -1 1 0 -1 -1 68.6667 57.5331 63.3333 55.0641 1 71.3333 69.2692 10 
43 0.306667 69.3333 60.0551 175.686 13.1516 8.81145 -1 100 4 7 3 -1 1 0 -1 -1 68.6667 57.5331 63.3333 55.0641 1 71.3333 69.2692 10 
44 0.306667 69.3333 60.0551 177.814 13.2382 9.01583 -1 100 4 7 3 -1 1 0 -1 -1 68.6667 57.5331 63.3333 55.0641 1 71.3333 69.2692 10 
45 0.306667 69.3333 60.0551 177.802 13.2397 9.19432 -1 100 4 7 3 -1 1 0 -1 -1 68.6667 57.5331 63.3333 55.0641 1 71.3333 69.2692 10 
46 0.306667 69.3333 60.0551 179.347 13.2912 9.39942 -1 100 4 7 3 -1 1 0 -1 -1 68.6667 57.5331 63.3333 55.0641 1 71.3333 69.2692 10 
47 0.301111 69.8889 60.1246 181.232 13.3628 9.59879 -1 100 4 7 3 -1 1 0 -1 -1 68 57.3476 62.3333 55.0119 1 71.3333 69.2692 10 
48 0.301111 69.8889 60.1246 180.82 13.348 9.72317 -1 100 4 7 3 -1 1 0 -1 -1 68 57.3476 62.3333 55.0119 1 71.3333 69.2692 10 
49 0.301111 69.8889 60.1246 180.681 13.3447 9.88566 -1 100 4 7 3 -1 1 0 -1 -1 68 57.3476 62.3333 55.0119 1 71.3333 69.2692 10 
50 0.3 70 60.2528 182.503 13.4304 10.0982 -1 100 4 7 3 -1 1 0 -1 -1 68.6667 57.5775 61.6667 54.5897 1 71.3333 69.2692 10 
51 0.3 70 60.2528 181.832 13.4054 10.2589 -1 100 4 7 3 -1 1 0 -1 -1 68.6667 57.5775 61.6667 54.5897 1 71.3333 69.2692 10 
52 0.294444 70.5556 60.5092 187.819 13.611 10.5631 -1 100 4 7 3 -1 1 0 -1 -1 67.3333 57.0658 61 53.9802 1 71.3333 69.2692 10 
53 0.294444 70.5556 60.5092 192.145 13.7523 10.8309 -1 100 4 7 3 -1 1 0 -1 -1 67.3333 57.0658 61 53.9802 1 71.3333 69.2692 10 
54 0.294444 70.5556 60.5092 194.847 13.8624 11.0679 -1 100 4 7 3 -1 1 0 -1 -1 67.3333 57.0658 61 53.9802 1 71.3333 69.2692 10 
55 0.294444 70.5556 60.5092 195.678 13.8981 11.2618 -1 100 4 7 3 -1 1 0 -1 -1 67.3333 57.0658 61 53.9802 1 71.3333 69.2692 10 
56 0.294444 70.5556 60.5092 195.906 13.9094 11.4666 -1 100 4 7 3 -1 1 0 -1 -1 67.3333 57.0658 61 53.9802 1 71.3333 69.2692 10 
57 0.294444 70.5556 60.5092 197.622 13.962 11.6707 -1 100 4 7 3 -1 1 0 -1 -1 67.3333 57.0658 61 53.9802 1 71.3333 69.2692 10 
58 0.294444 70.5556 60.5092 198.591 13.9974 11.8522 -1 100 4 7 3 -1 1 0 -1 -1 67.3333 57.0658 61 53.9802 1 71.3333 69.2692 10 
59 0.293333 70.6667 60.5549 199.848 14.0445 12.0657 -1 100 4 7 3 -1 1 0 -1 -1 66 56.4528 62 54.5358 1 71.3333 69.2692 10 
60 0.293333 70.6667 60.5549 198.918 14.0118 12.2585 -1 100 4 7 3 -1 1 0 -1 -1 66 56.4528 62 54.5358 1 71.3333 69.2692 10 
61 0.293333 70.6667 60.5549 199.696 14.0321 12.4457 -1 100 4 7 3 -1 1 0 -1 -1 66 56.4528 62 54.5358 1 71.3333 69.2692 10 
62 0.293333 70.6667 60.5549 198.597 13.994 12.5875 -1 100 4 7 3 -1 1 0 -1 -1 66 56.4528 62 54.5358 1 71.3333 69.2692 10 
