# Created by main.cpp, 2016-06-08.00:14:24
# name: results
# type: matrix
# rows: 300
# columns: 24
0 0.0657239 93.4276 92.5882 347.489 18.5444 39.4057 39.8333 100 9 11.4 2 1.4 1 1 70.5387 49.9712 94.0606 93.9786 500 91.3932 92.3358 1 30 
1 0.0655219 93.4478 92.6101 376.737 19.3129 42.7113 40 100 9 11.4 2 1.4 1 1 71.1515 51.2204 94 93.9182 1000 91.3932 92.3358 1 30 
2 0.0642424 93.5758 92.755 400.336 19.916 45.6503 40 100 9 11.5333 2 1.33333 1 1 71.8316 52.6607 94 93.9182 1500 91.3932 92.3358 1 30 
3 0.0630303 93.697 92.9049 418.559 20.3959 48.14 40 100 9 11.0333 2 1.36667 1 1 71.9731 53.0727 94.1818 94.1063 2000 91.3932 92.3358 1 30 
4 0.0620202 93.798 93.0158 432.262 20.7449 50.5177 40.0667 100 9 10.8667 2 1.43333 1 1 72.4175 53.9755 94.1212 94.0458 2500 91.3932 92.3358 1 30 
5 0.0608754 93.9125 93.1481 443.13 21.0183 52.2917 40.2667 100 9 10.3667 2 1.46667 1 1 72.4781 54.1631 94.1212 94.0456 3000 91.3932 92.3358 1 30 
6 0.0608754 93.9125 93.1481 447.883 21.1254 53.9883 41.6 100 9 10.3667 2 1.46667 1 1 73.7037 57.1745 94.1212 94.0456 3500 91.3932 92.3358 1 30 
7 0.060404 93.9596 93.2015 452.885 21.2471 55.7673 43.7833 100 9 9.86667 2 1.43333 1 1 74.5455 59.1067 94.0606 93.9852 4000 91.3932 92.3358 1 30 
8 0.0601347 93.9865 93.2304 453.562 21.2679 57.166 46.6833 100 9 10.0667 2 1.46667 1 1 75.468 61.0446 94.0606 93.9852 4500 91.3932 92.3358 1 30 
9 0.0598653 94.0135 93.2603 452.252 21.2411 58.7153 50.0833 100 9 10.4 2 1.46667 1 1 76.6061 63.3859 94.1212 94.0456 5000 91.3932 92.3358 1 30 
10 0.0590572 94.0943 93.3511 453.363 21.2702 59.971 52.95 100 9 10.4333 2 1.53333 1 1 77.8316 65.9013 94.1818 94.1067 5500 91.3932 92.3358 1 30 
11 0.0590572 94.0943 93.3525 451.432 21.2213 60.9517 55.9 100 9 10.4333 2 1.53333 1 1 79.1919 68.8878 94.1818 94.1067 6000 91.3932 92.3358 1 30 
12 0.0589899 94.101 93.3632 449.799 21.1825 62.0217 58.75 100 9 10.2333 2 1.53333 1 1 80.1549 70.8363 94.1212 94.0462 6500 91.3932 92.3358 1 30 
13 0.0587205 94.1279 93.3945 447.442 21.1262 62.9583 61.0833 100 9 10.3667 2 1.53333 1 1 81.6431 73.773 94.1212 94.0462 7000 91.3932 92.3358 1 30 
14 0.0581145 94.1886 93.4592 443.453 21.0351 63.9713 64.1333 100 9 9.96667 2 1.5 1 1 83.3401 77.0696 94.1212 94.0462 7500 91.3932 92.3358 1 30 
15 0.0575758 94.2424 93.5189 437.315 20.8871 64.933 66.2833 100 9 10.5 2 1.46667 1 1 84.9697 79.8861 94.1818 94.108 8000 91.3932 92.3358 1 30 
16 0.0573737 94.2626 93.5511 431.865 20.7539 65.9467 69.1 100 9 10.8667 2 1.53333 1 1 86.7475 83.1234 94.2424 94.1704 8500 91.3932 92.3358 1 30 
17 0.0569697 94.303 93.585 426.718 20.6275 66.9237 70.7833 100 9 10.9 2 1.53333 1 1 87.9933 84.9828 94 93.9234 9000 91.3932 92.3358 1 30 
18 0.0569697 94.303 93.585 417.797 20.4092 67.7777 72.35 100 9 10.9 2 1.53333 1 1 88.7879 86.1385 94 93.9234 9500 91.3932 92.3358 1 30 
19 0.0569024 94.3098 93.5969 406.439 20.1223 68.6217 73.5167 100 9 10.7667 2 1.5 1 1 89.4882 87.1268 94 93.9228 10000 91.3932 92.3358 1 30 
20 0.056633 94.3367 93.6258 394.561 19.8131 69.5867 74.6667 100 9 10.7667 2 1.5 1 1 90.2626 88.2256 93.9394 93.861 10500 91.3932 92.3358 1 30 
21 0.056633 94.3367 93.6266 389.085 19.6672 70.2793 75.5667 100 9 11.3333 2 1.53333 1 1 90.7811 88.947 94 93.9234 11000 91.3932 92.3358 1 30 
22 0.0562963 94.3704 93.662 378.754 19.3863 71.0233 76.55 100 9 10.3333 2 1.5 1 1 91.2862 89.6295 93.9394 93.8649 11500 91.3932 92.3358 1 30 
23 0.0562963 94.3704 93.6669 369.272 19.135 71.8087 78 100 9 10.2 2 1.5 1 1 91.7172 90.2023 93.8788 93.8045 12000 91.3932 92.3358 1 30 
24 0.056229 94.3771 93.6741 358.531 18.8331 72.5007 78.7667 100 9 10.2 2 1.5 1 1 91.899 90.4409 93.8788 93.8045 12500 91.3932 92.3358 1 30 
25 0.0558923 94.4108 93.7178 349.23 18.5759 73.076 79.4333 100 9 9.53333 2 1.53333 1 1 92.0471 90.6359 93.8182 93.7427 13000 91.3932 92.3358 1 30 
26 0.0558923 94.4108 93.7185 339.955 18.3267 73.6683 80.0833 100 9 10.0333 2 1.56667 1 1 92.3165 90.986 93.8788 93.8031 13500 91.3932 92.3358 1 30 
27 0.0558923 94.4108 93.7185 328.495 18.0009 74.364 80.9833 100 9 10.0333 2 1.56667 1 1 92.5185 91.2489 93.8788 93.8031 14000 91.3932 92.3358 1 30 
28 0.0558249 94.4175 93.7358 317.932 17.703 74.9237 81.3333 100 9 10.3 2 1.53333 1 1 92.5993 91.3639 93.8788 93.8063 14500 91.3932 92.3358 1 30 
29 0.0556229 94.4377 93.7588 307.683 17.4182 75.5437 81.8667 100 9 10.7 2 1.53333 1 1 92.7744 91.5936 93.8788 93.8056 15000 91.3932 92.3358 1 30 
30 0.0554209 94.4579 93.7749 297.446 17.1183 76.0213 82.3833 100 9 10.9 2 1.53333 1 1 92.8889 91.7377 93.9394 93.866 15500 91.3932 92.3358 1 30 
31 0.0554209 94.4579 93.7774 290.319 16.9096 76.4853 82.8833 100 9 10.8 2 1.56667 1 1 93.0101 91.895 94 93.9296 16000 91.3932 92.3358 1 30 
32 0.0551515 94.4848 93.8086 276.012 16.4777 77.108 83.3 100 9 10.9 2 1.56667 1 1 93.1178 92.0362 93.697 93.6132 16500 91.3932 92.3358 1 30 
33 0.0551515 94.4848 93.8086 267.392 16.2104 77.5313 83.65 100 9 10.9 2 1.56667 1 1 93.1987 92.1301 93.697 93.6132 17000 91.3932 92.3358 1 30 
34 0.0548822 94.5118 93.8389 260.33 15.9663 77.942 84.15 100 9 10.6333 2 1.56667 1 1 93.266 92.2198 93.697 93.6113 17500 91.3932 92.3358 1 30 
35 0.0548148 94.5185 93.839 253.983 15.7708 78.2893 84.5167 100 9 10.5 2 1.56667 1 1 93.3333 92.3073 93.7576 93.6717 18000 91.3932 92.3358 1 30 
36 0.0548148 94.5185 93.839 246.21 15.4921 78.6797 84.8833 100 9 10.5 2 1.56667 1 1 93.3401 92.3185 93.7576 93.6717 18500 91.3932 92.3358 1 30 
37 0.0547475 94.5253 93.8514 236.226 15.1788 79.1553 85.2333 100 9 10.3667 2 1.5 1 1 93.3939 92.394 93.697 93.6113 19000 91.3932 92.3358 1 30 
38 0.0546801 94.532 93.8573 227.807 14.9076 79.52 85.4667 100 9 10.3667 2 1.5 1 1 93.4343 92.4438 93.697 93.6113 19500 91.3932 92.3358 1 30 
39 0.0546128 94.5387 93.8689 222.26 14.7299 79.8327 85.7833 100 9 10.0333 2 1.53333 1 1 93.4882 92.5188 93.8182 93.7353 20000 91.3932 92.3358 1 30 
40 0.0544781 94.5522 93.887 216.773 14.536 80.2103 86.1 100 9 10.3667 2 1.53333 1 1 93.5354 92.5777 94 93.9296 20500 91.3932 92.3358 1 30 
41 0.0544781 94.5522 93.887 210.541 14.3219 80.4973 86.25 100 9 10.3667 2 1.53333 1 1 93.5488 92.6007 94 93.9296 21000 91.3932 92.3358 1 30 
42 0.0544108 94.5589 93.8892 205.676 14.1469 80.7857 86.5333 100 9 10.9 2 1.5 1 1 93.6229 92.6942 94 93.9284 21500 91.3932 92.3358 1 30 
43 0.0543434 94.5657 93.8963 198.204 13.885 81.149 86.7333 100 9 10.8667 2 1.5 1 1 93.6498 92.7325 94 93.9284 22000 91.3932 92.3358 1 30 
44 0.0538721 94.6128 93.939 192.786 13.6966 81.4147 86.8667 100 9 10.7 2 1.46667 1 1 93.7104 92.8076 93.8788 93.8056 22500 91.3932 92.3358 1 30 
45 0.0538721 94.6128 93.939 187.557 13.5106 81.6963 87.0667 100 9 10.7 2 1.46667 1 1 93.7778 92.8873 93.8788 93.8056 23000 91.3932 92.3358 1 30 
46 0.0538721 94.6128 93.939 179.036 13.2079 82.0623 87.2667 100 9 10.7 2 1.46667 1 1 93.8249 92.9483 93.8788 93.8056 23500 91.3932 92.3358 1 30 
47 0.0536027 94.6397 93.9732 172.201 12.9469 82.361 87.4667 100 9 10.5 2 1.46667 1 1 93.8653 92.9981 93.9394 93.868 24000 91.3932 92.3358 1 30 
48 0.0535354 94.6465 93.9805 167.112 12.7536 82.6553 87.6667 100 9 10.3 2 1.5 1 1 93.8788 93.0178 94.0606 93.9935 24500 91.3932 92.3358 1 30 
49 0.0535354 94.6465 93.9805 163.158 12.6053 82.8413 87.8 100 9 10.3 2 1.5 1 1 93.899 93.0443 94.0606 93.9935 25000 91.3932 92.3358 1 30 
50 0.053468 94.6532 93.9878 157.635 12.378 83.1133 87.9167 100 9 10.4333 2 1.46667 1 1 93.899 93.0451 94 93.9311 25500 91.3932 92.3358 1 30 
51 0.053468 94.6532 93.9896 152.817 12.1767 83.3517 87.9833 100 9 10.3667 2 1.46667 1 1 93.9327 93.0863 94 93.9311 26000 91.3932 92.3358 1 30 
52 0.053468 94.6532 93.9896 147.555 11.9646 83.6017 88.1167 100 9 10.3667 2 1.46667 1 1 93.9663 93.1265 94 93.9311 26500 91.3932 92.3358 1 30 
53 0.0531987 94.6801 94.0242 142.516 11.7381 83.8223 88.25 100 9 10.4 2 1.43333 1 1 93.9663 93.1272 94 93.9311 27000 91.3932 92.3358 1 30 
54 0.0531987 94.6801 94.0242 139.954 11.6264 84.007 88.3833 100 9 10.4 2 1.43333 1 1 93.9798 93.1439 94 93.9311 27500 91.3932 92.3358 1 30 
