# Created by experiment.cpp
# name: results
# type: matrix
# rows: 10
# columns: 17
1 683 80.6735 77.309 173.9 13.1871 37.1621 -1 150 9 11 2 -1 1 -1 -1 -1 -1 -1 150 
2 683 82.8697 82.205 219.011 14.799 44.1629 -1 150 9 11 2 -1 1 -1 -1 -1 -1 -1 300 
3 683 84.7731 83.0982 196.687 14.0245 41.9952 -1 150 9 11 2 -1 1 -1 -1 -1 -1 -1 450 
4 239 86.53 85.1384 242.367 15.5681 43.4453 -1 150 9 11 2 -1 1 -1 -1 -1 -1 -1 600 
5 239 86.53 85.1384 269.806 16.4258 43.6621 -1 150 9 11 2 -1 1 -1 -1 -1 -1 -1 750 
6 239 87.7013 86.4837 240.602 15.5113 42.027 -1 150 9 11 2 -1 1 -1 -1 -1 -1 -1 900 
7 239 87.7013 86.4837 234.846 15.3247 42.0462 -1 150 9 11 2 -1 1 -1 -1 -1 -1 -1 1050 
8 239 87.7013 86.4837 169.744 13.0286 41.2452 -1 150 9 11 2 -1 1 -1 -1 -1 -1 -1 1200 
9 239 87.7013 86.4837 243.428 15.6022 42.1233 -1 150 9 11 2 -1 1 -1 -1 -1 -1 -1 1350 
10 239 87.7013 86.4837 229.043 15.1342 44.4281 -1 150 9 11 2 -1 1 -1 -1 -1 -1 -1 1500 
