# Created by experiment.cpp
# name: results
# type: matrix
# rows: 61
# columns: 17
1 -1 0.000000 0.001000 0.000000 0.000000 0.000000 -1 150 6 -1 2 -1 1 -1 -1 -1 
2 -1 0.000000 0.001000 0.000000 0.000040 0.000000 -1 150 6 -1 2 -1 1 -1 -1 -1 
3 -1 0.000000 0.001000 0.000000 0.000091 0.000000 -1 150 6 -1 2 -1 1 -1 -1 -1 
4 -1 0.585652 0.001000 0.000001 0.000716 0.000000 -1 150 6 -1 2 -1 1 -1 -1 -1 
5 -1 0.585652 0.001000 0.000000 0.000692 0.000000 -1 150 6 -1 2 -1 1 -1 -1 -1 
6 -1 0.585652 0.001000 0.000000 0.000665 0.000000 -1 150 6 -1 2 -1 1 -1 -1 -1 
7 -1 0.585652 0.001000 0.000001 0.000816 0.000000 -1 150 6 -1 2 -1 1 -1 -1 -1 
8 -1 0.585652 0.001000 0.000001 0.000816 0.000000 -1 150 6 -1 2 -1 1 -1 -1 -1 
9 -1 0.585652 0.001000 0.000001 0.000808 0.000000 -1 150 6 -1 2 -1 1 -1 -1 -1 
10 -1 0.585652 0.001000 0.000000 0.000467 0.000000 -1 150 6 -1 2 -1 1 -1 -1 -1 
11 -1 0.585652 0.001000 0.000001 0.000806 0.000000 -1 150 6 -1 2 -1 1 -1 -1 -1 
12 -1 0.439239 0.001464 0.000000 0.000479 0.000000 -1 150 6 -1 2 -1 1 -1 -1 -1 
13 -1 0.146413 0.004392 0.000000 0.000568 0.000000 -1 150 6 -1 2 -1 1 -1 -1 -1 
14 -1 0.585652 0.004392 0.000000 0.000418 0.000000 -1 150 6 -1 2 -1 1 -1 -1 -1 
15 -1 0.585652 0.004392 0.000000 0.000607 0.000000 -1 150 6 -1 2 -1 1 -1 -1 -1 
16 -1 0.585652 0.004392 0.000000 0.000343 0.000000 -1 150 6 -1 2 -1 1 -1 -1 -1 
17 -1 0.000000 0.005857 0.000000 0.000276 0.000000 -1 150 6 -1 2 -1 1 -1 -1 -1 
18 -1 0.000000 0.005857 0.000000 0.000500 0.000000 -1 150 6 -1 2 -1 1 -1 -1 -1 
19 -1 0.292826 0.005857 0.000000 0.000330 0.000000 -1 150 6 -1 2 -1 1 -1 -1 -1 
20 -1 0.000000 0.005857 0.000000 0.000276 0.000000 -1 150 6 -1 2 -1 1 -1 -1 -1 
21 -1 0.000000 0.005857 0.000000 0.000284 0.000000 -1 150 6 -1 2 -1 1 -1 -1 -1 
22 -1 0.585652 0.005857 0.000000 0.000238 0.000000 -1 150 6 -1 2 -1 1 -1 -1 -1 
23 -1 0.000000 0.005857 0.000000 0.000243 0.000000 -1 150 6 -1 2 -1 1 -1 -1 -1 
24 -1 0.000000 0.005857 0.000000 0.000296 0.000000 -1 150 6 -1 2 -1 1 -1 -1 -1 
25 -1 0.000000 0.005857 0.000000 0.000173 0.000000 -1 150 6 -1 2 -1 1 -1 -1 -1 
26 -1 0.585652 0.005857 0.000000 0.000144 0.000000 -1 150 6 -1 2 -1 1 -1 -1 -1 
27 -1 0.000000 0.005857 0.000000 0.000123 0.000000 -1 150 6 -1 2 -1 1 -1 -1 -1 
28 -1 0.000000 0.005857 0.000000 0.000130 0.000000 -1 150 6 -1 2 -1 1 -1 -1 -1 
29 -1 0.000000 0.005857 0.000000 0.000111 0.000000 -1 150 6 -1 2 -1 1 -1 -1 -1 
30 -1 0.000000 0.005857 0.000000 0.000101 0.000000 -1 150 6 -1 2 -1 1 -1 -1 -1 
31 -1 0.000000 0.005857 0.000000 0.000114 0.000000 -1 150 6 -1 2 -1 1 -1 -1 -1 
32 -1 0.000000 0.005857 0.000000 0.000069 0.000000 -1 150 6 -1 2 -1 1 -1 -1 -1 
33 -1 0.000000 0.005857 0.000000 0.000065 0.000000 -1 150 6 -1 2 -1 1 -1 -1 -1 
34 -1 0.000000 0.005857 0.000000 0.000067 0.000000 -1 150 6 -1 2 -1 1 -1 -1 -1 
35 -1 0.000000 0.005857 0.000000 0.000069 0.000000 -1 150 6 -1 2 -1 1 -1 -1 -1 
36 -1 0.000000 0.005857 0.000000 0.000174 0.000000 -1 150 6 -1 2 -1 1 -1 -1 -1 
37 -1 0.000000 0.005857 0.000000 0.000087 0.000000 -1 150 6 -1 2 -1 1 -1 -1 -1 
38 -1 0.585652 0.005857 0.000000 0.000333 0.000000 -1 150 6 -1 2 -1 1 -1 -1 -1 
39 -1 0.000000 0.005857 0.000000 0.000075 0.000000 -1 150 6 -1 2 -1 1 -1 -1 -1 
40 -1 0.000000 0.005857 0.000000 0.000072 0.000000 -1 150 6 -1 2 -1 1 -1 -1 -1 
41 -1 0.000000 0.005857 0.000000 0.000141 0.000000 -1 150 6 -1 2 -1 1 -1 -1 -1 
42 -1 0.585652 0.005857 0.000000 0.000227 0.000000 -1 150 6 -1 2 -1 1 -1 -1 -1 
43 -1 0.000000 0.005857 0.000000 0.000081 0.000000 -1 150 6 -1 2 -1 1 -1 -1 -1 
44 -1 0.000000 0.005857 0.000000 0.000083 0.000000 -1 150 6 -1 2 -1 1 -1 -1 -1 
45 -1 0.000000 0.005857 0.000000 0.000071 0.000000 -1 150 6 -1 2 -1 1 -1 -1 -1 
46 -1 0.000000 0.005857 0.000000 0.000076 0.000000 -1 150 6 -1 2 -1 1 -1 -1 -1 
47 -1 0.000000 0.005857 0.000000 0.000112 0.000000 -1 150 6 -1 2 -1 1 -1 -1 -1 
48 -1 0.000000 0.005857 0.000000 0.000052 0.000000 -1 150 6 -1 2 -1 1 -1 -1 -1 
49 -1 0.000000 0.005857 0.000000 0.000127 0.000000 -1 150 6 -1 2 -1 1 -1 -1 -1 
50 -1 0.000000 0.005857 0.000000 0.000081 0.000000 -1 150 6 -1 2 -1 1 -1 -1 -1 
51 -1 0.000000 0.005857 0.000000 0.000474 0.000000 -1 150 6 -1 2 -1 1 -1 -1 -1 
52 -1 0.000000 0.005857 0.000000 0.000051 0.000000 -1 150 6 -1 2 -1 1 -1 -1 -1 
53 -1 0.000000 0.005857 0.000000 0.000104 0.000000 -1 150 6 -1 2 -1 1 -1 -1 -1 
54 -1 0.000000 0.005857 0.000000 0.000048 0.000000 -1 150 6 -1 2 -1 1 -1 -1 -1 
55 -1 0.000000 0.005857 0.000000 0.000050 0.000000 -1 150 6 -1 2 -1 1 -1 -1 -1 
56 -1 0.000000 0.005857 0.000000 0.000049 0.000000 -1 150 6 -1 2 -1 1 -1 -1 -1 
57 -1 0.000000 0.005857 0.000000 0.000047 0.000000 -1 150 6 -1 2 -1 1 -1 -1 -1 
58 -1 0.000000 0.005857 0.000000 0.000052 0.000000 -1 150 6 -1 2 -1 1 -1 -1 -1 
59 -1 0.000000 0.005857 0.000000 0.000047 0.000000 -1 150 6 -1 2 -1 1 -1 -1 -1 
60 -1 0.000000 0.005857 0.000000 0.000054 0.000000 -1 150 6 -1 2 -1 1 -1 -1 -1 
61 -1 0.000000 0.005857 0.000000 0.000032 0.000000 -1 150 6 -1 2 -1 1 -1 -1 -1 
