# Created by experiment.cpp
# name: results
# type: matrix
# rows: 10000
# columns: 17
1 -1 16.5446559 0.0000123 0.0000000 0.0000000 0.0000000 -1 150 9 -1 1 -1 1 -1 -1 -1 
2 -1 65.0073206 0.0000123 0.0000000 0.0000000 0.0000000 -1 150 9 -1 1 -1 1 -1 -1 -1 
3 -1 65.0073206 0.0000123 0.0000000 0.0000014 0.0000000 -1 150 9 -1 1 -1 1 -1 -1 -1 
4 -1 65.0073206 0.0000123 0.0000000 0.0000027 0.0000000 -1 150 9 -1 1 -1 1 -1 -1 -1 
5 -1 65.0073206 0.0000123 0.0000000 0.0000033 0.0000000 -1 150 9 -1 1 -1 1 -1 -1 -1 
6 -1 65.0073206 0.0000123 0.0000000 0.0000030 0.0000000 -1 150 9 -1 1 -1 1 -1 -1 -1 
7 -1 65.0073206 0.0000123 0.0000000 0.0000015 0.0000000 -1 150 9 -1 1 -1 1 -1 -1 -1 
8 -1 65.0073206 0.0000123 0.0000000 0.0000013 0.0000000 -1 150 9 -1 1 -1 1 -1 -1 -1 
9 -1 65.0073206 0.0000123 0.0000000 0.0000013 0.0000000 -1 150 9 -1 1 -1 1 -1 -1 -1 
10 -1 65.0073206 0.0000123 0.0000000 0.0000011 0.0000000 -1 150 9 -1 1 -1 1 -1 -1 -1 
11 -1 65.0073206 0.0000123 0.0000000 0.0000011 0.0000000 -1 150 9 -1 1 -1 1 -1 -1 -1 
12 -1 65.0073206 0.0000123 0.0000000 0.0000011 0.0000000 -1 150 9 -1 1 -1 1 -1 -1 -1 
13 -1 65.0073206 0.0000123 0.0000000 0.0000015 0.0000000 -1 150 9 -1 1 -1 1 -1 -1 -1 
14 -1 65.0073206 0.0000123 0.0000000 0.0000013 0.0000000 -1 150 9 -1 1 -1 1 -1 -1 -1 
15 -1 65.0073206 0.0000123 0.0000000 0.0000013 0.0000000 -1 150 9 -1 1 -1 1 -1 -1 -1 
16 -1 65.0073206 0.0000123 0.0000000 0.0000011 0.0000000 -1 150 9 -1 1 -1 1 -1 -1 -1 
17 -1 65.0073206 0.0000123 0.0000000 0.0000012 0.0000000 -1 150 9 -1 1 -1 1 -1 -1 -1 
18 -1 65.0073206 0.0000123 0.0000000 0.0000012 0.0000000 -1 150 9 -1 1 -1 1 -1 -1 -1 
19 -1 65.0073206 0.0000123 0.0000000 0.0000013 0.0000000 -1 150 9 -1 1 -1 1 -1 -1 -1 
20 -1 65.0073206 0.0000123 0.0000000 0.0000013 0.0000000 -1 150 9 -1 1 -1 1 -1 -1 -1 
21 -1 65.0073206 0.0000123 0.0000000 0.0000011 0.0000000 -1 150 9 -1 1 -1 1 -1 -1 -1 
22 -1 65.0073206 0.0000123 0.0000000 0.0000011 0.0000000 -1 150 9 -1 1 -1 1 -1 -1 -1 
23 -1 65.0073206 0.0000123 0.0000000 0.0000011 0.0000000 -1 150 9 -1 1 -1 1 -1 -1 -1 
24 -1 65.0073206 0.0000123 0.0000000 0.0000012 0.0000000 -1 150 9 -1 1 -1 1 -1 -1 -1 
25 -1 65.0073206 0.0000123 0.0000000 0.0000013 0.0000000 -1 150 9 -1 1 -1 1 -1 -1 -1 
26 -1 65.0073206 0.0000123 0.0000000 0.0000012 0.0000000 -1 150 9 -1 1 -1 1 -1 -1 -1 
27 -1 65.0073206 0.0000123 0.0000000 0.0000013 0.0000000 -1 150 9 -1 1 -1 1 -1 -1 -1 
28 -1 65.0073206 0.0000123 0.0000000 0.0000015 0.0000000 -1 150 9 -1 1 -1 1 -1 -1 -1 
29 -1 65.0073206 0.0000123 0.0000000 0.0000013 0.0000000 -1 150 9 -1 1 -1 1 -1 -1 -1 
30 -1 65.0073206 0.0000123 0.0000000 0.0000014 0.0000000 -1 150 9 -1 1 -1 1 -1 -1 -1 
31 -1 65.0073206 0.0000123 0.0000000 0.0000011 0.0000000 -1 150 9 -1 1 -1 1 -1 -1 -1 
