# Created by main.cpp, 2016-06-05.15:23:18
# name: results
# type: matrix
# rows: 10
# columns: 20
1 409 82.5795 82.0709 159.987 12.6463 38.3309 -1 150 9 11 2 -1 1 -1 -1 -1 81.8015 77.3995 597.5 
2 350.25 84.5355 84.2071 224.056 14.9503 42.7829 -1 150 9 11 2 -1 1 -1 -1 -1 88.6029 84.1658 1197.75 
3 409 84.9633 84.6366 194.889 13.9506 42.3918 -1 150 9 11 2 -1 1 -1 -1 -1 88.4191 83.8998 1795.25 
4 409 86.0024 85.5914 213.715 14.6032 42.6329 -1 150 9 11.25 2 -1 1 -1 -1 -1 84.1912 78.3429 2400.25 
5 350.25 86.4914 86.2003 222.535 14.8299 42.2015 -1 150 9 11.25 2 -1 1 -1 -1 -1 86.9485 82.2185 2994.5 
6 291.5 87.5917 87.3017 233.573 15.2345 42.5993 -1 150 9 11.25 2 -1 1 -1 -1 -1 89.5221 84.909 3601.75 
7 291.5 87.7751 87.5439 230.9 15.1878 43.6561 -1 150 9 11.25 2 -1 1 -1 -1 -1 89.5221 85.1159 4195.25 
8 291.5 87.7751 87.6213 256.349 15.9927 44.3486 -1 150 9 11.5 2 -1 1 -1 -1 -1 90.8088 87.7113 4795.5 
9 232.75 88.3252 88.1001 283.235 16.8093 45.2252 -1 150 9 11.5 2 -1 1 -1 -1 -1 90.0735 86.7105 5413.75 
10 232.75 88.3863 88.1875 298.041 17.2216 43.2142 -1 150 9 11.5 2 -1 1 -1 -1 -1 88.9706 85.731 5890.5 

# Created by main.cpp, 2016-06-05.15:23:18
# name: err_results
# type: matrix
# rows: 10
# columns: 1
5.07724 
2.81111 
2.44341 
1.68437 
1.49355 
1.56996 
1.61813 
1.46665 
1.316 
1.36575 

