# Created by main.cpp, 2016-06-05.16:49:32
# name: results
# type: matrix
# rows: 10
# columns: 21
1 409 79.4621 78.2381 142.555 11.9396 37.8003 -1 150 9 11 2 -1 1 -1 -1 -1 83.0882 76.7521 150 1 
2 409 83.1296 82.6785 198.067 14.0736 40.9191 -1 150 9 11 2 -1 1 -1 -1 -1 84.5588 78.3094 300 1 
3 409 86.7971 86.455 230.122 15.1698 42.9703 -1 150 9 11 2 -1 1 -1 -1 -1 80.1471 75.5445 450 1 
4 409 86.7971 86.455 267.845 16.366 44.6035 -1 150 9 11 2 -1 1 -1 -1 -1 80.1471 75.5445 600 1 
5 174 87.7751 87.582 218.436 14.7796 41.3247 -1 150 9 11 2 -1 1 -1 -1 -1 78.6765 74.8582 750 1 
6 174 87.7751 87.582 239.926 15.4895 43.3916 -1 150 9 11 2 -1 1 -1 -1 -1 78.6765 74.8582 900 1 
7 174 87.7751 87.582 220.6 14.8526 39.809 -1 150 9 11 2 -1 1 -1 -1 -1 78.6765 74.8582 1050 1 
8 174 87.7751 87.582 180.685 13.4419 40.5176 -1 150 9 11 2 -1 1 -1 -1 -1 78.6765 74.8582 1200 1 
9 174 87.7751 87.582 261.236 16.1628 45.0821 -1 150 9 11 2 -1 1 -1 -1 -1 78.6765 74.8582 1350 1 
10 174 87.7751 87.582 226.902 15.0633 42.1438 -1 150 9 11 2 -1 1 -1 -1 -1 78.6765 74.8582 1500 1 

# Created by main.cpp, 2016-06-05.16:49:32
# name: err_results
# type: matrix
# rows: 10
# columns: 1
-nan 
-nan 
-nan 
-nan 
-nan 
-nan 
-nan 
-nan 
-nan 
-nan 

