# Created by main.cpp, 2016-06-22.16:31:32
# name: results
# type: matrix
# rows: 350
# columns: 23
1 0 0 0 1.10934e-31 3.33067e-16 0.1 -1 250 4 7 3 -1 1 -1 -1 -1 0 0 0 66.6667 64.0152 1 
2 0 0 0 1.10934e-31 3.33067e-16 0.1 -1 250 4 7 3 -1 1 -1 -1 -1 0 0 0 66.6667 64.0152 1 
3 0 0 0 1.10934e-31 3.33067e-16 0.1 -1 250 4 7 3 -1 1 -1 -1 -1 0 0 0 66.6667 64.0152 1 
4 0 0 0 1.10934e-31 3.33067e-16 0.1 -1 250 4 7 3 -1 1 -1 -1 -1 0 0 0 66.6667 64.0152 1 
5 0 0 0 1.10934e-31 3.33067e-16 0.1 -1 250 4 7 3 -1 1 -1 -1 -1 0 0 0 66.6667 64.0152 1 
6 0 0 0 1.10934e-31 3.33067e-16 0.1 -1 250 4 7 3 -1 1 -1 -1 -1 0 0 0 66.6667 64.0152 1 
7 0 0 0 1.10934e-31 3.33067e-16 0.1 -1 250 4 7 3 -1 1 -1 -1 -1 0 0 0 66.6667 64.0152 1 
8 0 0 0 1.10934e-31 3.33067e-16 0.1 -1 250 4 7 3 -1 1 -1 -1 -1 0 0 0 66.6667 64.0152 1 
9 0 0 0 1.10934e-31 3.33067e-16 0.1 -1 250 4 7 3 -1 1 -1 -1 -1 0 0 0 66.6667 64.0152 1 
10 0 0 0 1.10934e-31 3.33067e-16 0.1 -1 250 4 7 3 -1 1 -1 -1 -1 0 0 0 66.6667 64.0152 1 
11 0 0 0 1.10934e-31 3.33067e-16 0.1 -1 250 4 7 3 -1 1 -1 -1 -1 0 0 0 66.6667 64.0152 1 
12 0 0 0 1.10934e-31 3.33067e-16 0.1 -1 250 4 7 3 -1 1 -1 -1 -1 0 0 0 66.6667 64.0152 1 
13 0 0 0 1.10934e-31 3.33067e-16 0.1 -1 250 4 7 3 -1 1 -1 -1 -1 0 0 0 66.6667 64.0152 1 
14 0 0 0 1.10934e-31 3.33067e-16 0.1 -1 250 4 7 3 -1 1 -1 -1 -1 0 0 0 66.6667 64.0152 1 
15 0 0 0 1.10934e-31 3.33067e-16 0.1 -1 250 4 7 3 -1 1 -1 -1 -1 0 0 0 66.6667 64.0152 1 
16 0 0 0 1.10934e-31 3.33067e-16 0.1 -1 250 4 7 3 -1 1 -1 -1 -1 0 0 0 66.6667 64.0152 1 
17 0 0 0 1.10934e-31 3.33067e-16 0.1 -1 250 4 7 3 -1 1 -1 -1 -1 0 0 0 66.6667 64.0152 1 
18 0 0 0 1.10934e-31 3.33067e-16 0.1 -1 250 4 7 3 -1 1 -1 -1 -1 0 0 0 66.6667 64.0152 1 
19 0 0 0 1.10934e-31 3.33067e-16 0.1 -1 250 4 7 3 -1 1 -1 -1 -1 0 0 0 66.6667 64.0152 1 
20 0 0 0 1.10934e-31 3.33067e-16 0.1 -1 250 4 7 3 -1 1 -1 -1 -1 0 0 0 66.6667 64.0152 1 
21 0 0 0 1.10934e-31 3.33067e-16 0.1 -1 250 4 7 3 -1 1 -1 -1 -1 0 0 0 66.6667 64.0152 1 
22 0 0 0 1.10934e-31 3.33067e-16 0.1 -1 250 4 7 3 -1 1 -1 -1 -1 0 0 0 66.6667 64.0152 1 
23 0 0 0 1.10934e-31 3.33067e-16 0.1 -1 250 4 7 3 -1 1 -1 -1 -1 0 0 0 66.6667 64.0152 1 
24 0 0 0 1.10934e-31 3.33067e-16 0.1 -1 250 4 7 3 -1 1 -1 -1 -1 0 0 0 66.6667 64.0152 1 
25 0 0 0 1.10934e-31 3.33067e-16 0.1 -1 250 4 7 3 -1 1 -1 -1 -1 0 0 0 66.6667 64.0152 1 
26 0 0 0 1.10934e-31 3.33067e-16 0.1 -1 250 4 7 3 -1 1 -1 -1 -1 0 0 0 66.6667 64.0152 1 
27 0 0 0 1.10934e-31 3.33067e-16 0.1 -1 250 4 7 3 -1 1 -1 -1 -1 0 0 0 66.6667 64.0152 1 
28 0 0 0 1.10934e-31 3.33067e-16 0.1 -1 250 4 7 3 -1 1 -1 -1 -1 0 0 0 66.6667 64.0152 1 
29 0 0 0 1.10934e-31 3.33067e-16 0.1 -1 250 4 7 3 -1 1 -1 -1 -1 0 0 0 66.6667 64.0152 1 
30 0 0 0 1.10934e-31 3.33067e-16 0.1 -1 250 4 7 3 -1 1 -1 -1 -1 0 0 0 66.6667 64.0152 1 
31 0 0 0 1.10934e-31 3.33067e-16 0.1 -1 250 4 7 3 -1 1 -1 -1 -1 0 0 0 66.6667 64.0152 1 
32 0 0 0 1.10934e-31 3.33067e-16 0.1 -1 250 4 7 3 -1 1 -1 -1 -1 0 0 0 66.6667 64.0152 1 
33 0 0 0 1.10934e-31 3.33067e-16 0.1 -1 250 4 7 3 -1 1 -1 -1 -1 0 0 0 66.6667 64.0152 1 
34 0 0 0 1.10934e-31 3.33067e-16 0.1 -1 250 4 7 3 -1 1 -1 -1 -1 0 0 0 66.6667 64.0152 1 
35 0 0 0 1.10934e-31 3.33067e-16 0.1 -1 250 4 7 3 -1 1 -1 -1 -1 0 0 0 66.6667 64.0152 1 
36 0 0 0 1.10934e-31 3.33067e-16 0.1 -1 250 4 7 3 -1 1 -1 -1 -1 0 0 0 66.6667 64.0152 1 
37 0 0 0 1.10934e-31 3.33067e-16 0.1 -1 250 4 7 3 -1 1 -1 -1 -1 0 0 0 66.6667 64.0152 1 
38 0 0 0 1.10934e-31 3.33067e-16 0.1 -1 250 4 7 3 -1 1 -1 -1 -1 0 0 0 66.6667 64.0152 1 
39 0 0 0 1.10934e-31 3.33067e-16 0.1 -1 250 4 7 3 -1 1 -1 -1 -1 0 0 0 66.6667 64.0152 1 
40 0 0 0 1.10934e-31 3.33067e-16 0.1 -1 250 4 7 3 -1 1 -1 -1 -1 0 0 0 66.6667 64.0152 1 
41 0 0 0 1.10934e-31 3.33067e-16 0.1 -1 250 4 7 3 -1 1 -1 -1 -1 0 0 0 66.6667 64.0152 1 
42 0 0 0 1.10934e-31 3.33067e-16 0.1 -1 250 4 7 3 -1 1 -1 -1 -1 0 0 0 66.6667 64.0152 1 
43 0 0 0 1.10934e-31 3.33067e-16 0.1 -1 250 4 7 3 -1 1 -1 -1 -1 0 0 0 66.6667 64.0152 1 
44 0 0 0 1.10934e-31 3.33067e-16 0.1 -1 250 4 7 3 -1 1 -1 -1 -1 0 0 0 66.6667 64.0152 1 
45 0 0 0 1.10934e-31 3.33067e-16 0.1 -1 250 4 7 3 -1 1 -1 -1 -1 0 0 0 66.6667 64.0152 1 
46 0 0 0 1.10934e-31 3.33067e-16 0.1 -1 250 4 7 3 -1 1 -1 -1 -1 0 0 0 66.6667 64.0152 1 
47 0 0 0 1.10934e-31 3.33067e-16 0.1 -1 250 4 7 3 -1 1 -1 -1 -1 0 0 0 66.6667 64.0152 1 
48 0 0 0 1.10934e-31 3.33067e-16 0.1 -1 250 4 7 3 -1 1 -1 -1 -1 0 0 0 66.6667 64.0152 1 
49 0 0 0 1.10934e-31 3.33067e-16 0.1 -1 250 4 7 3 -1 1 -1 -1 -1 0 0 0 66.6667 64.0152 1 
50 0 0 0 1.10934e-31 3.33067e-16 0.1 -1 250 4 7 3 -1 1 -1 -1 -1 0 0 0 66.6667 64.0152 1 
51 0 0 0 1.10934e-31 3.33067e-16 0.1 -1 250 4 7 3 -1 1 -1 -1 -1 0 0 0 66.6667 64.0152 1 
52 0 0 0 1.10934e-31 3.33067e-16 0.1 -1 250 4 7 3 -1 1 -1 -1 -1 0 0 0 66.6667 64.0152 1 
53 0 0 0 1.10934e-31 3.33067e-16 0.1 -1 250 4 7 3 -1 1 -1 -1 -1 0 0 0 66.6667 64.0152 1 
54 0 0 0 1.10934e-31 3.33067e-16 0.1 -1 250 4 7 3 -1 1 -1 -1 -1 0 0 0 66.6667 64.0152 1 
55 0 0 0 1.10934e-31 3.33067e-16 0.1 -1 250 4 7 3 -1 1 -1 -1 -1 0 0 0 66.6667 64.0152 1 
56 0 0 0 1.10934e-31 3.33067e-16 0.1 -1 250 4 7 3 -1 1 -1 -1 -1 0 0 0 66.6667 64.0152 1 
57 0 0 0 1.10934e-31 3.33067e-16 0.1 -1 250 4 7 3 -1 1 -1 -1 -1 0 0 0 66.6667 64.0152 1 
58 0 0 0 1.10934e-31 3.33067e-16 0.1 -1 250 4 7 3 -1 1 -1 -1 -1 0 0 0 66.6667 64.0152 1 
59 0 0 0 1.10934e-31 3.33067e-16 0.1 -1 250 4 7 3 -1 1 -1 -1 -1 0 0 0 66.6667 64.0152 1 
60 0 0 0 1.10934e-31 3.33067e-16 0.1 -1 250 4 7 3 -1 1 -1 -1 -1 0 0 0 66.6667 64.0152 1 
61 0 0 0 1.10934e-31 3.33067e-16 0.1 -1 250 4 7 3 -1 1 -1 -1 -1 0 0 0 66.6667 64.0152 1 
62 0 0 0 1.10934e-31 3.33067e-16 0.1 -1 250 4 7 3 -1 1 -1 -1 -1 0 0 0 66.6667 64.0152 1 
63 0 0 0 1.10934e-31 3.33067e-16 0.1 -1 250 4 7 3 -1 1 -1 -1 -1 0 0 0 66.6667 64.0152 1 
64 0 0 0 1.10934e-31 3.33067e-16 0.1 -1 250 4 7 3 -1 1 -1 -1 -1 0 0 0 66.6667 64.0152 1 
65 0 0 0 1.10934e-31 3.33067e-16 0.1 -1 250 4 7 3 -1 1 -1 -1 -1 0 0 0 66.6667 64.0152 1 
66 0 0 0 1.10934e-31 3.33067e-16 0.1 -1 250 4 7 3 -1 1 -1 -1 -1 0 0 0 66.6667 64.0152 1 
67 0 0 0 1.10934e-31 3.33067e-16 0.1 -1 250 4 7 3 -1 1 -1 -1 -1 0 0 0 66.6667 64.0152 1 
68 0 0 0 1.10934e-31 3.33067e-16 0.1 -1 250 4 7 3 -1 1 -1 -1 -1 0 0 0 66.6667 64.0152 1 
69 0 0 0 1.10934e-31 3.33067e-16 0.1 -1 250 4 7 3 -1 1 -1 -1 -1 0 0 0 66.6667 64.0152 1 
70 0 0 0 1.10934e-31 3.33067e-16 0.1 -1 250 4 7 3 -1 1 -1 -1 -1 0 0 0 66.6667 64.0152 1 
71 0 0 0 1.10934e-31 3.33067e-16 0.1 -1 250 4 7 3 -1 1 -1 -1 -1 0 0 0 66.6667 64.0152 1 
72 0 0 0 1.10934e-31 3.33067e-16 0.1 -1 250 4 7 3 -1 1 -1 -1 -1 0 0 0 66.6667 64.0152 1 
73 0 0 0 1.10934e-31 3.33067e-16 0.1 -1 250 4 7 3 -1 1 -1 -1 -1 0 0 0 66.6667 64.0152 1 
74 0 0 0 1.10934e-31 3.33067e-16 0.1 -1 250 4 7 3 -1 1 -1 -1 -1 0 0 0 66.6667 64.0152 1 
75 0 0 0 1.10934e-31 3.33067e-16 0.1 -1 250 4 7 3 -1 1 -1 -1 -1 0 0 0 66.6667 64.0152 1 
76 0 0 0 1.10934e-31 3.33067e-16 0.1 -1 250 4 7 3 -1 1 -1 -1 -1 0 0 0 66.6667 64.0152 1 
77 0 0 0 1.10934e-31 3.33067e-16 0.1 -1 250 4 7 3 -1 1 -1 -1 -1 0 0 0 66.6667 64.0152 1 
78 0 0 0 1.10934e-31 3.33067e-16 0.1 -1 250 4 7 3 -1 1 -1 -1 -1 0 0 0 66.6667 64.0152 1 
79 0 0 0 1.10934e-31 3.33067e-16 0.1 -1 250 4 7 3 -1 1 -1 -1 -1 0 0 0 66.6667 64.0152 1 
80 0 0 0 1.10934e-31 3.33067e-16 0.1 -1 250 4 7 3 -1 1 -1 -1 -1 0 0 0 66.6667 64.0152 1 
81 0 0 0 1.10934e-31 3.33067e-16 0.1 -1 250 4 7 3 -1 1 -1 -1 -1 0 0 0 66.6667 64.0152 1 
82 0 0 0 1.10934e-31 3.33067e-16 0.1 -1 250 4 7 3 -1 1 -1 -1 -1 0 0 0 66.6667 64.0152 1 
83 0 0 0 1.10934e-31 3.33067e-16 0.1 -1 250 4 7 3 -1 1 -1 -1 -1 0 0 0 66.6667 64.0152 1 
84 0 0 0 1.10934e-31 3.33067e-16 0.1 -1 250 4 7 3 -1 1 -1 -1 -1 0 0 0 66.6667 64.0152 1 
85 0 0 0 1.10934e-31 3.33067e-16 0.1 -1 250 4 7 3 -1 1 -1 -1 -1 0 0 0 66.6667 64.0152 1 
86 0 0 0 1.10934e-31 3.33067e-16 0.1 -1 250 4 7 3 -1 1 -1 -1 -1 0 0 0 66.6667 64.0152 1 
87 0 0 0 1.10934e-31 3.33067e-16 0.1 -1 250 4 7 3 -1 1 -1 -1 -1 0 0 0 66.6667 64.0152 1 
88 0 0 0 1.10934e-31 3.33067e-16 0.1 -1 250 4 7 3 -1 1 -1 -1 -1 0 0 0 66.6667 64.0152 1 
