# Created by main.cpp, 2016-06-05.18:59:33
# name: results
# type: matrix
# rows: 50
# columns: 21
1 0.168224 83.1776 82.5036 187.303 13.6859 31.8881 -1 100 13 16 3 -1 1 -1 -1 -1 65.7143 41.8182 100 1 
2 0.168224 83.1776 82.5036 128.434 11.3329 32.421 -1 100 13 16 3 -1 1 -1 -1 -1 65.7143 41.8182 200 1 
3 0.168224 83.1776 82.5036 134.617 11.6024 31.6848 -1 100 13 16 3 -1 1 -1 -1 -1 65.7143 41.8182 300 1 
4 0.168224 83.1776 82.5036 82.77 9.0978 33.7731 -1 100 13 16 3 -1 1 -1 -1 -1 65.7143 41.8182 400 1 
5 0.168224 83.1776 82.5036 130.622 11.429 31.8023 -1 100 13 16 3 -1 1 -1 -1 -1 65.7143 41.8182 500 1 
6 0.168224 83.1776 82.5036 122.244 11.0564 33.0228 -1 100 13 16 3 -1 1 -1 -1 -1 65.7143 41.8182 600 1 
7 0.168224 83.1776 82.5036 97.8541 9.89212 33.7021 -1 100 13 16 3 -1 1 -1 -1 -1 65.7143 41.8182 700 1 
8 0.168224 83.1776 82.5036 187.276 13.6849 30.9633 -1 100 13 16 3 -1 1 -1 -1 -1 65.7143 41.8182 800 1 
9 0.102804 89.7196 90.1327 185.377 13.6153 32.5042 -1 100 13 16 3 -1 1 -1 -1 -1 68.5714 40.678 900 1 
10 0.102804 89.7196 90.1327 161.938 12.7255 32.7131 -1 100 13 16 3 -1 1 -1 -1 -1 68.5714 40.678 1000 1 
11 0.102804 89.7196 90.1327 184.298 13.5756 33.7404 -1 100 13 16 3 -1 1 -1 -1 -1 68.5714 40.678 1100 1 
12 0.102804 89.7196 90.1327 181.623 13.4767 32.2116 -1 100 13 16 3 -1 1 -1 -1 -1 68.5714 40.678 1200 1 
13 0.102804 89.7196 90.1327 205.04 14.3192 32.046 -1 100 13 16 3 -1 1 -1 -1 -1 68.5714 40.678 1300 1 
14 0.102804 89.7196 90.1327 149.901 12.2434 31.2917 -1 100 13 16 3 -1 1 -1 -1 -1 68.5714 40.678 1400 1 
15 0.102804 89.7196 90.1327 133.633 11.56 32.5677 -1 100 13 16 3 -1 1 -1 -1 -1 68.5714 40.678 1500 1 
16 0.102804 89.7196 90.1327 191.996 13.8563 31.695 -1 100 13 16 3 -1 1 -1 -1 -1 68.5714 40.678 1600 1 
17 0.102804 89.7196 90.1327 188.336 13.7236 31.8368 -1 100 13 16 3 -1 1 -1 -1 -1 68.5714 40.678 1700 1 
18 0.102804 89.7196 90.1327 115.144 10.7305 32.7029 -1 100 13 16 3 -1 1 -1 -1 -1 68.5714 40.678 1800 1 
19 0.102804 89.7196 90.1327 119.833 10.9468 32.8992 -1 100 13 16 3 -1 1 -1 -1 -1 68.5714 40.678 1900 1 
20 0.102804 89.7196 90.1327 145.867 12.0776 33.7702 -1 100 13 16 3 -1 1 -1 -1 -1 68.5714 40.678 2000 1 
21 0.102804 89.7196 90.1327 166.762 12.9136 34.2522 -1 100 13 16 3 -1 1 -1 -1 -1 68.5714 40.678 2100 1 
22 0.102804 89.7196 90.1327 250.814 15.8371 33.5903 -1 100 13 16 3 -1 1 -1 -1 -1 68.5714 40.678 2200 1 
23 0.102804 89.7196 90.1327 137.22 11.7141 32.3154 -1 100 13 16 3 -1 1 -1 -1 -1 68.5714 40.678 2300 1 
24 0.102804 89.7196 90.1327 69.0776 8.31129 34.5942 -1 100 13 16 3 -1 1 -1 -1 -1 68.5714 40.678 2400 1 
25 0.102804 89.7196 90.1327 141.506 11.8956 32.2216 -1 100 13 16 3 -1 1 -1 -1 -1 68.5714 40.678 2500 1 
26 0.102804 89.7196 90.1327 127.971 11.3124 32.4287 -1 100 13 16 3 -1 1 -1 -1 -1 68.5714 40.678 2600 1 
27 0.102804 89.7196 90.1327 123.248 11.1017 32.5678 -1 100 13 16 3 -1 1 -1 -1 -1 68.5714 40.678 2700 1 
28 0.102804 89.7196 90.1327 179.099 13.3828 32.7271 -1 100 13 16 3 -1 1 -1 -1 -1 68.5714 40.678 2800 1 
29 0.102804 89.7196 90.1327 153.873 12.4046 33.6503 -1 100 13 16 3 -1 1 -1 -1 -1 68.5714 40.678 2900 1 
30 0.102804 89.7196 90.1327 212.162 14.5658 32.3234 -1 100 13 16 3 -1 1 -1 -1 -1 68.5714 40.678 3000 1 
31 0.102804 89.7196 90.1327 112.534 10.6082 34.3823 -1 100 13 16 3 -1 1 -1 -1 -1 68.5714 40.678 3100 1 
32 0.102804 89.7196 90.1327 285.067 16.8839 34.5994 -1 100 13 16 3 -1 1 -1 -1 -1 68.5714 40.678 3200 1 
33 0.0934579 90.6542 90.614 344.129 18.5507 35.632 -1 100 13 16 3 -1 1 -1 -1 -1 68.5714 40.678 3300 1 
34 0.0934579 90.6542 90.614 442.339 21.0319 44.6716 -1 100 13 16 3 -1 1 -1 -1 -1 68.5714 40.678 3400 1 
35 0.0934579 90.6542 90.614 468.631 21.6479 37.2704 -1 100 13 16 3 -1 1 -1 -1 -1 68.5714 40.678 3500 1 
36 0.0934579 90.6542 90.614 381.294 19.5268 39.0751 -1 100 13 16 3 -1 1 -1 -1 -1 68.5714 40.678 3600 1 
37 0.0934579 90.6542 90.614 375.939 19.3892 39.103 -1 100 13 16 3 -1 1 -1 -1 -1 68.5714 40.678 3700 1 
38 0.0934579 90.6542 90.614 373.243 19.3195 35.8169 -1 100 13 16 3 -1 1 -1 -1 -1 68.5714 40.678 3800 1 
39 0.0934579 90.6542 90.614 298.582 17.2795 36.4434 -1 100 13 16 3 -1 1 -1 -1 -1 68.5714 40.678 3900 1 
40 0.0934579 90.6542 90.614 349.383 18.6918 35.7187 -1 100 13 16 3 -1 1 -1 -1 -1 68.5714 40.678 4000 1 
41 0.0934579 90.6542 90.614 282.821 16.8173 38.2409 -1 100 13 16 3 -1 1 -1 -1 -1 68.5714 40.678 4100 1 
42 0.0934579 90.6542 90.614 259.518 16.1096 36.4881 -1 100 13 16 3 -1 1 -1 -1 -1 68.5714 40.678 4200 1 
43 0.0934579 90.6542 90.614 293.362 17.1278 38.3581 -1 100 13 16 3 -1 1 -1 -1 -1 68.5714 40.678 4300 1 
44 0.0934579 90.6542 90.614 367.334 19.166 35.3828 -1 100 13 16 3 -1 1 -1 -1 -1 68.5714 40.678 4400 1 
45 0.0934579 90.6542 90.614 395.249 19.8809 37.9842 -1 100 13 16 3 -1 1 -1 -1 -1 68.5714 40.678 4500 1 
46 0.0934579 90.6542 90.614 384.723 19.6144 40.2626 -1 100 13 16 3 -1 1 -1 -1 -1 68.5714 40.678 4600 1 
47 0.0934579 90.6542 90.614 432.929 20.8069 42.1621 -1 100 13 16 3 -1 1 -1 -1 -1 68.5714 40.678 4700 1 
48 0.0934579 90.6542 90.614 410.594 20.2631 41.2966 -1 100 13 16 3 -1 1 -1 -1 -1 68.5714 40.678 4800 1 
49 0.0934579 90.6542 90.614 333.893 18.2727 40.9874 -1 100 13 16 3 -1 1 -1 -1 -1 68.5714 40.678 4900 1 
50 0.0934579 90.6542 90.614 350.407 18.7192 35.2013 -1 100 13 16 3 -1 1 -1 -1 -1 68.5714 40.678 5000 1 

# Created by main.cpp, 2016-06-05.18:59:33
# name: err_results
# type: matrix
# rows: 50
# columns: 1
-nan 
-nan 
-nan 
-nan 
-nan 
-nan 
-nan 
-nan 
-nan 
-nan 
-nan 
-nan 
-nan 
-nan 
-nan 
-nan 
-nan 
-nan 
-nan 
-nan 
-nan 
-nan 
-nan 
-nan 
-nan 
-nan 
-nan 
-nan 
-nan 
-nan 
-nan 
-nan 
-nan 
-nan 
-nan 
-nan 
-nan 
-nan 
-nan 
-nan 
-nan 
-nan 
-nan 
-nan 
-nan 
-nan 
-nan 
-nan 
-nan 
-nan 

