# Created by main.cpp, 2016-06-05.16:04:09
# name: results
# type: matrix
# rows: 10
# columns: 21
1 409 77.9951 76.6146 145.257 12.0494 37.4177 -1 150 9 11 2 -1 1 -1 -1 -1 87.1324 81.6369 595.75 4 
2 291.5 83.802 83.2862 210.621 14.4873 42.899 -1 150 9 11 2 -1 1 -1 -1 -1 77.2059 72.8811 1196.25 4 
3 291.5 83.5575 83.2985 200.19 14.1305 41.2226 -1 150 9 11 2 -1 1 -1 -1 -1 72.0588 68.4318 1798 4 
4 232.75 84.6577 84.4146 215.807 14.6748 42.8855 -1 150 9 11 2 -1 1 -1 -1 -1 73.5294 70.0684 2397.5 4 
5 232.75 85.4523 85.1446 245.189 15.623 43.8305 -1 150 9 11 2 -1 1 -1 -1 -1 76.2868 72.4104 2998.5 4 
6 232.75 85.9413 85.741 230.709 15.1859 43.3798 -1 150 9 11 2 -1 1 -1 -1 -1 74.0809 70.6245 3597.5 4 
7 174 86.8582 86.7758 219.212 14.7873 42.6065 -1 150 9 11 2 -1 1 -1 -1 -1 75.5515 72.5646 4197 4 
8 174 87.4083 87.2812 219.342 14.6988 42.0575 -1 150 9 11 2 -1 1 -1 -1 -1 79.9632 76.82 4802 4 
9 174 87.4083 87.2812 219.956 14.7657 41.7423 -1 150 9 11 2 -1 1 -1 -1 -1 79.9632 76.82 5404 4 
10 291.5 88.2029 88.0082 222.965 14.9208 41.7189 -1 150 9 11.25 2 -1 1 -1 -1 -1 84.9265 81.4212 5927.25 4 

# Created by main.cpp, 2016-06-05.16:04:09
# name: err_results
# type: matrix
# rows: 10
# columns: 1
1.13827 
2.63127 
2.61212 
3.10438 
1.91893 
1.40767 
0.839266 
1.64626 
1.64626 
1.61556 

