# Created by main.cpp, 2016-06-06.16:06:16
# name: results
# type: matrix
# rows: 300
# columns: 21
1 0.285417 71.4583 63.3357 170.351 13.0118 20.2295 -1 150 4 7 3 -1 1 -1 -1 -1 68.0208 61.8424 150 32 
2 0.264236 73.5764 69.7051 268.509 16.3482 23.6749 -1 150 4 7 3 -1 1 -1 -1 -1 73.3333 68.688 300 32 
3 0.226042 77.3958 75.7906 323.344 17.9494 26.2839 -1 150 4 7 3 -1 1 -1 -1 -1 74.375 71.9877 450 32 
4 0.204514 79.5486 78.0885 353.279 18.7595 28.0911 -1 150 4 7 3 -1 1 -1 -1 -1 78.4375 76.0338 600 32 
5 0.169792 83.0208 82.1723 368.509 19.1774 29.0509 -1 150 4 7.03125 3 -1 1 -1 -1 -1 80.3125 79.1349 750 32 
6 0.171875 82.8125 82.0096 362.872 19.0216 28.2104 -1 150 4 7.03125 3 -1 1 -1 -1 -1 82.7083 81.6153 900 32 
7 0.164931 83.5069 83.0195 359.501 18.9363 28.3366 -1 150 4 7.09375 3 -1 1 -1 -1 -1 82.7083 81.0746 1050 32 
8 0.163194 83.6806 83.3298 354.729 18.8045 27.2566 -1 150 4 7.09375 3 -1 1 -1 -1 -1 82.8125 82.3924 1200 32 
9 0.161111 83.8889 83.2728 348.112 18.6262 27.5303 -1 150 4 7.09375 3 -1 1 -1 -1 -1 83.5417 83.2368 1350 32 
10 0.146181 85.3819 84.911 366.186 19.0978 28.2257 -1 150 4 7.09375 3 -1 1 -1 -1 -1 84.0625 83.3209 1500 32 
11 0.141319 85.8681 85.4815 373.748 19.3015 28.3106 -1 150 4 7.09375 3 -1 1 -1 -1 -1 85 83.9143 1650 32 
12 0.124306 87.5694 87.0837 358.108 18.8789 27.6271 -1 150 4 7.09375 3 -1 1 -1 -1 -1 86.6667 85.2927 1800 32 
13 0.11875 88.125 87.7888 354.995 18.8117 27.6266 -1 150 4 7.125 3 -1 1 -1 -1 -1 86.3542 85.8013 1950 32 
14 0.124653 87.5347 87.221 368.788 19.1607 28.1374 -1 150 4 7.15625 3 -1 1 -1 -1 -1 86.4583 84.6945 2100 32 
15 0.122569 87.7431 87.3754 384.53 19.5671 28.2324 -1 150 4 7.1875 3 -1 1 -1 -1 -1 86.7708 85.6465 2250 32 
16 0.117361 88.2639 88.2366 383.661 19.5423 28.2509 -1 150 4 7.1875 3 -1 1 -1 -1 -1 86.4583 85.5041 2400 32 
17 0.115972 88.4028 88.0589 382.645 19.5238 28.1225 -1 150 4 7.1875 3 -1 1 -1 -1 -1 86.9792 85.9598 2550 32 
18 0.113542 88.6458 88.3049 375.069 19.3162 28.2247 -1 150 4 7.21875 3 -1 1 -1 -1 -1 86.0417 85.5112 2700 32 
19 0.104514 89.5486 89.2602 376.704 19.3854 28.1329 -1 150 4 7.21875 3 -1 1 -1 -1 -1 88.9583 88.5218 2850 32 
20 0.1 90 89.9554 373.366 19.273 27.7298 -1 150 4 7.21875 3 -1 1 -1 -1 -1 87.9167 86.5659 3000 32 
21 0.111806 88.8194 88.7902 377.488 19.4079 27.5465 -1 150 4 7.25 3 -1 1 -1 -1 -1 92.2917 91.9814 3150 32 
22 0.0975694 90.2431 89.9823 379.228 19.4545 28.1623 -1 150 4 7.25 3 -1 1 -1 -1 -1 88.5417 88.1889 3300 32 
23 0.103472 89.6528 89.5044 386.15 19.6303 27.9863 -1 150 4 7.25 3 -1 1 -1 -1 -1 90.5208 89.5652 3450 32 
24 0.0930556 90.6944 90.5568 390.299 19.7157 28.3984 -1 150 4 7.28125 3 -1 1 -1 -1 -1 90 89.2991 3600 32 
25 0.0951389 90.4861 90.3177 395.792 19.8379 28.1329 -1 150 4 7.1875 3 -1 1 -1 -1 -1 90.1042 89.6455 3750 32 
26 0.0913194 90.8681 90.6917 390.172 19.7224 28.226 -1 150 4 7.21875 3 -1 1 -1 -1 -1 91.0417 90.6102 3900 32 
27 0.0881944 91.1806 91.0743 384.28 19.587 27.888 -1 150 4 7.21875 3 -1 1 -1 -1 -1 91.6667 91.0596 4050 32 
28 0.0840278 91.5972 91.6606 388.179 19.6824 27.9432 -1 150 4 7.25 3 -1 1 -1 -1 -1 91.1458 90.3152 4200 32 
29 0.0854167 91.4583 91.4883 391.243 19.7492 28.5128 -1 150 4 7.34375 3 -1 1 -1 -1 -1 92.0833 91.1632 4350 32 
30 0.0746528 92.5347 92.4149 407.354 20.1562 29.0237 -1 150 4 7.28125 3 -1 1 -1 -1 -1 90.1042 89.8605 4500 32 
31 0.117708 88.2292 87.8457 393.368 19.7636 28.7683 -1 150 4 7.3125 3 -1 1 -1 -1 -1 86.0417 85.687 4650 32 
32 0.105556 89.4444 88.8587 399.649 19.9196 28.3649 -1 150 4 7.34375 3 -1 1 -1 -1 -1 87.3958 86.196 4800 32 
33 0.113194 88.6806 88.0293 399.514 19.9206 29.1808 -1 150 4 7.3125 3 -1 1 -1 -1 -1 86.7708 85.6613 4950 32 
34 0.1125 88.75 87.9236 399.543 19.924 28.4638 -1 150 4 7.375 3 -1 1 -1 -1 -1 87.9167 87.4774 5100 32 
35 0.102778 89.7222 89.485 393.695 19.7561 28.5143 -1 150 4 7.375 3 -1 1 -1 -1 -1 89.0625 88.7757 5250 32 
36 0.0958333 90.4167 89.8003 399.847 19.9109 28.7017 -1 150 4 7.40625 3 -1 1 -1 -1 -1 88.125 87.6519 5400 32 
37 0.102431 89.7569 89.0115 403.439 19.9841 28.6062 -1 150 4 7.46875 3 -1 1 -1 -1 -1 88.9583 88.1706 5550 32 
38 0.0920139 90.7986 90.0583 402.046 19.9696 28.5821 -1 150 4 7.59375 3 -1 1 -1 -1 -1 89.375 88.6354 5700 32 
39 0.0875 91.25 91.0385 399.775 19.9595 28.2854 -1 150 4 7.65625 3 -1 1 -1 -1 -1 90.4167 89.4493 5850 32 
40 0.0881944 91.1806 90.8225 399.03 19.9097 28.4727 -1 150 4 7.53125 3 -1 1 -1 -1 -1 92.1875 91.4695 6000 32 
41 0.0881944 91.1806 90.6426 414.415 20.2895 29.3169 -1 150 4 7.53125 3 -1 1 -1 -1 -1 89.1667 87.7442 6150 32 
42 0.0763889 92.3611 92.1972 430.577 20.7009 29.2024 -1 150 4 7.59375 3 -1 1 -1 -1 -1 90.625 90.3424 6300 32 
43 0.0913194 90.8681 90.3164 412.865 20.2939 29.2104 -1 150 4 7.71875 3 -1 1 -1 -1 -1 90.5208 89.6959 6450 32 
44 0.0847222 91.5278 91.131 415.104 20.3272 28.3591 -1 150 4 7.71875 3 -1 1 -1 -1 -1 90.2083 89.4664 6600 32 
45 0.0826389 91.7361 91.1094 410.191 20.185 28.7774 -1 150 4 7.78125 3 -1 1 -1 -1 -1 89.2708 88.5034 6750 32 
46 0.0774306 92.2569 91.9308 406.579 20.0668 28.6656 -1 150 4 7.75 3 -1 1 -1 -1 -1 90.8333 90.5774 6900 32 
47 0.0763889 92.3611 91.879 418.606 20.3392 28.7709 -1 150 4 7.78125 3 -1 1 -1 -1 -1 91.0417 90.3244 7050 32 
48 0.0715278 92.8472 92.9203 412.054 20.2163 28.5943 -1 150 4 7.78125 3 -1 1 -1 -1 -1 90.9375 89.9272 7200 32 
49 0.0725694 92.7431 91.9524 420.508 20.3901 28.9942 -1 150 4 7.78125 3 -1 1 -1 -1 -1 91.1458 90.1234 7350 32 
50 0.0729167 92.7083 92.0977 414.614 20.241 28.4614 -1 150 4 7.6875 3 -1 1 -1 -1 -1 92.7083 92.2956 7500 32 
51 0.065625 93.4375 93.3658 420.222 20.4363 29.1049 -1 150 4 7.75 3 -1 1 -1 -1 -1 93.125 92.846 7650 32 
52 0.0673611 93.2639 92.9138 407.213 20.1065 28.9582 -1 150 4 7.75 3 -1 1 -1 -1 -1 91.5625 90.8917 7800 32 
53 0.0670139 93.2986 92.6796 410.458 20.1665 28.6341 -1 150 4 7.75 3 -1 1 -1 -1 -1 92.0833 91.5822 7950 32 
54 0.0711806 92.8819 92.328 399.263 19.8817 28.3286 -1 150 4 7.71875 3 -1 1 -1 -1 -1 91.875 91.3845 8100 32 
55 0.0729167 92.7083 92.292 415.244 20.33 28.384 -1 150 4 7.75 3 -1 1 -1 -1 -1 91.5625 90.9053 8250 32 
56 0.0680556 93.1944 93.2407 421.765 20.5004 28.9707 -1 150 4 7.75 3 -1 1 -1 -1 -1 91.9792 91.4955 8400 32 
57 0.0739583 92.6042 92.3029 413.402 20.2784 29.2517 -1 150 4 7.8125 3 -1 1 -1 -1 -1 92.8125 91.8046 8550 32 
58 0.065625 93.4375 92.8566 415.347 20.3412 29.4314 -1 150 4 7.78125 3 -1 1 -1 -1 -1 92.0833 91.379 8700 32 
59 0.0590278 94.0972 93.996 425.315 20.5602 29.2434 -1 150 4 7.71875 3 -1 1 -1 -1 -1 92.7083 92.2732 8850 32 
60 0.0746528 92.5347 91.6559 408.044 20.1093 28.7028 -1 150 4 7.8125 3 -1 1 -1 -1 -1 91.6667 90.7914 9000 32 
61 0.0927083 90.7292 89.7943 409.359 20.1498 28.9675 -1 150 4 7.9375 3 -1 1 -1 -1 -1 90 89.4853 9150 32 
62 0.0829861 91.7014 90.7401 414.837 20.2539 28.9671 -1 150 4 7.90625 3 -1 1 -1 -1 -1 89.2708 88.4295 9300 32 
63 0.0819444 91.8056 90.6521 400.411 19.9009 28.6763 -1 150 4 7.78125 3 -1 1 -1 -1 -1 90.3125 89.3128 9450 32 
64 0.0822917 91.7708 90.1992 416.455 20.274 29.1403 -1 150 4 7.90625 3 -1 1 -1 -1 -1 89.6875 88.9376 9600 32 
65 0.0795139 92.0486 90.9648 421.697 20.4032 29.1409 -1 150 4 7.96875 3 -1 1 -1 -1 -1 89.1667 88.963 9750 32 
66 0.0798611 92.0139 90.5943 426.564 20.5099 29.792 -1 150 4 7.9375 3 -1 1 -1 -1 -1 88.4375 86.954 9900 32 
67 0.0840278 91.5972 90.4379 425.35 20.4641 29.2513 -1 150 4 7.84375 3 -1 1 -1 -1 -1 90.4167 89.525 10050 32 
68 0.0850694 91.4931 90.194 428.305 20.4895 29.305 -1 150 4 7.96875 3 -1 1 -1 -1 -1 89.375 88.6562 10200 32 
69 0.0743056 92.5694 92.0217 423.49 20.4767 29.1124 -1 150 4 7.84375 3 -1 1 -1 -1 -1 91.875 91.2286 10350 32 
70 0.0722222 92.7778 92.0954 421.739 20.478 29.4527 -1 150 4 7.875 3 -1 1 -1 -1 -1 90.3125 89.8543 10500 32 
71 0.0694444 93.0556 92.7521 413.416 20.2083 28.7312 -1 150 4 7.9375 3 -1 1 -1 -1 -1 90.8333 90.3898 10650 32 
72 0.0767361 92.3264 92.2752 432.387 20.6775 29.6728 -1 150 4 8.03125 3 -1 1 -1 -1 -1 92.3958 91.9512 10800 32 
