# Created by main.cpp, 2016-06-05.13:00:26
# name: results
# type: matrix
# rows: 10
# columns: 20
1 683 81.552 78.8276 175.217 13.237 37.2122 -1 150 9 11 2 -1 1 -1 -1 -1 -1 -1 150 
2 683 83.3089 80.9352 219.678 14.8215 41.1647 -1 150 9 11 2 -1 1 -1 -1 -1 -1 -1 300 
3 683 83.4553 81.5401 227.05 15.0682 39.6353 -1 150 9 11 2 -1 1 -1 -1 -1 -1 -1 450 
4 683 83.4553 81.5401 222.87 14.9288 41.9225 -1 150 9 11 2 -1 1 -1 -1 -1 -1 -1 600 
5 683 83.4553 81.5401 187.646 13.6984 42.6805 -1 150 9 11 2 -1 1 -1 -1 -1 -1 -1 750 
6 239 83.6018 82.3335 220.964 14.8649 42.1897 -1 150 9 12 2 -1 1 -1 -1 -1 -1 -1 900 
7 239 83.6018 82.8932 224.68 14.9893 41.7821 -1 150 9 11 2 -1 1 -1 -1 -1 -1 -1 1050 
8 239 85.798 84.6866 215.875 14.6927 39.6337 -1 150 9 11 2 -1 1 -1 -1 -1 -1 -1 1200 
9 239 85.6515 84.9142 197.048 14.0374 39.6314 -1 150 9 11 2 -1 1 -1 -1 -1 -1 -1 1350 
10 239 85.6515 84.9142 246.948 15.7146 42.3867 -1 150 9 11 2 -1 1 -1 -1 -1 -1 -1 1500 

# Created by main.cpp, 2016-06-05.13:00:26
# name: err_results
# type: matrix
# rows: 10
# columns: 1
-nan 
-nan 
-nan 
-nan 
-nan 
-nan 
-nan 
-nan 
-nan 
-nan 

