# Created by main.cpp, 2016-06-05.18:57:37
# name: results
# type: matrix
# rows: 50
# columns: 21
1 0 100 100 461.846 21.4906 25.73 -1 100 4 7 3 -1 1 -1 -1 -1 33.3333 25 100 1 
2 0 100 100 758.944 27.5489 39.1835 -1 100 4 7 3 -1 1 -1 -1 -1 33.3333 25 200 1 
3 0 100 100 883.976 29.7317 40.7853 -1 100 4 7 3 -1 1 -1 -1 -1 33.3333 25 300 1 
4 0 100 100 1129.47 33.6077 45.465 -1 100 4 7 3 -1 1 -1 -1 -1 33.3333 25 400 1 
5 0 100 100 955.213 30.9065 42.147 -1 100 4 7 3 -1 1 -1 -1 -1 33.3333 25 500 1 
6 0 100 100 1064.98 32.634 52.3259 -1 100 4 7 3 -1 1 -1 -1 -1 33.3333 25 600 1 
7 0 100 100 1172.94 34.2483 40.9354 -1 100 4 7 3 -1 1 -1 -1 -1 33.3333 25 700 1 
8 0 100 100 776.239 27.8611 41.3133 -1 100 4 7 3 -1 1 -1 -1 -1 33.3333 25 800 1 
9 0 100 100 971.585 31.1703 38.6519 -1 100 4 7 3 -1 1 -1 -1 -1 33.3333 25 900 1 
10 0 100 100 1173.68 34.259 40.4765 -1 100 4 7 3 -1 1 -1 -1 -1 33.3333 25 1000 1 
11 0 100 100 1311.97 36.2211 45.9433 -1 100 4 7 3 -1 1 -1 -1 -1 33.3333 25 1100 1 
12 0 100 100 1184.64 34.4186 53.8802 -1 100 4 7 3 -1 1 -1 -1 -1 33.3333 25 1200 1 
13 0 100 100 779.406 27.9178 44.4838 -1 100 4 7 3 -1 1 -1 -1 -1 33.3333 25 1300 1 
14 0 100 100 972.171 31.1797 41.8986 -1 100 4 7 3 -1 1 -1 -1 -1 33.3333 25 1400 1 
15 0 100 100 1187.66 34.4624 46.9214 -1 100 4 7 3 -1 1 -1 -1 -1 33.3333 25 1500 1 
16 0 100 100 1087.85 32.9826 42.847 -1 100 4 7 3 -1 1 -1 -1 -1 33.3333 25 1600 1 
17 0 100 100 1066.06 32.6505 46.3106 -1 100 4 7 3 -1 1 -1 -1 -1 33.3333 25 1700 1 
18 0 100 100 970.449 31.152 40.6014 -1 100 4 7 3 -1 1 -1 -1 -1 33.3333 25 1800 1 
19 0 100 100 796.728 28.2264 36.0279 -1 100 4 7 3 -1 1 -1 -1 -1 33.3333 25 1900 1 
20 0 100 100 807.575 28.4179 39.3107 -1 100 4 7 3 -1 1 -1 -1 -1 33.3333 25 2000 1 
21 0 100 100 914.98 30.2486 43.269 -1 100 4 7 3 -1 1 -1 -1 -1 33.3333 25 2100 1 
22 0 100 100 1052.81 32.4471 39.6976 -1 100 4 7 3 -1 1 -1 -1 -1 33.3333 25 2200 1 
23 0 100 100 878.604 29.6412 38.0293 -1 100 4 7 3 -1 1 -1 -1 -1 33.3333 25 2300 1 
24 0 100 100 981.58 31.3302 52.5657 -1 100 4 7 3 -1 1 -1 -1 -1 33.3333 25 2400 1 
25 0 100 100 1108.3 33.2912 40.2573 -1 100 4 7 3 -1 1 -1 -1 -1 33.3333 25 2500 1 
26 0 100 100 761.554 27.5963 30.4669 -1 100 4 7 3 -1 1 -1 -1 -1 33.3333 25 2600 1 
27 0 100 100 909.29 30.1544 36.2299 -1 100 4 7 3 -1 1 -1 -1 -1 33.3333 25 2700 1 
28 0 100 100 964.546 31.0571 43.5132 -1 100 4 7 3 -1 1 -1 -1 -1 33.3333 25 2800 1 
29 0 100 100 1047.8 32.3697 40.9713 -1 100 4 7 3 -1 1 -1 -1 -1 33.3333 25 2900 1 
30 0 100 100 1246.96 35.3123 42.6763 -1 100 4 7 3 -1 1 -1 -1 -1 33.3333 25 3000 1 
31 0 100 100 738.707 27.1792 38.7752 -1 100 4 7 3 -1 1 -1 -1 -1 33.3333 25 3100 1 
32 0 100 100 901.296 30.0216 42.9105 -1 100 4 7 3 -1 1 -1 -1 -1 33.3333 25 3200 1 
33 0 100 100 1216.3 34.8754 46.6743 -1 100 4 7 3 -1 1 -1 -1 -1 33.3333 25 3300 1 
34 0 100 100 1005.2 31.7048 54.0471 -1 100 4 7 3 -1 1 -1 -1 -1 33.3333 25 3400 1 
35 0 100 100 996.876 31.5733 44.8146 -1 100 4 7 3 -1 1 -1 -1 -1 33.3333 25 3500 1 
36 0 100 100 1207.1 34.7433 51.8457 -1 100 4 7 3 -1 1 -1 -1 -1 33.3333 25 3600 1 
37 0 100 100 941.067 30.6768 42.5365 -1 100 4 7 3 -1 1 -1 -1 -1 33.3333 25 3700 1 
38 0 100 100 1063.86 32.6168 40.4689 -1 100 4 7 3 -1 1 -1 -1 -1 33.3333 25 3800 1 
39 0 100 100 944.992 30.7407 43.6955 -1 100 4 7 3 -1 1 -1 -1 -1 33.3333 25 3900 1 
40 0 100 100 1165.56 34.1402 45.8578 -1 100 4 7 3 -1 1 -1 -1 -1 33.3333 25 4000 1 
41 0 100 100 1014.59 31.8526 40.1548 -1 100 4 7 3 -1 1 -1 -1 -1 33.3333 25 4100 1 
42 0 100 100 1162.23 34.0914 45.8458 -1 100 4 7 3 -1 1 -1 -1 -1 33.3333 25 4200 1 
43 0 100 100 1075.44 32.7939 47.422 -1 100 4 7 3 -1 1 -1 -1 -1 33.3333 25 4300 1 
44 0 100 100 1180.9 34.3642 48.5358 -1 100 4 7 3 -1 1 -1 -1 -1 33.3333 25 4400 1 
45 0 100 100 1233.65 35.1234 42.1452 -1 100 4 7 3 -1 1 -1 -1 -1 33.3333 25 4500 1 
46 0 100 100 969.819 31.1419 42.2467 -1 100 4 7 3 -1 1 -1 -1 -1 33.3333 25 4600 1 
47 0 100 100 1078.3 32.8375 45.1184 -1 100 4 7 3 -1 1 -1 -1 -1 33.3333 25 4700 1 
48 0 100 100 900.29 30.0048 41.3427 -1 100 4 7 3 -1 1 -1 -1 -1 33.3333 25 4800 1 
49 0 100 100 1093.59 33.0695 41.0419 -1 100 4 7 3 -1 1 -1 -1 -1 33.3333 25 4900 1 
50 0 100 100 881.005 29.6817 44.9819 -1 100 4 7 3 -1 1 -1 -1 -1 33.3333 25 5000 1 

# Created by main.cpp, 2016-06-05.18:57:37
# name: err_results
# type: matrix
# rows: 50
# columns: 1
-nan 
-nan 
-nan 
-nan 
-nan 
-nan 
-nan 
-nan 
-nan 
-nan 
-nan 
-nan 
-nan 
-nan 
-nan 
-nan 
-nan 
-nan 
-nan 
-nan 
-nan 
-nan 
-nan 
-nan 
-nan 
-nan 
-nan 
-nan 
-nan 
-nan 
-nan 
-nan 
-nan 
-nan 
-nan 
-nan 
-nan 
-nan 
-nan 
-nan 
-nan 
-nan 
-nan 
-nan 
-nan 
-nan 
-nan 
-nan 
-nan 
-nan 

