# Created by main.cpp, 2016-06-04.17:36:06
# name: results
# type: matrix
# rows: 100
# columns: 20
1 683 82.1376 80.1592 175.194 13.2252 37.8666 -1 150 9 11 2 -1 1 -1 -1 -1 -1 -1 597.5 
2 683 86.0908 85.084 225.414 15.0073 42.9866 -1 150 9 11 2 -1 1 -1 -1 -1 -1 -1 1197.25 
3 683 87.0059 86.1432 239.761 15.4795 43.0029 -1 150 9 11 2 -1 1 -1 -1 -1 -1 -1 1797 
4 683 87.4451 86.4654 257.212 15.9516 43.1724 -1 150 9 11 2 -1 1 -1 -1 -1 -1 -1 2396.5 
5 572 87.6281 86.7196 246.459 15.6902 43.1425 -1 150 9 11 2 -1 1 -1 -1 -1 -1 -1 2998 
6 461 88.2138 87.2387 238.927 15.4171 42.2641 -1 150 9 11 2 -1 1 -1 -1 -1 -1 -1 3601.5 
7 461 88.2138 87.2387 206.681 14.3283 40.9281 -1 150 9 11 2 -1 1 -1 -1 -1 -1 -1 4198.25 
8 461 88.2138 87.2387 201.54 14.1369 42.8168 -1 150 9 11 2 -1 1 -1 -1 -1 -1 -1 4799.25 
9 350 89.202 88.0522 272.419 16.5033 44.1644 -1 150 9 11.5 2 -1 1 -1 -1 -1 -1 -1 5406.5 
10 350 89.1288 88.192 263.776 16.1683 42.6993 -1 150 9 11.25 2 -1 1 -1 -1 -1 -1 -1 6001.25 
11 350 89.1288 88.192 250.762 15.8005 42.9692 -1 150 9 11.25 2 -1 1 -1 -1 -1 -1 -1 6604.25 
12 350 89.1288 88.192 215.853 14.6628 40.9555 -1 150 9 11.25 2 -1 1 -1 -1 -1 -1 -1 7205.75 
13 239 89.202 88.2646 263.991 16.2135 43.9 -1 150 9 11.25 2 -1 1 -1 -1 -1 -1 -1 7805.5 
14 239 89.202 88.2646 247.142 15.6765 42.382 -1 150 9 11.25 2 -1 1 -1 -1 -1 -1 -1 8402.25 
15 239 89.202 88.2646 248.281 15.7465 43.985 -1 150 9 11.25 2 -1 1 -1 -1 -1 -1 -1 9003 
16 239 89.202 88.2646 261.254 16.0931 44.431 -1 150 9 11.25 2 -1 1 -1 -1 -1 -1 -1 9603.75 
17 239 89.202 88.2646 270.353 16.3849 43.5719 -1 150 9 11.25 2 -1 1 -1 -1 -1 -1 -1 10205.2 
18 239 89.2387 88.3276 305.592 17.4679 45.1938 -1 150 9 11.25 2 -1 1 -1 -1 -1 -1 -1 10801.5 
19 239 89.2387 88.3276 308.086 17.4398 44.7948 -1 150 9 11.25 2 -1 1 -1 -1 -1 -1 -1 11401.5 
20 461 89.8609 88.9183 299.326 17.283 45.183 -1 150 9 11.5 2 -1 1 -1 -1 -1 -1 -1 12003.2 
21 461 89.8609 88.9183 308.2 17.5364 44.112 -1 150 9 11.5 2 -1 1 -1 -1 -1 -1 -1 12601.5 
22 350 90.41 89.546 326.697 18.0652 44.9971 -1 150 9 11.75 2 -1 1 -1 -1 -1 -1 -1 13198.5 
23 350 90.8858 89.9805 305.182 17.4163 44.0487 -1 150 9 11.75 2 -1 1 -1 -1 -1 -1 -1 13804.2 
24 350 90.8858 89.9805 301.25 17.2216 44.882 -1 150 9 11.75 2 -1 1 -1 -1 -1 -1 -1 14396.5 
25 350 90.8858 89.9805 264.462 16.1475 43.1162 -1 150 9 11.75 2 -1 1 -1 -1 -1 -1 -1 15000.2 
26 239 91.0688 90.1564 319.867 17.8227 45.0277 -1 150 9 11.5 2 -1 1 -1 -1 -1 -1 -1 15618.8 
27 350 91.2152 90.3745 341.823 18.4277 44.0396 -1 150 9 11.75 2 -1 1 -1 -1 -1 -1 -1 16207.8 
28 350 91.2884 90.4375 345.333 18.4217 45.8219 -1 150 9 11.75 2 -1 1 -1 -1 -1 -1 -1 16793 
29 350 91.3982 90.564 325.662 17.9545 45.3084 -1 150 9 11.75 2 -1 1 -1 -1 -1 -1 -1 17385.8 
30 350 91.9839 91.2873 306.655 17.3632 44.848 -1 150 9 11.75 2 -1 1 -1 -1 -1 -1 -1 17986 
31 350 91.9839 91.2873 326.073 17.9479 44.1813 -1 150 9 11.75 2 -1 1 -1 -1 -1 -1 -1 18586.2 
32 350 91.9839 91.2873 326.269 17.8719 44.6472 -1 150 9 11.75 2 -1 1 -1 -1 -1 -1 -1 19180 
33 350 91.9839 91.2873 355.87 18.7288 45.6981 -1 150 9 11.75 2 -1 1 -1 -1 -1 -1 -1 19800.2 
34 350 92.1303 91.4446 360.081 18.9264 45.6361 -1 150 9 11.75 2 -1 1 -1 -1 -1 -1 -1 20396.5 
35 239 92.6428 92.04 341.541 18.4553 46.5186 -1 150 9 11.75 2 -1 1 -1 -1 -1 -1 -1 21044.8 
36 239 92.6428 92.04 331.443 18.1716 45.8503 -1 150 9 11.75 2 -1 1 -1 -1 -1 -1 -1 21589 
37 239 92.6428 92.04 408.383 20.1783 47.8714 -1 150 9 11.75 2 -1 1 -1 -1 -1 -1 -1 22213 
38 239 92.6428 92.04 424.932 20.5783 48.1638 -1 150 9 11.75 2 -1 1 -1 -1 -1 -1 -1 22810 
39 239 92.899 92.2754 417.421 20.4034 48.5163 -1 150 9 11.75 2 -1 1 -1 -1 -1 -1 -1 23406.2 
40 239 93.0088 92.3903 412.733 20.2868 46.8699 -1 150 9 11.75 2 -1 1 -1 -1 -1 -1 -1 24018 
41 239 93.0088 92.3903 438.502 20.8781 47.884 -1 150 9 11.75 2 -1 1 -1 -1 -1 -1 -1 24615 
42 239 93.0088 92.3903 425.172 20.5825 47.9694 -1 150 9 11.75 2 -1 1 -1 -1 -1 -1 -1 25216.8 
43 239 93.0088 92.3903 424.993 20.5977 48.3808 -1 150 9 11.75 2 -1 1 -1 -1 -1 -1 -1 25819.5 
44 239 93.082 92.4695 409.544 20.1858 48.0492 -1 150 9 11.75 2 -1 1 -1 -1 -1 -1 -1 26417.5 
45 239 93.082 92.4695 419.03 20.4272 47.4 -1 150 9 11.75 2 -1 1 -1 -1 -1 -1 -1 27022.5 
46 239 93.082 92.4695 412.982 20.2307 47.7359 -1 150 9 11.75 2 -1 1 -1 -1 -1 -1 -1 27616.5 
47 239 93.1552 92.553 383.122 19.5568 47.2025 -1 150 9 11.75 2 -1 1 -1 -1 -1 -1 -1 28217.8 
48 239 93.2284 92.5907 429.229 20.7033 47.7678 -1 150 9 11.75 2 -1 1 -1 -1 -1 -1 -1 28816 
49 239 93.2284 92.5907 467.738 21.5826 48.7881 -1 150 9 11.75 2 -1 1 -1 -1 -1 -1 -1 29424.8 
50 239 93.2284 92.5954 450.689 21.2126 48.6605 -1 150 9 11.75 2 -1 1 -1 -1 -1 -1 -1 30036 
51 239 93.2284 92.5954 448.192 21.1616 49.0574 -1 150 9 11.75 2 -1 1 -1 -1 -1 -1 -1 30636.5 
52 239 93.4114 92.8016 462.292 21.4701 47.8322 -1 150 9 11.75 2 -1 1 -1 -1 -1 -1 -1 31230.2 
53 239 93.448 92.8481 472.694 21.715 50.638 -1 150 9 11.75 2 -1 1 -1 -1 -1 -1 -1 31827.2 
54 239 93.5578 92.9747 449.307 21.1761 49.2785 -1 150 9 11.75 2 -1 1 -1 -1 -1 -1 -1 32444.2 
55 239 93.5578 92.9747 411.877 20.2279 47.2874 -1 150 9 11.75 2 -1 1 -1 -1 -1 -1 -1 33050.5 
56 239 93.5578 92.9747 396.89 19.8899 48.092 -1 150 9 11.75 2 -1 1 -1 -1 -1 -1 -1 33644.8 
57 239 93.5944 93.0132 349.823 18.6623 45.9598 -1 150 9 11.75 2 -1 1 -1 -1 -1 -1 -1 34233.8 
58 239 93.5944 93.0198 366.115 19.1197 46.8375 -1 150 9 11.75 2 -1 1 -1 -1 -1 -1 -1 34830 
59 239 93.5944 93.023 368.537 19.0879 47.1613 -1 150 9 11.75 2 -1 1 -1 -1 -1 -1 -1 35425.2 
60 239 93.5944 93.023 397.479 19.8909 46.906 -1 150 9 11.75 2 -1 1 -1 -1 -1 -1 -1 36027.2 
61 239 93.5944 93.023 444.693 21.0084 49.0189 -1 150 9 11.75 2 -1 1 -1 -1 -1 -1 -1 36616 
62 239 93.5944 93.023 479.903 21.8862 49.9495 -1 150 9 11.75 2 -1 1 -1 -1 -1 -1 -1 37205.5 
63 239 93.5944 93.023 463.09 21.4806 50.1538 -1 150 9 11.75 2 -1 1 -1 -1 -1 -1 -1 37806.5 
64 239 93.5944 93.023 509.795 22.4842 51.1114 -1 150 9 11.75 2 -1 1 -1 -1 -1 -1 -1 38404.2 
65 239 93.5944 93.023 475.878 21.7266 50.1514 -1 150 9 11.75 2 -1 1 -1 -1 -1 -1 -1 38997.8 
66 239 93.5944 93.023 427.712 20.5948 46.1812 -1 150 9 11.75 2 -1 1 -1 -1 -1 -1 -1 39605 
67 239 93.5944 93.023 397.246 19.8484 46.3008 -1 150 9 11.75 2 -1 1 -1 -1 -1 -1 -1 40212 
68 239 93.5944 93.023 397.554 19.9296 47.3435 -1 150 9 11.75 2 -1 1 -1 -1 -1 -1 -1 40810.8 
69 239 93.6676 93.1274 400.401 19.9604 47.5587 -1 150 9 12.25 2 -1 1 -1 -1 -1 -1 -1 41424.5 
70 239 93.6676 93.1274 392.3 19.7488 47.0577 -1 150 9 12.25 2 -1 1 -1 -1 -1 -1 -1 42020 
71 239 93.6676 93.1274 412.217 20.2433 48.157 -1 150 9 12.25 2 -1 1 -1 -1 -1 -1 -1 42621 
72 239 93.7042 93.1585 421.516 20.5279 47.9332 -1 150 9 12.25 2 -1 1 -1 -1 -1 -1 -1 43215.2 
73 239 93.7042 93.1585 396.338 19.8638 48.149 -1 150 9 12.25 2 -1 1 -1 -1 -1 -1 -1 43814 
74 239 93.7042 93.1585 374.005 19.2817 47.1391 -1 150 9 12.25 2 -1 1 -1 -1 -1 -1 -1 44394.5 
75 239 93.7408 93.2001 375.859 19.2485 46.855 -1 150 9 12.25 2 -1 1 -1 -1 -1 -1 -1 44948.8 
76 239 93.7408 93.2001 375.998 19.1681 46.4931 -1 150 9 12.25 2 -1 1 -1 -1 -1 -1 -1 45520.2 
77 239 93.7408 93.2001 404.976 19.9609 48.2454 -1 150 9 12.25 2 -1 1 -1 -1 -1 -1 -1 46070.8 
78 239 93.8141 93.2919 407.443 20.0249 48.3322 -1 150 9 12.25 2 -1 1 -1 -1 -1 -1 -1 46775.2 
79 239 93.8141 93.2919 421.804 20.4482 47.7798 -1 150 9 12.25 2 -1 1 -1 -1 -1 -1 -1 47410.8 
80 239 93.8141 93.2919 461.056 21.3076 49.5871 -1 150 9 12.25 2 -1 1 -1 -1 -1 -1 -1 47988.5 
81 239 93.8141 93.2919 447.08 20.9366 49.7625 -1 150 9 12.25 2 -1 1 -1 -1 -1 -1 -1 48558 
82 239 93.8141 93.2919 444.614 20.8673 48.5522 -1 150 9 12.25 2 -1 1 -1 -1 -1 -1 -1 49186.5 
83 239 93.8141 93.2919 489.139 22.0703 48.8691 -1 150 9 12.25 2 -1 1 -1 -1 -1 -1 -1 49798.5 
84 239 93.8141 93.2919 444.718 21.0585 50.4584 -1 150 9 12.25 2 -1 1 -1 -1 -1 -1 -1 50421.2 
85 239 93.8141 93.2919 462.917 21.4178 49.2055 -1 150 9 12.25 2 -1 1 -1 -1 -1 -1 -1 51013 
86 239 93.8141 93.2919 485.459 21.9882 49.6279 -1 150 9 12.25 2 -1 1 -1 -1 -1 -1 -1 51576.8 
