# Created by main.cpp, 2016-06-05.17:00:59
# name: results
# type: matrix
# rows: 10
# columns: 21
1 409 79.3399 79.2372 165.174 12.809 38.2836 -1 150 9 11 2 -1 1 -1 -1 -1 66.3603 63.6769 596 4 
2 350.25 84.1687 83.7748 238.492 15.4337 43.067 -1 150 9 11 2 -1 1 -1 -1 -1 81.4338 77.7628 1196 4 
3 291.5 85.1467 84.6906 204.378 14.2905 42.0961 -1 150 9 11 2 -1 1 -1 -1 -1 86.0294 82.0916 1798.25 4 
4 350.25 85.3301 85.2037 263.736 16.2377 43.8828 -1 150 9 11 2 -1 1 -1 -1 -1 85.6618 82.4531 2399.5 4 
5 350.25 85.7579 85.4618 258.449 16.0288 44.0748 -1 150 9 11 2 -1 1 -1 -1 -1 84.9265 80.9537 2996 4 
6 350.25 85.9413 85.6254 243.166 15.5677 43.4156 -1 150 9 11 2 -1 1 -1 -1 -1 85.8456 82.1065 3594.25 4 
7 350.25 86.1247 85.8105 240.045 15.4151 42.9225 -1 150 9 11 2 -1 1 -1 -1 -1 86.5809 82.8797 4198 4 
8 291.5 86.6748 86.3843 239.984 15.4667 42.3918 -1 150 9 11 2 -1 1 -1 -1 -1 89.5221 86.0959 4796.75 4 
9 291.5 86.6748 86.3843 239.913 15.4751 43.5194 -1 150 9 11 2 -1 1 -1 -1 -1 89.5221 86.0959 5396.5 4 
10 291.5 86.6748 86.3843 218.408 14.7735 42.6965 -1 150 9 11 2 -1 1 -1 -1 -1 89.5221 86.0959 5972 4 

# Created by main.cpp, 2016-06-05.17:00:59
# name: err_results
# type: matrix
# rows: 10
# columns: 1
2.14659 
3.11448 
3.45615 
2.83491 
2.53893 
2.77825 
3.06859 
2.46903 
2.46903 
2.46903 

