# Created by main.cpp, 2016-06-06.16:26:34
# name: results
# type: matrix
# rows: 300
# columns: 21
1 0.348715 65.1285 51.7857 40.933 6.3039 18.4733 -1 150 13 16 3 -1 1 -1 -1 -1 60.9821 49.0236 150 32 
2 0.347839 65.2161 52.4004 42.7165 6.43918 18.918 -1 150 13 16 3 -1 1 -1 -1 -1 64.2857 51.2027 300 32 
3 0.341414 65.8586 53.5637 34.4902 5.73474 18.6153 -1 150 13 16 3 -1 1 -1 -1 -1 63.125 50.5907 450 32 
4 0.332652 66.7348 53.7175 28.2734 5.22526 18.4851 -1 150 13 16 3 -1 1 -1 -1 -1 63.4821 51.04 600 32 
5 0.337617 66.2383 53.2957 25.106 4.92941 18.4766 -1 150 13 16 3 -1 1 -1 -1 -1 64.4643 52.1602 750 32 
6 0.328855 67.1145 53.7902 23.3818 4.75266 18.3087 -1 150 13 16 3 -1 1 -1 -1 -1 62.5 51.1792 900 32 
7 0.331484 66.8516 53.6544 24.0926 4.81319 18.3655 -1 150 13 16 3 -1 1 -1 -1 -1 63.3929 50.9657 1050 32 
8 0.34375 65.625 53.3969 21.8772 4.56356 18.2991 -1 150 13 16 3 -1 1 -1 -1 -1 64.6429 51.3465 1200 32 
9 0.335864 66.4136 53.7873 25.0465 4.92894 18.3904 -1 150 13 16 3 -1 1 -1 -1 -1 63.8393 51.6615 1350 32 
10 0.337325 66.2675 53.6116 23.0593 4.72388 18.3721 -1 150 13 16.0312 3 -1 1 -1 -1 -1 63.125 51.025 1500 32 
11 0.344918 65.5082 53.3385 28.957 5.1764 18.4753 -1 150 13 16.0312 3 -1 1 -1 -1 -1 65.1786 52.1707 1650 32 
12 0.340537 65.9463 53.0809 26.6389 5.03611 18.4856 -1 150 13 16.1562 3 -1 1 -1 -1 -1 65.7143 53.2966 1800 32 
13 0.3309 66.91 53.8011 24.5033 4.85012 18.3299 -1 150 13 16.1562 3 -1 1 -1 -1 -1 63.2143 51.4701 1950 32 
14 0.338493 66.1507 53.5584 25.2431 4.91771 18.3776 -1 150 13 16.0938 3 -1 1 -1 -1 -1 65.5357 52.9347 2100 32 
15 0.329147 67.0853 54.6398 26.3995 5.02978 18.3585 -1 150 13 16.1875 3 -1 1 -1 -1 -1 64.2857 51.7821 2250 32 
16 0.327395 67.2605 54.621 28.6587 5.25088 18.4873 -1 150 13 16.1562 3 -1 1 -1 -1 -1 65.0893 53.0191 2400 32 
17 0.328563 67.1437 54.5948 28.711 5.27521 18.4375 -1 150 13 16.1562 3 -1 1 -1 -1 -1 64.6429 53.2566 2550 32 
18 0.32097 67.903 55.0234 32.4924 5.58938 18.5812 -1 150 13 16.125 3 -1 1 -1 -1 -1 64.1964 52.7018 2700 32 
19 0.333236 66.6764 54.0617 30.8435 5.38901 18.5115 -1 150 13 16.125 3 -1 1 -1 -1 -1 64.7321 52.8699 2850 32 
20 0.323598 67.6402 55.0069 34.2219 5.7079 18.6789 -1 150 13 16.25 3 -1 1 -1 -1 -1 64.1071 51.5681 3000 32 
21 0.32535 67.465 54.6127 34.0799 5.68728 18.6131 -1 150 13 16.2812 3 -1 1 -1 -1 -1 64.8214 52.9289 3150 32 
22 0.333528 66.6472 54.4651 33.0244 5.60396 18.6659 -1 150 13 16.3438 3 -1 1 -1 -1 -1 65.4464 52.4432 3300 32 
23 0.334696 66.5304 54.2183 33.1686 5.56009 18.6844 -1 150 13 16.3125 3 -1 1 -1 -1 -1 65.625 53.5275 3450 32 
24 0.329731 67.0269 54.9404 35.7905 5.81488 18.6811 -1 150 13 16.2188 3 -1 1 -1 -1 -1 63.125 51.9195 3600 32 
25 0.322138 67.7862 55.2641 41.3785 6.22877 18.9466 -1 150 13 16.3125 3 -1 1 -1 -1 -1 63.5714 51.873 3750 32 
26 0.32389 67.611 55.3152 45.0004 6.49266 19.0037 -1 150 13 16.1562 3 -1 1 -1 -1 -1 61.1607 49.9479 3900 32 
27 0.325643 67.4357 55.6634 42.8787 6.33952 18.9339 -1 150 13 16.2188 3 -1 1 -1 -1 -1 63.75 53.1468 4050 32 
28 0.324474 67.5526 55.8594 43.0683 6.37033 18.9657 -1 150 13 16.3125 3 -1 1 -1 -1 -1 64.1964 52.7637 4200 32 
29 0.327395 67.2605 56.1547 45.0285 6.49854 19.0349 -1 150 13 16.4375 3 -1 1 -1 -1 -1 64.375 52.9111 4350 32 
30 0.333528 66.6472 55.2977 45.3854 6.57387 18.9399 -1 150 13 16.4375 3 -1 1 -1 -1 -1 65.2679 54.6451 4500 32 
31 0.344626 65.5374 53.6763 45.6301 6.46504 19.0487 -1 150 13 16.3438 3 -1 1 -1 -1 -1 63.125 52.0705 4650 32 
32 0.332652 66.7348 55.1634 50.8969 6.70722 19.2661 -1 150 13 16.4375 3 -1 1 -1 -1 -1 62.1429 52.2545 4800 32 
33 0.320678 67.9322 55.1126 57.6487 7.09882 19.4891 -1 150 13 16.5 3 -1 1 -1 -1 -1 60.1786 49.7259 4950 32 
34 0.336741 66.3259 53.8447 54.8534 6.90503 19.3614 -1 150 13 16.375 3 -1 1 -1 -1 -1 62.6786 50.5397 5100 32 
35 0.329731 67.0269 54.3552 56.6015 7.06621 19.3657 -1 150 13 16.5938 3 -1 1 -1 -1 -1 60.0893 49.2406 5250 32 
36 0.337909 66.2091 54.026 56.6013 7.06251 19.4278 -1 150 13 16.5938 3 -1 1 -1 -1 -1 62.5893 52.0766 5400 32 
37 0.323306 67.6694 55.2722 57.6232 7.25861 19.4293 -1 150 13 16.5 3 -1 1 -1 -1 -1 62.3214 51.0836 5550 32 
38 0.328271 67.1729 54.9435 52.1365 6.83983 19.2945 -1 150 13 16.4688 3 -1 1 -1 -1 -1 63.0357 52.3427 5700 32 
39 0.328271 67.1729 54.8573 53.4878 6.96802 19.3554 -1 150 13 16.5312 3 -1 1 -1 -1 -1 63.5714 52.5078 5850 32 
40 0.334112 66.5888 54.1549 43.361 6.26921 18.9118 -1 150 13 16.625 3 -1 1 -1 -1 -1 63.2143 51.5152 6000 32 
41 0.337617 66.2383 53.8702 45.0699 6.35705 18.9881 -1 150 13 16.6562 3 -1 1 -1 -1 -1 62.0536 50.8625 6150 32 
42 0.328563 67.1437 55.6804 47.9915 6.62929 19.1504 -1 150 13 16.7812 3 -1 1 -1 -1 -1 63.4821 52.6224 6300 32 
43 0.329731 67.0269 55.5972 49.899 6.80403 19.184 -1 150 13 16.8125 3 -1 1 -1 -1 -1 65.8929 54.2557 6450 32 
44 0.321846 67.8154 55.9202 53.5348 6.97341 19.2714 -1 150 13 16.6875 3 -1 1 -1 -1 -1 63.3929 52.2022 6600 32 
45 0.32389 67.611 56.2098 53.9636 7.01052 19.3521 -1 150 13 16.5312 3 -1 1 -1 -1 -1 61.9643 51.2115 6750 32 
46 0.326811 67.3189 55.4195 55.9594 7.16841 19.545 -1 150 13 16.75 3 -1 1 -1 -1 -1 64.375 53.1689 6900 32 
47 0.334696 66.5304 55.8409 58.6413 7.34189 19.4748 -1 150 13 16.8125 3 -1 1 -1 -1 -1 65.2679 55.4795 7050 32 
48 0.327979 67.2021 56.6776 57.1394 7.27461 19.2858 -1 150 13 16.8125 3 -1 1 -1 -1 -1 62.5893 52.3311 7200 32 
49 0.334988 66.5012 55.5086 62.0851 7.52026 19.5762 -1 150 13 17.0312 3 -1 1 -1 -1 -1 63.5714 54.6086 7350 32 
50 0.327687 67.2313 56.3256 61.286 7.48092 19.5191 -1 150 13 16.7812 3 -1 1 -1 -1 -1 62.8571 52.7663 7500 32 
51 0.333528 66.6472 55.7025 64.0322 7.58781 19.5652 -1 150 13 16.8125 3 -1 1 -1 -1 -1 62.2321 53.1458 7650 32 
52 0.33382 66.618 56.3671 68.3008 7.86906 19.8274 -1 150 13 16.9375 3 -1 1 -1 -1 -1 61.6071 53.9736 7800 32 
53 0.337617 66.2383 56.9539 67.9067 7.87171 19.6796 -1 150 13 16.7812 3 -1 1 -1 -1 -1 63.5714 53.4287 7950 32 
54 0.333528 66.6472 57.6575 75.8891 8.37294 20.0442 -1 150 13 16.75 3 -1 1 -1 -1 -1 61.6964 52.9419 8100 32 
55 0.338785 66.1215 57.0946 75.3513 8.28302 20.0304 -1 150 13 16.8438 3 -1 1 -1 -1 -1 63.3929 54.5742 8250 32 
56 0.331484 66.8516 57.6722 70.9585 8.09283 19.8638 -1 150 13 16.9375 3 -1 1 -1 -1 -1 61.25 53.507 8400 32 
57 0.330315 66.9685 57.8581 74.1482 8.23777 19.9616 -1 150 13 16.9375 3 -1 1 -1 -1 -1 62.6786 54.9432 8550 32 
58 0.335572 66.4428 57.8116 77.8073 8.55791 20.1534 -1 150 13 16.9062 3 -1 1 -1 -1 -1 62.3214 54.8741 8700 32 
59 0.327103 67.2897 58.5085 76.9928 8.47189 20.1441 -1 150 13 16.875 3 -1 1 -1 -1 -1 64.375 55.6624 8850 32 
60 0.318049 68.1951 59.4064 80.0577 8.61601 20.1785 -1 150 13 16.9062 3 -1 1 -1 -1 -1 62.8571 55.0824 9000 32 
61 0.317465 68.2535 59.9711 80.0604 8.51028 20.1402 -1 150 13 16.7812 3 -1 1 -1 -1 -1 61.1607 54.6556 9150 32 
62 0.322138 67.7862 59.717 77.5205 8.38223 20.0639 -1 150 13 16.9062 3 -1 1 -1 -1 -1 64.2857 56.5471 9300 32 
63 0.32389 67.611 59.8229 73.311 8.10069 19.998 -1 150 13 17.0625 3 -1 1 -1 -1 -1 65.4464 57.6975 9450 32 
64 0.326227 67.3773 59.3931 74.4526 8.14474 19.9963 -1 150 13 17 3 -1 1 -1 -1 -1 61.875 55.1115 9600 32 
65 0.318925 68.1075 60.8015 78.8924 8.38491 20.1516 -1 150 13 16.9688 3 -1 1 -1 -1 -1 61.6071 55.8252 9750 32 
66 0.331484 66.8516 59.4478 77.3407 8.32329 20.1194 -1 150 13 16.9688 3 -1 1 -1 -1 -1 64.4643 57.1286 9900 32 
67 0.315421 68.4579 60.8879 87.2964 8.9347 20.3835 -1 150 13 17 3 -1 1 -1 -1 -1 66.1607 58.7245 10050 32 
68 0.31104 68.896 61.8848 82.3888 8.59217 20.113 -1 150 13 16.9688 3 -1 1 -1 -1 -1 61.6071 56.0147 10200 32 
69 0.319217 68.0783 61.2592 82.8888 8.67718 20.2114 -1 150 13 16.9062 3 -1 1 -1 -1 -1 63.5714 57.8755 10350 32 
70 0.313084 68.6916 61.4975 75.4117 8.39055 19.8065 -1 150 13 16.9375 3 -1 1 -1 -1 -1 64.9107 58.3215 10500 32 
71 0.308119 69.1881 62.3797 73.9338 8.25141 19.8866 -1 150 13 17 3 -1 1 -1 -1 -1 64.4643 57.3949 10650 32 
72 0.310456 68.9544 61.5509 75.5848 8.34674 19.8943 -1 150 13 17.0625 3 -1 1 -1 -1 -1 66.1607 59.8485 10800 32 
