# Created by main.cpp, 2016-06-06.15:54:09
# name: results
# type: matrix
# rows: 300
# columns: 21
1 0.160834 83.9166 82.0661 201.366 14.1551 38.0636 -1 150 9 11 2 -1 1 -1 -1 -1 82.8355 80.7777 150 32 
2 0.132182 86.7818 85.4681 249.032 15.7437 43.0292 -1 150 9 11 2 -1 1 -1 -1 -1 85.5469 83.8655 300 32 
3 0.125611 87.4389 86.2327 271.446 16.3895 44.071 -1 150 9 11 2 -1 1 -1 -1 -1 85.6158 84.246 450 32 
4 0.116137 88.3863 87.3045 283.42 16.7743 44.6798 -1 150 9 11 2 -1 1 -1 -1 -1 86.9485 85.8171 600 32 
5 0.110177 88.9823 87.9531 294.755 17.1169 44.9628 -1 150 9 11 2 -1 1 -1 -1 -1 87.7068 86.5162 750 32 
6 0.10735 89.265 88.3717 287.389 16.8776 44.1736 -1 150 9 11 2 -1 1 -1 -1 -1 87.7757 86.6135 900 32 
7 0.106586 89.3414 88.4929 285.401 16.7971 43.447 -1 150 9 11.0312 2 -1 1 -1 -1 -1 88.2123 86.9694 1050 32 
8 0.105669 89.4331 88.5334 272.982 16.4156 43.7377 -1 150 9 11.0312 2 -1 1 -1 -1 -1 87.8217 86.7479 1200 32 
9 0.108878 89.1122 88.2807 278.692 16.6191 43.9304 -1 150 9 11.125 2 -1 1 -1 -1 -1 88.0974 87.0284 1350 32 
10 0.105134 89.4866 88.6252 288.812 16.8949 43.9655 -1 150 9 11.1562 2 -1 1 -1 -1 -1 88.4651 87.3607 1500 32 
11 0.103148 89.6852 88.787 286.943 16.8723 44.1555 -1 150 9 11.1875 2 -1 1 -1 -1 -1 89.4531 88.3028 1650 32 
12 0.102995 89.7005 88.7409 276.165 16.5416 43.5241 -1 150 9 11.25 2 -1 1 -1 -1 -1 89.1314 88.2045 1800 32 
13 0.0985636 90.1436 89.2873 295.033 17.1174 44.1455 -1 150 9 11.1875 2 -1 1 -1 -1 -1 88.6029 87.5666 1950 32 
14 0.0939792 90.6021 89.8021 300.294 17.2378 43.9447 -1 150 9 11.3125 2 -1 1 -1 -1 -1 89.2463 88.13 2100 32 
15 0.096195 90.3805 89.6195 290.355 16.9377 44.1181 -1 150 9 11.3125 2 -1 1 -1 -1 -1 90.3493 89.452 2250 32 
16 0.0945141 90.5486 89.7066 298.607 17.1973 44.4252 -1 150 9 11.25 2 -1 1 -1 -1 -1 90.2574 89.4642 2400 32 
17 0.0940556 90.5944 89.8316 293.636 17.0373 44.1171 -1 150 9 11.3438 2 -1 1 -1 -1 -1 89.1774 88.2211 2550 32 
18 0.0939028 90.6097 89.877 289.923 16.9075 44.2101 -1 150 9 11.3438 2 -1 1 -1 -1 -1 89.2004 88.3004 2700 32 
19 0.0926803 90.732 90.0096 301.879 17.269 44.3923 -1 150 9 11.3438 2 -1 1 -1 -1 -1 89.3842 88.6061 2850 32 
20 0.0946669 90.5333 89.7251 305 17.3549 44.4367 -1 150 9 11.3438 2 -1 1 -1 -1 -1 89.3842 88.6382 3000 32 
21 0.0927567 90.7243 90.0229 315.86 17.6639 44.6269 -1 150 9 11.375 2 -1 1 -1 -1 -1 89.545 88.5983 3150 32 
22 0.0936736 90.6326 89.8233 307.404 17.4458 44.3396 -1 150 9 11.4375 2 -1 1 -1 -1 -1 89.8897 89.1682 3300 32 
23 0.0946669 90.5333 89.7713 319.519 17.7714 44.8461 -1 150 9 11.4062 2 -1 1 -1 -1 -1 88.7868 87.8138 3450 32 
24 0.0948961 90.5104 89.7633 313.497 17.5933 44.4145 -1 150 9 11.4688 2 -1 1 -1 -1 -1 89.8438 89.0181 3600 32 
25 0.0902353 90.9765 90.2489 313.136 17.5837 44.7846 -1 150 9 11.5312 2 -1 1 -1 -1 -1 89.4531 88.5839 3750 32 
26 0.0904645 90.9535 90.2871 315.621 17.6582 44.6818 -1 150 9 11.5625 2 -1 1 -1 -1 -1 89.8667 89.1007 3900 32 
27 0.0889364 91.1064 90.4551 324.121 17.8963 45.2074 -1 150 9 11.5625 2 -1 1 -1 -1 -1 90.3033 89.487 4050 32 
28 0.0872555 91.2744 90.5434 314.149 17.6472 44.6985 -1 150 9 11.6875 2 -1 1 -1 -1 -1 89.4301 88.4554 4200 32 
29 0.0850397 91.496 90.8618 318.734 17.7679 44.9084 -1 150 9 11.625 2 -1 1 -1 -1 -1 89.4072 88.3834 4350 32 
30 0.0868735 91.3127 90.6201 325.54 17.9358 44.836 -1 150 9 11.6875 2 -1 1 -1 -1 -1 89.8897 88.8929 4500 32 
31 0.106128 89.3872 88.3949 294.089 16.9463 44.3391 -1 150 9 11.6875 2 -1 1 -1 -1 -1 88.0974 86.7814 4650 32 
32 0.108267 89.1733 88.2303 298.313 17.0446 44.9388 -1 150 9 11.7188 2 -1 1 -1 -1 -1 87.9136 86.677 4800 32 
33 0.0981815 90.1818 89.468 319.801 17.6682 45.495 -1 150 9 11.7812 2 -1 1 -1 -1 -1 88.9706 87.8985 4950 32 
34 0.0906174 90.9383 90.25 341.375 18.329 45.7877 -1 150 9 11.7812 2 -1 1 -1 -1 -1 89.4301 88.4859 5100 32 
35 0.0980287 90.1971 89.3068 338.364 18.1349 45.7084 -1 150 9 11.875 2 -1 1 -1 -1 -1 88.8787 87.8666 5250 32 
36 0.0972647 90.2735 89.44 341.44 18.2417 45.4412 -1 150 9 11.7812 2 -1 1 -1 -1 -1 88.4421 87.4139 5400 32 
37 0.0923747 90.7625 89.9311 352.671 18.5886 45.9314 -1 150 9 11.7812 2 -1 1 -1 -1 -1 89.545 88.5206 5550 32 
38 0.0891656 91.0834 90.3878 350.922 18.5744 46.0541 -1 150 9 11.875 2 -1 1 -1 -1 -1 88.2812 87.1488 5700 32 
39 0.0838936 91.6106 90.8906 375.091 19.2111 46.8156 -1 150 9 11.9375 2 -1 1 -1 -1 -1 89.4761 88.3479 5850 32 
40 0.0867207 91.3279 90.6544 374.943 19.2264 46.4617 -1 150 9 11.9375 2 -1 1 -1 -1 -1 90.8548 90.0216 6000 32 
41 0.086415 91.3585 90.666 371.559 19.1486 46.4381 -1 150 9 12.0312 2 -1 1 -1 -1 -1 89.1774 88.1106 6150 32 
42 0.0850397 91.496 90.7521 353.747 18.6072 45.3581 -1 150 9 11.9375 2 -1 1 -1 -1 -1 89.4072 88.3898 6300 32 
43 0.0861094 91.3891 90.7301 348.619 18.4973 45.9234 -1 150 9 12.125 2 -1 1 -1 -1 -1 88.7178 87.6561 6450 32 
44 0.0900061 90.9994 90.2581 345.819 18.4488 45.9315 -1 150 9 12.0312 2 -1 1 -1 -1 -1 89.9586 89.0284 6600 32 
45 0.0885544 91.1446 90.3428 352.715 18.6307 46.0655 -1 150 9 12.1562 2 -1 1 -1 -1 -1 90.1425 89.0797 6750 32 
46 0.0869499 91.305 90.5353 349.43 18.5406 46.0693 -1 150 9 12.2188 2 -1 1 -1 -1 -1 89.1544 88.1399 6900 32 
47 0.0886308 91.1369 90.3609 355.484 18.6879 46.1404 -1 150 9 12.0938 2 -1 1 -1 -1 -1 89.6829 88.5968 7050 32 
48 0.0884016 91.1598 90.3079 356.186 18.7157 45.8623 -1 150 9 12.125 2 -1 1 -1 -1 -1 89.7518 88.6421 7200 32 
49 0.0887072 91.1293 90.3757 351.902 18.5036 45.7543 -1 150 9 12.1875 2 -1 1 -1 -1 -1 90.3263 89.2579 7350 32 
50 0.0889364 91.1064 90.419 340.751 18.2463 45.8233 -1 150 9 12.1875 2 -1 1 -1 -1 -1 90.2803 89.3435 7500 32 
51 0.0928331 90.7167 90.0042 350.726 18.5528 45.5801 -1 150 9 12.3125 2 -1 1 -1 -1 -1 90.7858 89.8454 7650 32 
52 0.0926803 90.732 89.9101 342.966 18.2518 45.5768 -1 150 9 12.3438 2 -1 1 -1 -1 -1 89.3842 88.3733 7800 32 
53 0.0942084 90.5792 89.8003 346.735 18.3552 45.6844 -1 150 9 12.3438 2 -1 1 -1 -1 -1 88.6719 87.546 7950 32 
54 0.0894713 91.0529 90.1196 357.89 18.687 45.508 -1 150 9 12.4062 2 -1 1 -1 -1 -1 89.8438 88.7807 8100 32 
55 0.0875611 91.2439 90.5186 354.336 18.6626 46.1414 -1 150 9 12.375 2 -1 1 -1 -1 -1 90.4871 89.6253 8250 32 
56 0.0810666 91.8933 91.2218 357.774 18.7573 46.1351 -1 150 9 12.4688 2 -1 1 -1 -1 -1 90.3722 89.4797 8400 32 
57 0.0841229 91.5877 90.9095 378.087 19.3091 46.9886 -1 150 9 12.4062 2 -1 1 -1 -1 -1 90.2574 89.4602 8550 32 
58 0.0840465 91.5954 90.9276 377.672 19.3326 47.0463 -1 150 9 12.6562 2 -1 1 -1 -1 -1 90.7399 89.7812 8700 32 
59 0.0805318 91.9468 91.3014 381.119 19.397 47.2587 -1 150 9 12.5312 2 -1 1 -1 -1 -1 90.0965 89.2158 8850 32 
60 0.0801498 91.985 91.3199 379.836 19.3523 46.5865 -1 150 9 12.5938 2 -1 1 -1 -1 -1 90.2114 89.2869 9000 32 
61 0.0790801 92.092 91.331 387.422 19.5446 47.098 -1 150 9 12.5625 2 -1 1 -1 -1 -1 90.671 89.8915 9150 32 
62 0.0806082 91.9392 91.2315 395.587 19.7736 47.3888 -1 150 9 12.5938 2 -1 1 -1 -1 -1 90.0046 89.2159 9300 32 
63 0.0859566 91.4043 90.6328 395.534 19.7005 47.4331 -1 150 9 12.5312 2 -1 1 -1 -1 -1 89.4761 88.3518 9450 32 
64 0.0833588 91.6641 90.8358 399.943 19.7672 47.1862 -1 150 9 12.6875 2 -1 1 -1 -1 -1 89.6829 88.6178 9600 32 
65 0.0780104 92.199 91.5792 422.474 20.3866 48.0184 -1 150 9 12.6562 2 -1 1 -1 -1 -1 90.2114 89.3015 9750 32 
66 0.0783924 92.1608 91.4589 397.67 19.7688 46.9775 -1 150 9 12.75 2 -1 1 -1 -1 -1 89.8438 88.8863 9900 32 
67 0.0855746 91.4425 90.7594 373.184 19.0839 46.1916 -1 150 9 12.6875 2 -1 1 -1 -1 -1 89.3612 88.4994 10050 32 
68 0.0784688 92.1531 91.3903 375.253 19.1349 46.8337 -1 150 9 12.5938 2 -1 1 -1 -1 -1 90.1654 89.2705 10200 32 
69 0.0825947 91.7405 91.0109 375.608 19.1893 46.3256 -1 150 9 12.6875 2 -1 1 -1 -1 -1 90.0735 89.2111 10350 32 
70 0.0880196 91.198 90.5167 363.3 18.7834 45.9783 -1 150 9 12.875 2 -1 1 -1 -1 -1 89.7518 88.8483 10500 32 
71 0.0877139 91.2286 90.4767 367.052 18.8604 46.263 -1 150 9 12.7188 2 -1 1 -1 -1 -1 89.2463 88.5072 10650 32 
72 0.086415 91.3585 90.7045 361.824 18.8065 46.5836 -1 150 9 12.75 2 -1 1 -1 -1 -1 89.8438 89.1904 10800 32 
