# Created by main.cpp, 2016-06-08.08:25:51
# name: results
# type: matrix
# rows: 300
# columns: 24
0 0.186312 81.3688 79.012 218.184 14.7037 38.3137 40.9833 100 9 11.3 2 1.43333 1 1 70.9018 47.8048 81.0145 72.7037 500 86.1524 88.8095 1 30 
1 0.184058 81.5942 79.4248 229.999 15.096 40.967 41 100 9 11.3333 2 1.46667 1 1 71.1111 48.2257 81.1594 73.2777 1000 86.1524 88.8095 1 30 
2 0.181965 81.8035 79.8196 231.667 15.1646 43.028 41 100 9 11.1 2 1.43333 1 1 71.3043 48.8281 81.1594 73.6185 1500 86.1524 88.8095 1 30 
3 0.179388 82.0612 80.1216 231.945 15.1736 45.0943 41 100 9 11.8667 2 1.4 1 1 71.4815 49.5802 81.8841 74.4159 2000 86.1524 88.8095 1 30 
4 0.178422 82.1578 80.1856 230.117 15.1149 46.7393 41.1833 100 9 11.4667 2 1.43333 1 1 71.6586 49.9893 82.3188 74.9444 2500 86.1524 88.8095 1 30 
5 0.178422 82.1578 80.1856 228.605 15.078 48.1863 41.5833 100 9 11.4667 2 1.43333 1 1 71.7874 50.3184 82.3188 74.9444 3000 86.1524 88.8095 1 30 
6 0.17504 82.496 80.4535 226.642 15.0207 49.5663 42.0667 100 9 11.5667 2 1.4 1 1 71.9646 51.0176 82.1739 74.5529 3500 86.1524 88.8095 1 30 
7 0.173913 82.6087 80.5632 224.966 14.964 50.748 43.35 100 9 12 2 1.4 1 1 72.3349 52.2439 82.1739 74.5529 4000 86.1524 88.8095 1 30 
8 0.173913 82.6087 80.5632 223.105 14.9075 51.8213 44.7833 100 9 12 2 1.4 1 1 72.6409 53.1416 82.1739 74.5529 4500 86.1524 88.8095 1 30 
9 0.171659 82.8341 80.6721 221.104 14.8405 52.8207 46.4667 100 9 11.9667 2 1.46667 1 1 73.3333 55.2058 82.7536 75.1132 5000 86.1524 88.8095 1 30 
10 0.170531 82.9469 80.803 219.189 14.7781 53.8047 48.3167 100 9 12.1667 2 1.5 1 1 73.6554 56.1094 82.8986 75.3503 5500 86.1524 88.8095 1 30 
11 0.169565 83.0435 80.8656 216.61 14.6892 54.522 50.1167 100 9 12.0667 2 1.53333 1 1 74.219 57.7369 82.8986 75.0404 6000 86.1524 88.8095 1 30 
12 0.168599 83.1401 80.9612 213.518 14.5917 55.3257 52.1833 100 9 11.4333 2 1.56667 1 1 74.7987 59.4794 83.3333 75.4395 6500 86.1524 88.8095 1 30 
13 0.166989 83.3011 81.1102 213.283 14.5853 56.0343 53.7667 100 9 11.4667 2 1.56667 1 1 75.7649 62.4429 83.1884 75.1732 7000 86.1524 88.8095 1 30 
14 0.165378 83.4622 81.1866 211.004 14.5077 56.8343 55.65 100 9 11.9333 2 1.56667 1 1 76.5378 64.5138 83.3333 75.1601 7500 86.1524 88.8095 1 30 
15 0.163607 83.6393 81.3838 208.061 14.4065 57.442 57.1167 100 9 12.4333 2 1.53333 1 1 77.1659 66.4103 83.7681 75.8069 8000 86.1524 88.8095 1 30 
16 0.162963 83.7037 81.4699 205.563 14.3186 58.0103 58.2833 100 9 12.2 2 1.53333 1 1 77.7134 67.8793 83.913 76.0226 8500 86.1524 88.8095 1 30 
17 0.162802 83.7198 81.4858 202.652 14.2131 58.6513 59.1 100 9 12.5 2 1.5 1 1 78.3575 69.838 83.913 75.8708 9000 86.1524 88.8095 1 30 
18 0.16248 83.752 81.5273 199.888 14.1166 59.1597 60.0833 100 9 12.6 2 1.53333 1 1 79.0016 71.455 83.913 75.8708 9500 86.1524 88.8095 1 30 
19 0.161353 83.8647 81.5778 197.28 14.0224 59.7007 61.1 100 9 12.4667 2 1.5 1 1 79.6457 73.0332 84.7826 77.1105 10000 86.1524 88.8095 1 30 
20 0.16087 83.913 81.6209 194.455 13.922 60.15 62 100 9 12.6333 2 1.5 1 1 80.1449 74.3278 84.7826 77.1105 10500 86.1524 88.8095 1 30 
21 0.159259 84.0741 81.8387 191.5 13.8136 60.6007 62.5167 100 9 12.4333 2 1.46667 1 1 80.3543 74.8528 84.9275 77.1966 11000 86.1524 88.8095 1 30 
22 0.159259 84.0741 81.8387 188.882 13.7185 61.0937 63.3167 100 9 12.4333 2 1.46667 1 1 80.8052 75.6727 84.9275 77.1966 11500 86.1524 88.8095 1 30 
23 0.158615 84.1385 81.9296 185.73 13.6015 61.6153 64.0833 100 9 12.2667 2 1.43333 1 1 80.934 76.5342 84.7826 76.6231 12000 86.1524 88.8095 1 30 
24 0.156844 84.3156 82.1105 181.115 13.4256 62.0823 64.7167 100 9 12.5667 2 1.46667 1 1 81.3366 77.0838 85.0725 76.9281 12500 86.1524 88.8095 1 30 
25 0.155878 84.4122 82.1489 177.851 13.3023 62.4497 65.1833 100 9 12.6333 2 1.5 1 1 81.401 77.32 85.2174 77.0211 13000 86.1524 88.8095 1 30 
26 0.154428 84.5572 82.2765 173.358 13.1309 62.895 65.7 100 9 12.8667 2 1.5 1 1 81.401 77.4893 85.2174 77.1729 13500 86.1524 88.8095 1 30 
27 0.154428 84.5572 82.2765 169.072 12.9649 63.302 66.1333 100 9 12.8667 2 1.5 1 1 81.5781 77.8688 85.2174 77.1729 14000 86.1524 88.8095 1 30 
28 0.154106 84.5894 82.353 164.942 12.8055 63.7037 66.6833 100 9 12.9 2 1.5 1 1 81.6908 78.1281 84.6377 76.2638 14500 86.1524 88.8095 1 30 
29 0.154106 84.5894 82.353 160.47 12.6301 64.11 67.15 100 9 12.9 2 1.5 1 1 81.8519 78.5249 84.6377 76.2638 15000 86.1524 88.8095 1 30 
30 0.154106 84.5894 82.353 156.528 12.4731 64.4467 67.55 100 9 12.9 2 1.5 1 1 81.9968 78.7813 84.6377 76.2638 15500 86.1524 88.8095 1 30 
31 0.153945 84.6055 82.3696 153.33 12.3448 64.796 67.8667 100 9 12.9 2 1.5 1 1 82.029 78.8859 84.6377 76.2638 16000 86.1524 88.8095 1 30 
32 0.153784 84.6216 82.3853 148.584 12.1545 65.1587 68.25 100 9 12.9 2 1.5 1 1 82.1417 79.0769 84.6377 76.2638 16500 86.1524 88.8095 1 30 
33 0.151691 84.8309 82.5721 143.939 11.9574 65.538 68.5667 100 9 12.7333 2 1.53333 1 1 82.351 79.425 84.7826 76.445 17000 86.1524 88.8095 1 30 
34 0.151691 84.8309 82.5721 139.582 11.7727 65.8877 68.8667 100 9 12.7333 2 1.53333 1 1 82.4799 79.6622 84.7826 76.445 17500 86.1524 88.8095 1 30 
35 0.151047 84.8953 82.7033 136.099 11.6213 66.1687 69.1 100 9 12.8333 2 1.56667 1 1 82.6248 79.8709 84.3478 75.9537 18000 86.1524 88.8095 1 30 
36 0.150564 84.9436 82.7583 133.17 11.4931 66.424 69.3167 100 9 13.0667 2 1.6 1 1 82.7697 80.1152 84.6377 76.3011 18500 86.1524 88.8095 1 30 
37 0.150403 84.9597 82.8381 128.906 11.3069 66.7027 69.5167 100 9 13.3 2 1.56667 1 1 82.7858 80.2667 84.2029 75.902 19000 86.1524 88.8095 1 30 
38 0.148631 85.1369 82.9348 124.916 11.1237 66.9877 69.6833 100 9 13.2667 2 1.63333 1 1 82.8019 80.3342 85.2174 77.2103 19500 86.1524 88.8095 1 30 
39 0.147826 85.2174 83.0248 122.518 11.0166 67.205 69.85 100 9 13.1667 2 1.66667 1 1 82.8663 80.4194 85.0725 77.0491 20000 86.1524 88.8095 1 30 
40 0.147182 85.2818 83.1624 119.725 10.8867 67.442 70.0667 100 9 13.3667 2 1.66667 1 1 82.963 80.545 84.6377 76.5153 20500 86.1524 88.8095 1 30 
41 0.147021 85.2979 83.1875 118.158 10.812 67.6317 70.2 100 9 13.3667 2 1.66667 1 1 82.9952 80.6272 84.4928 76.3542 21000 86.1524 88.8095 1 30 
42 0.146377 85.3623 83.2475 115.241 10.6747 67.869 70.3667 100 9 13.5333 2 1.66667 1 1 83.0113 80.6579 84.9275 76.8455 21500 86.1524 88.8095 1 30 
43 0.146699 85.3301 83.2508 112.478 10.545 68.1167 70.6 100 9 13.5333 2 1.66667 1 1 83.0596 80.7169 84.4928 76.2426 22000 86.1524 88.8095 1 30 
44 0.146699 85.3301 83.2574 109.048 10.3781 68.347 70.6667 100 9 13.5333 2 1.66667 1 1 83.1401 80.8375 84.4928 76.2426 22500 86.1524 88.8095 1 30 
45 0.146055 85.3945 83.318 107.616 10.3087 68.525 70.8333 100 9 13.3 2 1.6 1 1 83.1723 80.9131 84.058 75.8059 23000 86.1524 88.8095 1 30 
46 0.145572 85.4428 83.3773 104.481 10.1527 68.7467 71.0167 100 9 12.9333 2 1.6 1 1 83.2206 80.9806 84.4928 76.2426 23500 86.1524 88.8095 1 30 
47 0.144928 85.5072 83.4185 101.983 10.0289 68.946 71.2167 100 9 13 2 1.6 1 1 83.2528 81.0222 84.2029 75.834 24000 86.1524 88.8095 1 30 
48 0.144928 85.5072 83.4523 99.8781 9.92134 69.146 71.4667 100 9 13 2 1.6 1 1 83.2689 81.0428 84.2029 75.6822 24500 86.1524 88.8095 1 30 
49 0.144283 85.5717 83.5288 97.9989 9.82464 69.3217 71.5667 100 9 12.7667 2 1.63333 1 1 83.2689 81.0686 84.4928 75.9872 25000 86.1524 88.8095 1 30 
50 0.144444 85.5556 83.5595 96.3388 9.73852 69.485 71.7833 100 9 13.4 2 1.66667 1 1 83.3172 81.132 84.6377 76.1484 25500 86.1524 88.8095 1 30 
51 0.144283 85.5717 83.5961 94.4872 9.63881 69.6907 71.9833 100 9 13.4 2 1.66667 1 1 83.3333 81.1536 84.6377 76.1484 26000 86.1524 88.8095 1 30 
52 0.143639 85.6361 83.6887 92.5989 9.54268 69.8827 72.1667 100 9 13.4 2 1.66667 1 1 83.4138 81.2733 84.6377 76.1484 26500 86.1524 88.8095 1 30 
53 0.143639 85.6361 83.6887 90.5317 9.44132 70.0577 72.3333 100 9 13.4 2 1.66667 1 1 83.4138 81.2733 84.6377 76.1484 27000 86.1524 88.8095 1 30 
54 0.142029 85.7971 83.8374 89.1217 9.36883 70.2063 72.4 100 9 13.3333 2 1.7 1 1 83.4138 81.2907 84.6377 76.0354 27500 86.1524 88.8095 1 30 
