# Created by main.cpp, 2016-06-08.05:12:06
# name: results
# type: matrix
# rows: 300
# columns: 24
0 0.334758 66.6952 55.5509 101.832 10.0193 19.7817 17 100 4 11.7333 3 1.36667 1 1 40.7692 26.1998 65.1282 55.9492 500 98.9164 99 1 30 
1 0.308832 69.2023 59.1831 128.744 11.2278 21.1443 17 100 4 12.4 3 1.43333 1 1 41.3675 26.3408 68.4615 59.9807 1000 98.9164 99 1 30 
2 0.312821 69.4017 59.875 152.339 12.2872 22.507 17 100 4 11.1333 3 1.33333 1 1 41.5954 26.5756 66.9231 60.0313 1500 98.9164 99 1 30 
3 0.303704 70.3134 61.3778 173.49 13.1215 23.75 17 100 4 11.1667 3 1.26667 1 1 41.6524 26.6418 66.6667 61.2771 2000 98.9164 99 1 30 
4 0.30114 71.4245 63.3519 188.119 13.6713 24.7517 17.2167 100 4 11.5667 3 1.2 1 1 41.6524 26.6418 67.9487 63.2083 2500 98.9164 99 1 30 
5 0.283761 73.1624 65.6167 205.398 14.2873 25.957 17.5333 100 4 11.5667 3 1.23333 1 1 41.8519 27.0067 69.4872 65.2626 3000 98.9164 99 1 30 
6 0.282906 73.2479 65.7908 218.355 14.7344 27.06 18.1667 100 4 11.3 3 1.23333 1 1 42.906 28.1551 69.4872 65.2626 3500 98.9164 99 1 30 
7 0.266097 74.245 67.2091 231.971 15.2083 28.1797 19.3667 100 4 11.9 3 1.2 1 1 42.906 28.1551 70.5128 66.3931 4000 98.9164 99 1 30 
8 0.257835 75.0712 68.3958 243.251 15.5733 29.1673 20.3833 100 4 11.4333 3 1.23333 1 1 42.906 28.1551 71.7949 67.9941 4500 98.9164 99 1 30 
9 0.25755 75.0997 68.4566 251.671 15.8424 30.082 21.2333 100 4 11.4667 3 1.26667 1 1 43.7037 29.208 71.2821 67.8801 5000 98.9164 99 1 30 
10 0.256125 75.4986 69.2445 258.051 16.0425 30.9037 21.9667 100 4 12.1667 3 1.3 1 1 44.2165 30.0614 72.0513 68.6209 5500 98.9164 99 1 30 
11 0.253561 75.755 69.4965 262.72 16.1864 31.7763 23.4667 100 4 12.3667 3 1.26667 1 1 45.755 32.2656 72.3077 68.8453 6000 98.9164 99 1 30 
12 0.241311 76.9801 71.4042 268.267 16.3564 32.609 25.0833 100 4 12.1 3 1.26667 1 1 47.4074 34.0603 74.1026 70.8467 6500 98.9164 99 1 30 
13 0.233903 77.7208 72.4315 271.286 16.4503 33.4647 26.8667 100 4 14.1333 3 1.36667 1 1 49.7721 36.9403 75.1282 72.046 7000 98.9164 99 1 30 
14 0.229915 78.1197 72.9437 273.527 16.5199 34.2733 29.1167 100 4 12.7667 3 1.36667 1 1 51.7664 39.146 76.1538 73.0907 7500 98.9164 99 1 30 
15 0.219943 78.2621 73.1273 276.796 16.61 35.1167 31.7333 100 4 11.4667 3 1.43333 1 1 55.0997 43.9799 76.4103 73.4218 8000 98.9164 99 1 30 
16 0.213105 78.9459 74.0079 277.528 16.6313 35.8533 33.85 100 4 12.9 3 1.3 1 1 58.3761 48.2015 76.6667 73.7817 8500 98.9164 99 1 30 
17 0.213105 78.9459 74.0079 276.291 16.5953 36.5423 35.9833 100 4 12.6333 3 1.3 1 1 61.6239 53.0495 76.6667 73.7817 9000 98.9164 99 1 30 
18 0.207692 79.4872 74.8308 274.388 16.5352 37.2503 37.9333 100 4 12.5667 3 1.36667 1 1 66.9516 59.2838 76.9231 74.1673 9500 98.9164 99 1 30 
19 0.197151 80.5413 76.0967 272.072 16.4666 37.9713 40.3667 100 4 11.7 3 1.33333 1 1 70.9402 64.44 77.9487 75.5143 10000 98.9164 99 1 30 
20 0.195157 81.339 77.2188 270.025 16.4039 38.7563 42.4833 100 4 11.0667 3 1.4 1 1 75.9544 70.2286 79.7436 77.4039 10500 98.9164 99 1 30 
21 0.194302 81.4245 77.478 267.147 16.3112 39.327 43.9833 100 4 12.8 3 1.33333 1 1 78.7179 73.2344 79.4872 77.3558 11000 98.9164 99 1 30 
22 0.194302 81.4245 77.478 261.895 16.1452 39.9813 45.5667 100 4 12.5667 3 1.26667 1 1 80.9402 76.3689 79.4872 77.25 11500 98.9164 99 1 30 
23 0.193732 81.4815 77.5338 257.947 16.0203 40.473 46.4 100 4 12.4 3 1.3 1 1 83.3903 79.4275 79.4872 77.25 12000 98.9164 99 1 30 
24 0.191738 81.6809 78.0112 253.561 15.8788 41.057 47.4333 100 4 12.1 3 1.36667 1 1 85.1852 81.6305 79.7436 77.7791 12500 98.9164 99 1 30 
25 0.18604 82.2507 78.5731 249.798 15.7615 41.5933 48.2667 100 4 12.6 3 1.43333 1 1 87.9202 85.2494 80.2564 78.2033 13000 98.9164 99 1 30 
26 0.163533 84.5014 81.8045 247.484 15.6814 42.2137 49.1333 100 4 12.1 3 1.43333 1 1 89.4302 87.1804 83.8462 82.4156 13500 98.9164 99 1 30 
27 0.158689 84.9858 82.492 242.536 15.5199 42.7337 49.85 100 4 12.6667 3 1.43333 1 1 90.7123 88.8323 84.1026 82.8004 14000 98.9164 99 1 30 
28 0.156695 85.1852 82.7573 239.986 15.4387 43.05 50.45 100 4 12.6667 3 1.43333 1 1 91.4815 89.7174 84.6154 83.3956 14500 98.9164 99 1 30 
29 0.146439 86.2108 84.6926 236.347 15.3289 43.5513 50.8667 100 4 13.1333 3 1.46667 1 1 92.1937 91.0776 86.1538 85.3722 15000 98.9164 99 1 30 
30 0.136467 87.208 85.7564 233.09 15.225 44.032 51.3333 100 4 13.3333 3 1.43333 1 1 93.3048 92.3202 86.9231 86.3329 15500 98.9164 99 1 30 
31 0.131054 87.7493 86.3793 228.716 15.0782 44.535 51.7833 100 4 12.7333 3 1.46667 1 1 94.2165 93.2556 87.6923 87.0655 16000 98.9164 99 1 30 
32 0.124501 88.4046 87.1484 222.609 14.8655 45.0203 52.1333 100 4 12.9333 3 1.43333 1 1 95.0997 94.2109 88.2051 87.5144 16500 98.9164 99 1 30 
33 0.124501 88.4046 87.1484 217.495 14.689 45.3713 52.2833 100 4 12.9 3 1.43333 1 1 95.2707 94.3848 88.2051 87.5144 17000 98.9164 99 1 30 
34 0.123932 88.4615 87.2991 212.837 14.5288 45.701 52.5167 100 4 12.6 3 1.4 1 1 95.7835 94.8938 87.9487 87.5056 17500 98.9164 99 1 30 
35 0.122222 88.7179 87.6151 208.327 14.3705 46.0693 52.75 100 4 12.3 3 1.43333 1 1 96.0399 95.1526 88.7179 88.1827 18000 98.9164 99 1 30 
36 0.115385 89.4872 89.0327 204.864 14.2538 46.3757 52.9333 100 4 12.7667 3 1.4 1 1 96.0684 95.1812 90 89.5295 18500 98.9164 99 1 30 
37 0.110541 89.9715 89.5694 201.231 14.1223 46.7557 53.0833 100 4 12.6 3 1.36667 1 1 96.2393 95.3526 90.7692 90.2956 19000 98.9164 99 1 30 
38 0.110541 89.9715 89.5694 195.94 13.9324 47.1853 53.2833 100 4 12.6 3 1.36667 1 1 96.2393 95.3526 90.7692 90.2956 19500 98.9164 99 1 30 
39 0.105698 90.4558 90.0431 191.948 13.7846 47.4993 53.35 100 4 11.9667 3 1.36667 1 1 96.2393 95.3526 90.7692 90.2716 20000 98.9164 99 1 30 
40 0.105413 90.4843 90.071 186.322 13.578 47.8343 53.4667 100 4 11.9667 3 1.36667 1 1 96.2963 95.4284 90.7692 90.2716 20500 98.9164 99 1 30 
41 0.106838 90.5983 90.1993 184.683 13.5137 48.1373 53.6167 100 4 11.9 3 1.36667 1 1 96.3248 95.4649 91.5385 91.028 21000 98.9164 99 1 30 
42 0.105413 90.7407 90.3398 181.549 13.3907 48.454 53.7 100 4 11.9 3 1.36667 1 1 96.4672 95.6365 91.2821 90.8035 21500 98.9164 99 1 30 
43 0.0988604 91.1396 90.7559 176.706 13.2162 48.7733 53.7833 100 4 11.6 3 1.33333 1 1 96.4672 95.6365 91.7949 91.5443 22000 98.9164 99 1 30 
44 0.0988604 91.1396 90.7559 173.231 13.0889 49.081 53.8333 100 4 11.6 3 1.33333 1 1 96.4957 95.6651 91.7949 91.5443 22500 98.9164 99 1 30 
45 0.0982906 91.1966 90.8252 169.678 12.9608 49.365 53.9333 100 4 11.8667 3 1.33333 1 1 96.5242 95.6975 92.5641 92.2792 23000 98.9164 99 1 30 
46 0.0977208 91.2536 90.8904 165.399 12.795 49.689 53.9833 100 4 12.2333 3 1.33333 1 1 97.3789 96.9553 92.5641 92.2815 23500 98.9164 99 1 30 
47 0.0977208 91.2536 90.8904 161.36 12.6271 49.951 54.0333 100 4 12.2333 3 1.33333 1 1 97.4359 97.0518 92.5641 92.2815 24000 98.9164 99 1 30 
48 0.0951567 91.51 91.2594 157.042 12.4526 50.23 54.1667 100 4 12.2333 3 1.33333 1 1 97.4644 97.0795 93.3333 93.3421 24500 98.9164 99 1 30 
49 0.0951567 91.51 91.2594 152.446 12.267 50.4817 54.1833 100 4 12.2333 3 1.33333 1 1 97.4644 97.0795 93.3333 93.3421 25000 98.9164 99 1 30 
50 0.094302 91.5954 91.3778 151.227 12.2213 50.7137 54.3333 100 4 12.3 3 1.36667 1 1 97.4929 97.1098 92.5641 92.639 25500 98.9164 99 1 30 
51 0.0925926 91.7664 91.5465 148.425 12.1019 50.9783 54.4333 100 4 12.7333 3 1.4 1 1 97.5214 97.1398 92.0513 92.1081 26000 98.9164 99 1 30 
52 0.0846154 92.3077 92.0967 147.677 12.0609 51.239 54.4833 100 4 13.1667 3 1.4 1 1 97.5214 97.1398 92.8205 92.8921 26500 98.9164 99 1 30 
53 0.0820513 92.5641 92.3457 147.009 12.0344 51.4197 54.5 100 4 13.4333 3 1.36667 1 1 97.5783 97.1976 93.0769 93.1743 27000 98.9164 99 1 30 
54 0.0803419 92.6496 92.4178 143.381 11.8794 51.659 54.6 100 4 13.2667 3 1.36667 1 1 97.5783 97.1976 93.5897 93.6787 27500 98.9164 99 1 30 
55 0.0803419 92.6496 92.4178 141.465 11.8018 51.798 54.7167 100 4 13.2667 3 1.36667 1 1 97.6638 97.2872 93.5897 93.6787 28000 98.9164 99 1 30 
