# Created by main.cpp, 2016-06-26.19:14:52
# name: results
# type: matrix
# rows: 1000
# columns: 25
0 0.242354 72.2222 41.9355 0 0 0 -1 -1 4 1 3 1 1 -1 -1 -1 46.6667 31.8182 70 41.1765 0 100 100 1 
1 0.242354 72.2222 41.9355 0 0 0 -1 -1 4 1 3 1 1 -1 -1 -1 46.6667 31.8182 70 41.1765 1 100 100 1 
2 0.242354 72.2222 41.9355 0 0 0 -1 -1 4 1 3 1 1 -1 -1 -1 46.6667 31.8182 70 41.1765 2 100 100 1 
3 0.242354 72.2222 41.9355 0 0 0 -1 -1 4 1 3 1 1 -1 -1 -1 46.6667 31.8182 70 41.1765 3 100 100 1 
4 0.242354 72.2222 41.9355 0 0 0 -1 -1 4 1 3 1 1 -1 -1 -1 46.6667 31.8182 70 41.1765 4 100 100 1 
5 0.0503786 100 100 0 0 0 -1 -1 4 2 3 1 1 -1 -1 -1 96.6667 96.663 96.6667 95.896 5 100 100 1 
6 0.0503786 100 100 0 0 0 -1 -1 4 2 3 1 1 -1 -1 -1 96.6667 96.663 96.6667 95.896 6 100 100 1 
7 0.0422392 97.7778 97.2957 0 0 0 -1 -1 4 2 3 1 1 -1 -1 -1 100 100 100 100 7 100 100 1 
8 0.0422392 97.7778 97.2957 0 0 0 -1 -1 4 2 3 1 1 -1 -1 -1 100 100 100 100 8 100 100 1 
9 0.0422392 97.7778 97.2957 0 0 0 -1 -1 4 2 3 1 1 -1 -1 -1 100 100 100 100 9 100 100 1 
10 0.0422392 97.7778 97.2957 0 0 0 -1 -1 4 2 3 1 1 -1 -1 -1 100 100 100 100 10 100 100 1 
11 0.0422392 97.7778 97.2957 0 0 0 -1 -1 4 2 3 1 1 -1 -1 -1 100 100 100 100 11 100 100 1 
12 0.0422392 97.7778 97.2957 0 0 0 -1 -1 4 2 3 1 1 -1 -1 -1 100 100 100 100 12 100 100 1 
13 0.0422392 97.7778 97.2957 0 0 0 -1 -1 4 2 3 1 1 -1 -1 -1 100 100 100 100 13 100 100 1 
14 0.0422392 97.7778 97.2957 0 0 0 -1 -1 4 2 3 1 1 -1 -1 -1 100 100 100 100 14 100 100 1 
15 0.0422392 97.7778 97.2957 0 0 0 -1 -1 4 2 3 1 1 -1 -1 -1 100 100 100 100 15 100 100 1 
16 0.0422392 97.7778 97.2957 0 0 0 -1 -1 4 2 3 1 1 -1 -1 -1 100 100 100 100 16 100 100 1 
17 0.0422392 97.7778 97.2957 0 0 0 -1 -1 4 2 3 1 1 -1 -1 -1 100 100 100 100 17 100 100 1 
18 0.0422392 97.7778 97.2957 0 0 0 -1 -1 4 2 3 1 1 -1 -1 -1 100 100 100 100 18 100 100 1 
19 0.0422392 97.7778 97.2957 0 0 0 -1 -1 4 2 3 1 1 -1 -1 -1 100 100 100 100 19 100 100 1 
20 0.0422392 97.7778 97.2957 0 0 0 -1 -1 4 2 3 1 1 -1 -1 -1 100 100 100 100 20 100 100 1 
21 0.0422392 97.7778 97.2957 0 0 0 -1 -1 4 2 3 1 1 -1 -1 -1 100 100 100 100 21 100 100 1 
22 0.0422392 97.7778 97.2957 0 0 0 -1 -1 4 2 3 1 1 -1 -1 -1 100 100 100 100 22 100 100 1 
23 0.0422392 97.7778 97.2957 0 0 0 -1 -1 4 2 3 1 1 -1 -1 -1 100 100 100 100 23 100 100 1 
24 0.0422392 97.7778 97.2957 0 0 0 -1 -1 4 2 3 1 1 -1 -1 -1 100 100 100 100 24 100 100 1 
25 0.0422392 97.7778 97.2957 0 0 0 -1 -1 4 2 3 1 1 -1 -1 -1 100 100 100 100 25 100 100 1 
26 0.0422392 97.7778 97.2957 0 0 0 -1 -1 4 2 3 1 1 -1 -1 -1 100 100 100 100 26 100 100 1 
27 0.0422392 97.7778 97.2957 0 0 0 -1 -1 4 2 3 1 1 -1 -1 -1 100 100 100 100 27 100 100 1 
28 0.0422392 97.7778 97.2957 0 0 0 -1 -1 4 2 3 1 1 -1 -1 -1 100 100 100 100 28 100 100 1 
29 0.0422392 97.7778 97.2957 0 0 0 -1 -1 4 2 3 1 1 -1 -1 -1 100 100 100 100 29 100 100 1 
30 0.0422392 97.7778 97.2957 0 0 0 -1 -1 4 2 3 1 1 -1 -1 -1 100 100 100 100 30 100 100 1 
31 0.0422392 97.7778 97.2957 0 0 0 -1 -1 4 2 3 1 1 -1 -1 -1 100 100 100 100 31 100 100 1 
32 0.0422392 97.7778 97.2957 0 0 0 -1 -1 4 2 3 1 1 -1 -1 -1 100 100 100 100 32 100 100 1 
33 0.0422392 97.7778 97.2957 0 0 0 -1 -1 4 2 3 1 1 -1 -1 -1 100 100 100 100 33 100 100 1 
34 0.0422392 97.7778 97.2957 0 0 0 -1 -1 4 2 3 1 1 -1 -1 -1 100 100 100 100 34 100 100 1 
35 0.0422392 97.7778 97.2957 0 0 0 -1 -1 4 2 3 1 1 -1 -1 -1 100 100 100 100 35 100 100 1 
36 0.0422392 97.7778 97.2957 0 0 0 -1 -1 4 2 3 1 1 -1 -1 -1 100 100 100 100 36 100 100 1 
37 0.0422392 97.7778 97.2957 0 0 0 -1 -1 4 2 3 1 1 -1 -1 -1 100 100 100 100 37 100 100 1 
38 0.0422392 97.7778 97.2957 0 0 0 -1 -1 4 2 3 1 1 -1 -1 -1 100 100 100 100 38 100 100 1 
39 0.0422392 97.7778 97.2957 0 0 0 -1 -1 4 2 3 1 1 -1 -1 -1 100 100 100 100 39 100 100 1 
40 0.0422392 97.7778 97.2957 0 0 0 -1 -1 4 2 3 1 1 -1 -1 -1 100 100 100 100 40 100 100 1 
41 0.0422392 97.7778 97.2957 0 0 0 -1 -1 4 2 3 1 1 -1 -1 -1 100 100 100 100 41 100 100 1 
42 0.0422392 97.7778 97.2957 0 0 0 -1 -1 4 2 3 1 1 -1 -1 -1 100 100 100 100 42 100 100 1 
43 0.0422392 97.7778 97.2957 0 0 0 -1 -1 4 2 3 1 1 -1 -1 -1 100 100 100 100 43 100 100 1 
44 0.0422392 97.7778 97.2957 0 0 0 -1 -1 4 2 3 1 1 -1 -1 -1 100 100 100 100 44 100 100 1 
45 0.0422392 97.7778 97.2957 0 0 0 -1 -1 4 2 3 1 1 -1 -1 -1 100 100 100 100 45 100 100 1 
46 0.0422392 97.7778 97.2957 0 0 0 -1 -1 4 2 3 1 1 -1 -1 -1 100 100 100 100 46 100 100 1 
47 0.0422392 97.7778 97.2957 0 0 0 -1 -1 4 2 3 1 1 -1 -1 -1 100 100 100 100 47 100 100 1 
48 0.0422392 97.7778 97.2957 0 0 0 -1 -1 4 2 3 1 1 -1 -1 -1 100 100 100 100 48 100 100 1 
49 0.0422392 97.7778 97.2957 0 0 0 -1 -1 4 2 3 1 1 -1 -1 -1 100 100 100 100 49 100 100 1 
50 0.0422392 97.7778 97.2957 0 0 0 -1 -1 4 2 3 1 1 -1 -1 -1 100 100 100 100 50 100 100 1 
51 0.0422392 97.7778 97.2957 0 0 0 -1 -1 4 2 3 1 1 -1 -1 -1 100 100 100 100 51 100 100 1 
52 0.0422392 97.7778 97.2957 0 0 0 -1 -1 4 2 3 1 1 -1 -1 -1 100 100 100 100 52 100 100 1 
53 0.0422392 97.7778 97.2957 0 0 0 -1 -1 4 2 3 1 1 -1 -1 -1 100 100 100 100 53 100 100 1 
54 0.0422392 97.7778 97.2957 0 0 0 -1 -1 4 2 3 1 1 -1 -1 -1 100 100 100 100 54 100 100 1 
55 0.0422392 97.7778 97.2957 0 0 0 -1 -1 4 2 3 1 1 -1 -1 -1 100 100 100 100 55 100 100 1 
56 0.0422392 97.7778 97.2957 0 0 0 -1 -1 4 2 3 1 1 -1 -1 -1 100 100 100 100 56 100 100 1 
57 0.0422392 97.7778 97.2957 0 0 0 -1 -1 4 2 3 1 1 -1 -1 -1 100 100 100 100 57 100 100 1 
58 0.0422392 97.7778 97.2957 0 0 0 -1 -1 4 2 3 1 1 -1 -1 -1 100 100 100 100 58 100 100 1 
59 0.0422392 97.7778 97.2957 0 0 0 -1 -1 4 2 3 1 1 -1 -1 -1 100 100 100 100 59 100 100 1 
60 0.0422392 97.7778 97.2957 0 0 0 -1 -1 4 2 3 1 1 -1 -1 -1 100 100 100 100 60 100 100 1 
61 0.0422392 97.7778 97.2957 0 0 0 -1 -1 4 2 3 1 1 -1 -1 -1 100 100 100 100 61 100 100 1 
62 0.0422392 97.7778 97.2957 0 0 0 -1 -1 4 2 3 1 1 -1 -1 -1 100 100 100 100 62 100 100 1 
63 0.0422392 97.7778 97.2957 0 0 0 -1 -1 4 2 3 1 1 -1 -1 -1 100 100 100 100 63 100 100 1 
64 0.0422392 97.7778 97.2957 0 0 0 -1 -1 4 2 3 1 1 -1 -1 -1 100 100 100 100 64 100 100 1 
65 0.0422392 97.7778 97.2957 0 0 0 -1 -1 4 2 3 1 1 -1 -1 -1 100 100 100 100 65 100 100 1 
66 0.0422392 97.7778 97.2957 0 0 0 -1 -1 4 2 3 1 1 -1 -1 -1 100 100 100 100 66 100 100 1 
67 0.0422392 97.7778 97.2957 0 0 0 -1 -1 4 2 3 1 1 -1 -1 -1 100 100 100 100 67 100 100 1 
68 0.0422392 97.7778 97.2957 0 0 0 -1 -1 4 2 3 1 1 -1 -1 -1 100 100 100 100 68 100 100 1 
69 0.0422392 97.7778 97.2957 0 0 0 -1 -1 4 2 3 1 1 -1 -1 -1 100 100 100 100 69 100 100 1 
70 0.0422392 97.7778 97.2957 0 0 0 -1 -1 4 2 3 1 1 -1 -1 -1 100 100 100 100 70 100 100 1 
71 0.0422392 97.7778 97.2957 0 0 0 -1 -1 4 2 3 1 1 -1 -1 -1 100 100 100 100 71 100 100 1 
72 0.0422392 97.7778 97.2957 0 0 0 -1 -1 4 2 3 1 1 -1 -1 -1 100 100 100 100 72 100 100 1 
73 0.0422392 97.7778 97.2957 0 0 0 -1 -1 4 2 3 1 1 -1 -1 -1 100 100 100 100 73 100 100 1 
74 0.0422392 97.7778 97.2957 0 0 0 -1 -1 4 2 3 1 1 -1 -1 -1 100 100 100 100 74 100 100 1 
75 0.0422392 97.7778 97.2957 0 0 0 -1 -1 4 2 3 1 1 -1 -1 -1 100 100 100 100 75 100 100 1 
76 0.0422392 97.7778 97.2957 0 0 0 -1 -1 4 2 3 1 1 -1 -1 -1 100 100 100 100 76 100 100 1 
77 0.0422392 97.7778 97.2957 0 0 0 -1 -1 4 2 3 1 1 -1 -1 -1 100 100 100 100 77 100 100 1 
78 0.0422392 97.7778 97.2957 0 0 0 -1 -1 4 2 3 1 1 -1 -1 -1 100 100 100 100 78 100 100 1 
79 0.0422392 97.7778 97.2957 0 0 0 -1 -1 4 2 3 1 1 -1 -1 -1 100 100 100 100 79 100 100 1 
80 0.0422392 97.7778 97.2957 0 0 0 -1 -1 4 2 3 1 1 -1 -1 -1 100 100 100 100 80 100 100 1 
81 0.0422392 97.7778 97.2957 0 0 0 -1 -1 4 2 3 1 1 -1 -1 -1 100 100 100 100 81 100 100 1 
82 0.0422392 97.7778 97.2957 0 0 0 -1 -1 4 2 3 1 1 -1 -1 -1 100 100 100 100 82 100 100 1 
83 0.0422392 97.7778 97.2957 0 0 0 -1 -1 4 2 3 1 1 -1 -1 -1 100 100 100 100 83 100 100 1 
84 0.0422392 97.7778 97.2957 0 0 0 -1 -1 4 2 3 1 1 -1 -1 -1 100 100 100 100 84 100 100 1 
85 0.0422392 97.7778 97.2957 0 0 0 -1 -1 4 2 3 1 1 -1 -1 -1 100 100 100 100 85 100 100 1 
86 0.0422392 97.7778 97.2957 0 0 0 -1 -1 4 2 3 1 1 -1 -1 -1 100 100 100 100 86 100 100 1 
