# Created by main.cpp, 2016-06-29.10:01:41
# name: results
# type: matrix
# rows: 1000
# columns: 25
0 72.2222 41.9355 0.277778 0 0 0 -1 -1 4 1 3 1 1 -1 -1 -1 46.6667 31.8182 0.533333 70 41.1765 0.3 0 1 
1 72.2222 41.9355 0.277778 0 0 0 -1 -1 4 1 3 1 1 -1 -1 -1 46.6667 31.8182 0.533333 70 41.1765 0.3 1 1 
2 72.2222 41.9355 0.277778 0 0 0 -1 -1 4 1 3 1 1 -1 -1 -1 46.6667 31.8182 0.533333 70 41.1765 0.3 2 1 
3 72.2222 41.9355 0.277778 0 0 0 -1 -1 4 1 3 1 1 -1 -1 -1 46.6667 31.8182 0.533333 70 41.1765 0.3 3 1 
4 72.2222 41.9355 0.277778 0 0 0 -1 -1 4 1 3 1 1 -1 -1 -1 46.6667 31.8182 0.533333 70 41.1765 0.3 4 1 
5 72.2222 41.9355 0.277778 0 0 0 -1 -1 4 1 3 1 1 -1 -1 -1 46.6667 31.8182 0.533333 70 41.1765 0.3 5 1 
6 72.2222 41.9355 0.277778 0 0 0 -1 -1 4 1 3 1 1 -1 -1 -1 46.6667 31.8182 0.533333 70 41.1765 0.3 6 1 
7 72.2222 41.9355 0.277778 0 0 0 -1 -1 4 1 3 1 1 -1 -1 -1 46.6667 31.8182 0.533333 70 41.1765 0.3 7 1 
8 72.2222 41.9355 0.277778 0 0 0 -1 -1 4 1 3 1 1 -1 -1 -1 46.6667 31.8182 0.533333 70 41.1765 0.3 8 1 
9 72.2222 41.9355 0.277778 0 0 0 -1 -1 4 1 3 1 1 -1 -1 -1 46.6667 31.8182 0.533333 70 41.1765 0.3 9 1 
10 72.2222 41.9355 0.277778 0 0 0 -1 -1 4 1 3 1 1 -1 -1 -1 46.6667 31.8182 0.533333 70 41.1765 0.3 10 1 
11 72.2222 41.9355 0.277778 0 0 0 -1 -1 4 1 3 1 1 -1 -1 -1 46.6667 31.8182 0.533333 70 41.1765 0.3 11 1 
12 93.3333 90.9759 0.0666667 0 0 0 -1 -1 4 2 3 1 1 -1 -1 -1 66.6667 64.1148 0.333333 73.3333 52 0.266667 12 1 
13 98.8889 98.632 0.0111111 0 0 0 -1 -1 4 2 3 1 1 -1 -1 -1 96.6667 96.663 0.0333333 96.6667 95.896 0.0333333 13 1 
14 98.8889 98.632 0.0111111 0 0 0 -1 -1 4 2 3 1 1 -1 -1 -1 100 100 0 100 100 0 14 1 
15 98.8889 98.632 0.0111111 0 0 0 -1 -1 4 2 3 1 1 -1 -1 -1 100 100 0 100 100 0 15 1 
16 98.8889 98.632 0.0111111 0 0 0 -1 -1 4 2 3 1 1 -1 -1 -1 100 100 0 100 100 0 16 1 
17 98.8889 98.632 0.0111111 0 0 0 -1 -1 4 2 3 1 1 -1 -1 -1 100 100 0 100 100 0 17 1 
18 98.8889 98.632 0.0111111 0 0 0 -1 -1 4 2 3 1 1 -1 -1 -1 100 100 0 100 100 0 18 1 
19 98.8889 98.632 0.0111111 0 0 0 -1 -1 4 2 3 1 1 -1 -1 -1 100 100 0 100 100 0 19 1 
20 98.8889 98.632 0.0111111 0 0 0 -1 -1 4 2 3 1 1 -1 -1 -1 100 100 0 100 100 0 20 1 
21 98.8889 98.632 0.0111111 0 0 0 -1 -1 4 2 3 1 1 -1 -1 -1 100 100 0 100 100 0 21 1 
22 98.8889 98.632 0.0111111 0 0 0 -1 -1 4 2 3 1 1 -1 -1 -1 100 100 0 100 100 0 22 1 
23 98.8889 98.632 0.0111111 0 0 0 -1 -1 4 2 3 1 1 -1 -1 -1 100 100 0 100 100 0 23 1 
24 98.8889 98.632 0.0111111 0 0 0 -1 -1 4 2 3 1 1 -1 -1 -1 100 100 0 100 100 0 24 1 
25 98.8889 98.632 0.0111111 0 0 0 -1 -1 4 2 3 1 1 -1 -1 -1 100 100 0 100 100 0 25 1 
26 98.8889 98.632 0.0111111 0 0 0 -1 -1 4 2 3 1 1 -1 -1 -1 100 100 0 100 100 0 26 1 
27 98.8889 98.632 0.0111111 0 0 0 -1 -1 4 2 3 1 1 -1 -1 -1 100 100 0 100 100 0 27 1 
28 98.8889 98.632 0.0111111 0 0 0 -1 -1 4 2 3 1 1 -1 -1 -1 100 100 0 100 100 0 28 1 
29 98.8889 98.632 0.0111111 0 0 0 -1 -1 4 2 3 1 1 -1 -1 -1 100 100 0 100 100 0 29 1 
30 98.8889 98.632 0.0111111 0 0 0 -1 -1 4 2 3 1 1 -1 -1 -1 100 100 0 100 100 0 30 1 
31 98.8889 98.632 0.0111111 0 0 0 -1 -1 4 2 3 1 1 -1 -1 -1 100 100 0 100 100 0 31 1 
32 98.8889 98.632 0.0111111 0 0 0 -1 -1 4 2 3 1 1 -1 -1 -1 100 100 0 100 100 0 32 1 
33 98.8889 98.632 0.0111111 0 0 0 -1 -1 4 2 3 1 1 -1 -1 -1 100 100 0 100 100 0 33 1 
34 98.8889 98.632 0.0111111 0 0 0 -1 -1 4 2 3 1 1 -1 -1 -1 100 100 0 100 100 0 34 1 
35 98.8889 98.632 0.0111111 0 0 0 -1 -1 4 2 3 1 1 -1 -1 -1 100 100 0 100 100 0 35 1 
36 98.8889 98.632 0.0111111 0 0 0 -1 -1 4 2 3 1 1 -1 -1 -1 100 100 0 100 100 0 36 1 
37 98.8889 98.632 0.0111111 0 0 0 -1 -1 4 2 3 1 1 -1 -1 -1 100 100 0 100 100 0 37 1 
38 98.8889 98.632 0.0111111 0 0 0 -1 -1 4 2 3 1 1 -1 -1 -1 100 100 0 100 100 0 38 1 
39 98.8889 98.632 0.0111111 0 0 0 -1 -1 4 2 3 1 1 -1 -1 -1 100 100 0 100 100 0 39 1 
40 98.8889 98.632 0.0111111 0 0 0 -1 -1 4 2 3 1 1 -1 -1 -1 100 100 0 100 100 0 40 1 
41 98.8889 98.632 0.0111111 0 0 0 -1 -1 4 2 3 1 1 -1 -1 -1 100 100 0 100 100 0 41 1 
42 98.8889 98.632 0.0111111 0 0 0 -1 -1 4 2 3 1 1 -1 -1 -1 100 100 0 100 100 0 42 1 
43 98.8889 98.632 0.0111111 0 0 0 -1 -1 4 2 3 1 1 -1 -1 -1 100 100 0 100 100 0 43 1 
44 98.8889 98.632 0.0111111 0 0 0 -1 -1 4 2 3 1 1 -1 -1 -1 100 100 0 100 100 0 44 1 
45 98.8889 98.632 0.0111111 0 0 0 -1 -1 4 2 3 1 1 -1 -1 -1 100 100 0 100 100 0 45 1 
46 98.8889 98.632 0.0111111 0 0 0 -1 -1 4 2 3 1 1 -1 -1 -1 100 100 0 100 100 0 46 1 
47 98.8889 98.632 0.0111111 0 0 0 -1 -1 4 2 3 1 1 -1 -1 -1 100 100 0 100 100 0 47 1 
48 98.8889 98.632 0.0111111 0 0 0 -1 -1 4 2 3 1 1 -1 -1 -1 100 100 0 100 100 0 48 1 
49 98.8889 98.632 0.0111111 0 0 0 -1 -1 4 2 3 1 1 -1 -1 -1 100 100 0 100 100 0 49 1 
50 98.8889 98.632 0.0111111 0 0 0 -1 -1 4 2 3 1 1 -1 -1 -1 100 100 0 100 100 0 50 1 
51 98.8889 98.632 0.0111111 0 0 0 -1 -1 4 2 3 1 1 -1 -1 -1 100 100 0 100 100 0 51 1 
52 98.8889 98.632 0.0111111 0 0 0 -1 -1 4 2 3 1 1 -1 -1 -1 100 100 0 100 100 0 52 1 
53 98.8889 98.632 0.0111111 0 0 0 -1 -1 4 2 3 1 1 -1 -1 -1 100 100 0 100 100 0 53 1 
54 98.8889 98.632 0.0111111 0 0 0 -1 -1 4 2 3 1 1 -1 -1 -1 100 100 0 100 100 0 54 1 
55 98.8889 98.632 0.0111111 0 0 0 -1 -1 4 2 3 1 1 -1 -1 -1 100 100 0 100 100 0 55 1 
56 98.8889 98.632 0.0111111 0 0 0 -1 -1 4 2 3 1 1 -1 -1 -1 100 100 0 100 100 0 56 1 
57 98.8889 98.632 0.0111111 0 0 0 -1 -1 4 2 3 1 1 -1 -1 -1 100 100 0 100 100 0 57 1 
58 98.8889 98.632 0.0111111 0 0 0 -1 -1 4 2 3 1 1 -1 -1 -1 100 100 0 100 100 0 58 1 
59 98.8889 98.632 0.0111111 0 0 0 -1 -1 4 2 3 1 1 -1 -1 -1 100 100 0 100 100 0 59 1 
60 98.8889 98.632 0.0111111 0 0 0 -1 -1 4 2 3 1 1 -1 -1 -1 100 100 0 100 100 0 60 1 
61 98.8889 98.632 0.0111111 0 0 0 -1 -1 4 2 3 1 1 -1 -1 -1 100 100 0 100 100 0 61 1 
62 98.8889 98.632 0.0111111 0 0 0 -1 -1 4 2 3 1 1 -1 -1 -1 100 100 0 100 100 0 62 1 
63 98.8889 98.632 0.0111111 0 0 0 -1 -1 4 2 3 1 1 -1 -1 -1 100 100 0 100 100 0 63 1 
64 98.8889 98.632 0.0111111 0 0 0 -1 -1 4 2 3 1 1 -1 -1 -1 100 100 0 100 100 0 64 1 
65 98.8889 98.632 0.0111111 0 0 0 -1 -1 4 2 3 1 1 -1 -1 -1 100 100 0 100 100 0 65 1 
66 98.8889 98.632 0.0111111 0 0 0 -1 -1 4 2 3 1 1 -1 -1 -1 100 100 0 100 100 0 66 1 
67 98.8889 98.632 0.0111111 0 0 0 -1 -1 4 2 3 1 1 -1 -1 -1 100 100 0 100 100 0 67 1 
68 98.8889 98.632 0.0111111 0 0 0 -1 -1 4 2 3 1 1 -1 -1 -1 100 100 0 100 100 0 68 1 
69 98.8889 98.632 0.0111111 0 0 0 -1 -1 4 2 3 1 1 -1 -1 -1 100 100 0 100 100 0 69 1 
70 98.8889 98.632 0.0111111 0 0 0 -1 -1 4 2 3 1 1 -1 -1 -1 100 100 0 100 100 0 70 1 
71 98.8889 98.632 0.0111111 0 0 0 -1 -1 4 2 3 1 1 -1 -1 -1 100 100 0 100 100 0 71 1 
72 98.8889 98.632 0.0111111 0 0 0 -1 -1 4 2 3 1 1 -1 -1 -1 100 100 0 100 100 0 72 1 
73 98.8889 98.632 0.0111111 0 0 0 -1 -1 4 2 3 1 1 -1 -1 -1 100 100 0 100 100 0 73 1 
74 98.8889 98.632 0.0111111 0 0 0 -1 -1 4 2 3 1 1 -1 -1 -1 100 100 0 100 100 0 74 1 
75 98.8889 98.632 0.0111111 0 0 0 -1 -1 4 2 3 1 1 -1 -1 -1 100 100 0 100 100 0 75 1 
76 98.8889 98.632 0.0111111 0 0 0 -1 -1 4 2 3 1 1 -1 -1 -1 100 100 0 100 100 0 76 1 
77 98.8889 98.632 0.0111111 0 0 0 -1 -1 4 2 3 1 1 -1 -1 -1 100 100 0 100 100 0 77 1 
78 98.8889 98.632 0.0111111 0 0 0 -1 -1 4 2 3 1 1 -1 -1 -1 100 100 0 100 100 0 78 1 
79 98.8889 98.632 0.0111111 0 0 0 -1 -1 4 2 3 1 1 -1 -1 -1 100 100 0 100 100 0 79 1 
80 98.8889 98.632 0.0111111 0 0 0 -1 -1 4 2 3 1 1 -1 -1 -1 100 100 0 100 100 0 80 1 
81 98.8889 98.632 0.0111111 0 0 0 -1 -1 4 2 3 1 1 -1 -1 -1 100 100 0 100 100 0 81 1 
82 98.8889 98.632 0.0111111 0 0 0 -1 -1 4 2 3 1 1 -1 -1 -1 100 100 0 100 100 0 82 1 
83 98.8889 98.632 0.0111111 0 0 0 -1 -1 4 2 3 1 1 -1 -1 -1 100 100 0 100 100 0 83 1 
84 98.8889 98.632 0.0111111 0 0 0 -1 -1 4 2 3 1 1 -1 -1 -1 100 100 0 100 100 0 84 1 
85 98.8889 98.632 0.0111111 0 0 0 -1 -1 4 2 3 1 1 -1 -1 -1 100 100 0 100 100 0 85 1 
86 98.8889 98.632 0.0111111 0 0 0 -1 -1 4 2 3 1 1 -1 -1 -1 100 100 0 100 100 0 86 1 
87 98.8889 98.632 0.0111111 0 0 0 -1 -1 4 2 3 1 1 -1 -1 -1 100 100 0 100 100 0 87 1 
88 98.8889 98.632 0.0111111 0 0 0 -1 -1 4 2 3 1 1 -1 -1 -1 100 100 0 100 100 0 88 1 
