# Created by main.cpp, 2016-06-29.12:33:10
# name: results
# type: matrix
# rows: 100
# columns: 17
0 20 54.4444 34.5356 0.455556 51.6667 32.9438 0.483333 51.6667 32.9042 0.483333 -1 -1 -1 2 1 10 
1 20 66.2222 39.8244 0.337778 67.6667 40.206 0.323333 67 39.9261 0.33 -1 -1 -1 2 1 10 
2 20 66.2222 39.8244 0.337778 67.6667 40.206 0.323333 67 39.9261 0.33 -1 -1 -1 2 1 10 
3 20 66.2222 39.8244 0.337778 67.6667 40.206 0.323333 67 39.9261 0.33 -1 -1 -1 2 1 10 
4 20 67.5556 43.1741 0.324444 68.6667 42.9634 0.313333 67.6667 41.4202 0.323333 -1 -1 -1 2 1 10 
5 20 88.6667 80.2855 0.113333 89.3333 81.4238 0.106667 88.6667 80.7966 0.113333 -1 -1 -1 2 1 10 
6 20 91.8889 86.0833 0.0811111 93 87.1596 0.07 90.3333 85.5373 0.0966667 -1 -1 -1 2 1 10 
7 20 93.4444 89.752 0.0655556 93.6667 89.552 0.0633333 90.6667 86.2812 0.0933333 -1 -1 -1 2 1 10 
8 20 96.3333 95.4167 0.0366667 95.3333 93.4818 0.0466667 94.6667 92.9201 0.0533333 -1 -1 -1 2 1 10 
9 20 98 97.8056 0.02 100 100 0 99.3333 99.1723 0.00666667 -1 -1 -1 2 1 10 
10 20 98 97.8056 0.02 100 100 0 99.6667 99.509 0.00333333 -1 -1 -1 2 1 10 
11 20 98 97.8056 0.02 100 100 0 99.6667 99.509 0.00333333 -1 -1 -1 2 1 10 
12 20 98 97.8056 0.02 100 100 0 99.6667 99.509 0.00333333 -1 -1 -1 2 1 10 
13 20 98 97.8056 0.02 100 100 0 99.6667 99.509 0.00333333 -1 -1 -1 2 1 10 
14 20 98 97.8056 0.02 100 100 0 99.6667 99.509 0.00333333 -1 -1 -1 2 1 10 
15 20 98 97.8056 0.02 100 100 0 99.6667 99.509 0.00333333 -1 -1 -1 2 1 10 
16 20 98 97.8056 0.02 100 100 0 100 100 0 -1 -1 -1 2 1 10 
17 20 98 97.8056 0.02 100 100 0 100 100 0 -1 -1 -1 2 1 10 
18 20 98 97.8056 0.02 100 100 0 100 100 0 -1 -1 -1 2 1 10 
19 20 98 97.8056 0.02 100 100 0 100 100 0 -1 -1 -1 2 1 10 
20 20 98 97.8056 0.02 100 100 0 100 100 0 -1 -1 -1 3 1 10 
21 20 98 97.8056 0.02 100 100 0 100 100 0 -1 -1 -1 3 1 10 
22 20 98 97.8056 0.02 100 100 0 100 100 0 -1 -1 -1 3 1 10 
23 20 98 97.8056 0.02 100 100 0 100 100 0 -1 -1 -1 3 1 10 
24 20 98 97.8056 0.02 100 100 0 100 100 0 -1 -1 -1 3 1 10 
25 20 98 97.8056 0.02 100 100 0 100 100 0 -1 -1 -1 3 1 10 
26 20 98 97.8056 0.02 100 100 0 100 100 0 -1 -1 -1 3 1 10 
27 20 98 97.8056 0.02 100 100 0 100 100 0 -1 -1 -1 3 1 10 
28 20 98 97.8056 0.02 100 100 0 100 100 0 -1 -1 -1 3 1 10 
29 20 98 97.8056 0.02 100 100 0 100 100 0 -1 -1 -1 3 1 10 
30 20 98 97.8056 0.02 100 100 0 100 100 0 -1 -1 -1 3 1 10 
31 20 98 97.8056 0.02 100 100 0 100 100 0 -1 -1 -1 3 1 10 
32 20 98 97.8056 0.02 100 100 0 100 100 0 -1 -1 -1 3 1 10 
33 20 98 97.8056 0.02 100 100 0 100 100 0 -1 -1 -1 3 1 10 
34 20 98 97.8056 0.02 100 100 0 100 100 0 -1 -1 -1 3 1 10 
35 20 98 97.8056 0.02 100 100 0 100 100 0 -1 -1 -1 3 1 10 
36 20 98 97.8056 0.02 100 100 0 100 100 0 -1 -1 -1 3 1 10 
37 20 98 97.8056 0.02 100 100 0 100 100 0 -1 -1 -1 3 1 10 
38 20 98 97.8056 0.02 100 100 0 100 100 0 -1 -1 -1 3 1 10 
39 20 98 97.8056 0.02 100 100 0 100 100 0 -1 -1 -1 3 1 10 
40 20 98 97.8056 0.02 100 100 0 100 100 0 -1 -1 -1 4 1 10 
41 20 98 97.8056 0.02 100 100 0 100 100 0 -1 -1 -1 4 1 10 
42 20 98 97.8056 0.02 100 100 0 100 100 0 -1 -1 -1 4 1 10 
43 20 98 97.8056 0.02 100 100 0 100 100 0 -1 -1 -1 4 1 10 
44 20 98 97.8056 0.02 100 100 0 100 100 0 -1 -1 -1 4 1 10 
45 20 98 97.8056 0.02 100 100 0 100 100 0 -1 -1 -1 4 1 10 
46 20 98 97.8056 0.02 100 100 0 100 100 0 -1 -1 -1 4 1 10 
47 20 98 97.8056 0.02 100 100 0 100 100 0 -1 -1 -1 4 1 10 
48 20 98 97.8056 0.02 100 100 0 100 100 0 -1 -1 -1 4 1 10 
49 20 98 97.8056 0.02 100 100 0 100 100 0 -1 -1 -1 4 1 10 
50 20 98 97.8056 0.02 100 100 0 100 100 0 -1 -1 -1 4 1 10 
51 20 98 97.8056 0.02 100 100 0 100 100 0 -1 -1 -1 4 1 10 
52 20 98 97.8056 0.02 100 100 0 100 100 0 -1 -1 -1 4 1 10 
53 20 98 97.8056 0.02 100 100 0 100 100 0 -1 -1 -1 4 1 10 
54 20 98 97.8056 0.02 100 100 0 100 100 0 -1 -1 -1 4 1 10 
55 20 98 97.8056 0.02 100 100 0 100 100 0 -1 -1 -1 4 1 10 
56 20 98 97.8056 0.02 100 100 0 100 100 0 -1 -1 -1 4 1 10 
57 20 98 97.8056 0.02 100 100 0 100 100 0 -1 -1 -1 4 1 10 
58 20 98 97.8056 0.02 100 100 0 100 100 0 -1 -1 -1 4 1 10 
59 20 98 97.8056 0.02 100 100 0 100 100 0 -1 -1 -1 4 1 10 
60 20 98 97.8056 0.02 100 100 0 100 100 0 -1 -1 -1 5 1 10 
61 20 98 97.8056 0.02 100 100 0 100 100 0 -1 -1 -1 5 1 10 
62 20 98 97.8056 0.02 100 100 0 100 100 0 -1 -1 -1 5 1 10 
63 20 98 97.8056 0.02 100 100 0 100 100 0 -1 -1 -1 5 1 10 
64 20 98 97.8056 0.02 100 100 0 100 100 0 -1 -1 -1 5 1 10 
65 20 98 97.8056 0.02 100 100 0 100 100 0 -1 -1 -1 5 1 10 
66 20 98 97.8056 0.02 100 100 0 100 100 0 -1 -1 -1 5 1 10 
67 20 98 97.8056 0.02 100 100 0 100 100 0 -1 -1 -1 5 1 10 
68 20 98 97.8056 0.02 100 100 0 100 100 0 -1 -1 -1 5 1 10 
69 20 98 97.8056 0.02 100 100 0 100 100 0 -1 -1 -1 5 1 10 
70 20 98 97.8056 0.02 100 100 0 100 100 0 -1 -1 -1 5 1 10 
71 20 98 97.8056 0.02 100 100 0 100 100 0 -1 -1 -1 5 1 10 
72 20 98 97.8056 0.02 100 100 0 100 100 0 -1 -1 -1 5 1 10 
73 20 98 97.8056 0.02 100 100 0 100 100 0 -1 -1 -1 5 1 10 
74 20 98 97.8056 0.02 100 100 0 100 100 0 -1 -1 -1 5 1 10 
75 20 98 97.8056 0.02 100 100 0 100 100 0 -1 -1 -1 5 1 10 
76 20 98 97.8056 0.02 100 100 0 100 100 0 -1 -1 -1 5 1 10 
77 20 98 97.8056 0.02 100 100 0 100 100 0 -1 -1 -1 5 1 10 
78 20 98 97.8056 0.02 100 100 0 100 100 0 -1 -1 -1 5 1 10 
79 20 98 97.8056 0.02 100 100 0 100 100 0 -1 -1 -1 5 1 10 
80 20 98 97.8056 0.02 100 100 0 100 100 0 -1 -1 -1 6 1 10 
81 20 98 97.8056 0.02 100 100 0 100 100 0 -1 -1 -1 6 1 10 
82 20 98 97.8056 0.02 100 100 0 100 100 0 -1 -1 -1 6 1 10 
83 20 98 97.8056 0.02 100 100 0 100 100 0 -1 -1 -1 6 1 10 
84 20 98 97.8056 0.02 100 100 0 100 100 0 -1 -1 -1 6 1 10 
85 20 98 97.8056 0.02 100 100 0 100 100 0 -1 -1 -1 6 1 10 
86 20 98 97.8056 0.02 100 100 0 100 100 0 -1 -1 -1 6 1 10 
87 20 98 97.8056 0.02 100 100 0 100 100 0 -1 -1 -1 6 1 10 
88 20 98 97.8056 0.02 100 100 0 100 100 0 -1 -1 -1 6 1 10 
89 20 98 97.8056 0.02 100 100 0 100 100 0 -1 -1 -1 6 1 10 
90 20 98 97.8056 0.02 100 100 0 100 100 0 -1 -1 -1 6 1 10 
91 20 98 97.8056 0.02 100 100 0 100 100 0 -1 -1 -1 6 1 10 
92 20 98 97.8056 0.02 100 100 0 100 100 0 -1 -1 -1 6 1 10 
93 20 98 97.8056 0.02 100 100 0 100 100 0 -1 -1 -1 6 1 10 
94 20 98 97.8056 0.02 100 100 0 100 100 0 -1 -1 -1 6 1 10 
95 20 98 97.8056 0.02 100 100 0 100 100 0 -1 -1 -1 6 1 10 
96 20 98 97.8056 0.02 100 100 0 100 100 0 -1 -1 -1 6 1 10 
97 20 98 97.8056 0.02 100 100 0 100 100 0 -1 -1 -1 6 1 10 
98 20 98 97.8056 0.02 100 100 0 100 100 0 -1 -1 -1 6 1 10 
99 20 98 97.8056 0.02 100 100 0 100 100 0 -1 -1 -1 6 1 10 

# Created by main.cpp, 2016-06-29.12:33:10
# name: err_results
# type: matrix
# rows: 100
# columns: 1
7.37194 
1.00454 
1.00454 
1.00454 
10.9723 
27.602 
23.9539 
18.3282 
6.59188 
2.22119 
2.22119 
2.22119 
2.22119 
2.22119 
2.22119 
2.22119 
2.22119 
2.22119 
2.22119 
2.22119 
2.22119 
2.22119 
2.22119 
2.22119 
2.22119 
2.22119 
2.22119 
2.22119 
2.22119 
2.22119 
2.22119 
2.22119 
2.22119 
2.22119 
2.22119 
2.22119 
2.22119 
2.22119 
2.22119 
2.22119 
2.22119 
2.22119 
2.22119 
2.22119 
2.22119 
2.22119 
2.22119 
2.22119 
2.22119 
2.22119 
2.22119 
2.22119 
2.22119 
2.22119 
2.22119 
2.22119 
2.22119 
2.22119 
2.22119 
2.22119 
2.22119 
2.22119 
2.22119 
2.22119 
2.22119 
2.22119 
2.22119 
2.22119 
2.22119 
2.22119 
2.22119 
2.22119 
2.22119 
2.22119 
2.22119 
2.22119 
2.22119 
2.22119 
2.22119 
2.22119 
2.22119 
2.22119 
2.22119 
2.22119 
2.22119 
2.22119 
2.22119 
2.22119 
2.22119 
2.22119 
2.22119 
2.22119 
2.22119 
2.22119 
2.22119 
2.22119 
2.22119 
2.22119 
2.22119 
2.22119 

