# Created by main.cpp, 2016-06-29.11:50:48
# name: results
# type: matrix
# rows: 100
# columns: 17
1 1 32.7103 19.0434 1.36542 34.2857 18.5157 1.31714 32 18.3285 1.40857 4.17596 0.190434 100 39 16 10 
2 1 40.3738 25.0829 1.13458 38 23.6547 1.13429 39.4286 24.0025 1.15429 10.0519 0.411682 100 39 16 10 
3 1 41.215 26.1688 1.14019 38.2857 24.2203 1.12286 38.8571 24.0174 1.14286 13.0226 0.586812 100 39 16 10 
4 1 41.6822 26.3351 1.14112 37.4286 23.8962 1.13143 38.5714 23.8882 1.12857 15.4412 0.748383 100 39 16 10 
5 1 43.4579 28.633 0.985981 40.2857 26.1869 1.06 39.7143 26.4444 0.98 19.4225 0.945562 100 39 16 10 
6 1 43.7383 32.0381 1.0757 39.7143 29.7592 1.13429 45.7143 32.0296 0.988571 24.1701 1.1538 100 39 16 10 
7 1 44.0187 32.1948 1.06729 38.2857 28.2696 1.20857 44.8571 31.3247 0.997143 27.4834 1.34236 100 39 16 10 
8 1 44.0187 32.1989 1.06729 38.2857 28.2696 1.20857 45.7143 31.5888 0.988571 29.8009 1.50847 100 39 16 10 
9 1 44.0187 32.1989 1.06729 38.2857 28.2696 1.20857 45.7143 31.5888 0.988571 32.1861 1.67839 100 39 16 10 
10 1 44.0187 32.1989 1.06729 38.2857 28.2696 1.20857 45.7143 31.5888 0.988571 34.2228 1.8388 100 39 16 10 
11 1 44.0187 32.1989 1.06729 38.2857 28.2696 1.20857 45.7143 31.5888 0.988571 36.365 2.00506 100 39 16 10 
12 1 45.4206 33.4659 1.02243 41.7143 31.1713 1.10571 47.4286 33.6475 0.971429 41.1356 2.22664 100 39 16 10 
13 1 46.1682 33.7941 0.998131 44.5714 32.6967 1.04286 48.2857 33.8426 0.962857 45.4805 2.4341 100 39 16 10 
14 1 45.9813 33.8759 0.935514 45.4286 33.0073 0.965714 51.4286 34.948 0.802857 47.9455 2.61675 100 39 16 10 
15 1 45.9813 33.8759 0.935514 45.4286 33.0073 0.965714 51.4286 34.948 0.802857 50.0075 2.78713 100 39 16 10 
16 1 45.9813 33.8759 0.935514 45.4286 33.0073 0.965714 51.4286 34.948 0.802857 51.8213 2.95278 100 39 16 10 
17 1 48.3178 36.9349 0.91215 49.7143 37.0063 0.922857 52.8571 38.0172 0.788571 56.9145 3.17687 100 39 16 10 
18 1 48.3178 36.9349 0.91215 49.7143 37.0063 0.922857 52.8571 38.0172 0.788571 58.6996 3.34511 100 39 16 10 
19 1 48.3178 36.9349 0.91215 49.7143 37.0063 0.922857 52.8571 38.0172 0.788571 60.3683 3.51088 100 39 16 10 
20 1 50.1869 39.1711 0.876636 52.2857 39.7691 0.914286 53.4286 39.8966 0.765714 65.2766 3.73245 100 39 16 10 
21 1 50.8411 40.1162 0.861682 51.1429 40.2015 0.968571 52.5714 39.9671 0.825714 67.8418 3.92602 100 39 16 10 
22 1 51.4953 40.2071 0.857944 51.1429 40.2015 0.968571 50.2857 39.2156 0.848571 69.2998 4.09251 100 39 16 10 
23 1 52.7103 41.335 0.845794 50.5714 40.1427 0.974286 49.7143 39.0312 0.862857 72.2016 4.29212 100 39 16 10 
24 1 53.7383 42.1813 0.782243 53.1429 42.0448 0.914286 50.2857 39.4322 0.805714 75.6713 4.4864 100 39 16 10 
25 1 53.9252 42.5504 0.836449 53.1429 42.2142 0.948571 50 39.6398 0.877143 77.0096 4.65333 100 39 16 10 
26 1 53.9252 42.5504 0.836449 53.1429 42.2142 0.948571 50 39.6398 0.877143 78.6636 4.83203 100 39 16 10 
27 1 53.9252 42.5504 0.836449 53.1429 42.2142 0.948571 50 39.6398 0.877143 80.4447 5.01786 100 39 16 10 
28 1 53.9252 42.5504 0.836449 53.1429 42.2142 0.948571 50 39.6398 0.877143 81.7532 5.19349 100 39 16 10 
29 1 53.9252 42.5504 0.836449 53.1429 42.2142 0.948571 50 39.6398 0.877143 82.8164 5.36137 100 39 16 10 
30 1 53.9252 42.5504 0.836449 53.1429 42.2142 0.948571 50 39.6398 0.877143 84.1008 5.54044 100 39 16 10 
31 1 53.5514 42.7133 0.857009 53.4286 43.2896 0.988571 50 39.6587 0.894286 85.8531 5.73164 100 39 16 10 
32 1 53.5514 42.7133 0.857009 53.4286 43.2896 0.988571 50 39.6587 0.894286 87.0241 5.90464 100 39 16 10 
33 1 53.5514 42.7133 0.857009 53.4286 43.2896 0.988571 50 39.6587 0.894286 88.0094 6.07989 100 39 16 10 
34 1 53.5514 42.7133 0.857009 53.4286 43.2896 0.988571 50 39.6587 0.894286 89.2618 6.26391 100 39 16 10 
35 1 53.5514 42.7133 0.857009 53.4286 43.2896 0.988571 50 39.6587 0.894286 89.7507 6.41757 100 39 16 10 
36 1 53.5514 42.7133 0.857009 53.4286 43.2896 0.988571 50 39.6587 0.894286 90.9132 6.60372 100 39 16 10 
37 1 53.5514 42.7133 0.857009 53.4286 43.2896 0.988571 50 39.6587 0.894286 91.7366 6.78227 100 39 16 10 
38 1 53.5514 42.7133 0.857009 53.4286 43.2896 0.988571 50 39.6587 0.894286 92.822 6.9692 100 39 16 10 
39 1 53.5514 42.7133 0.857009 53.4286 43.2896 0.988571 50 39.6587 0.894286 93.3248 7.13389 100 39 16 10 
40 1 53.5514 42.7133 0.857009 53.4286 43.2896 0.988571 50 39.6587 0.894286 93.7247 7.29958 100 39 16 10 
41 1 53.5514 42.7133 0.857009 53.4286 43.2896 0.988571 50 39.6587 0.894286 94.0839 7.46727 100 39 16 10 
42 1 54.1121 43.7478 0.862617 54 43.8945 0.982857 53.4286 42.3811 0.817143 95.4459 7.67036 100 39 16 10 
43 1 54.1121 43.7478 0.862617 54 43.8945 0.982857 53.4286 42.3811 0.817143 95.707 7.83994 100 39 16 10 
44 1 54.1121 43.7478 0.862617 54 43.8945 0.982857 53.4286 42.3811 0.817143 95.9399 8.00522 100 39 16 10 
45 1 57.4766 46.6613 0.694393 58.2857 47.4378 0.802857 55.7143 44.7018 0.734286 99.0716 8.23177 100 39 16 10 
46 1 57.4766 46.6613 0.694393 58.2857 47.4378 0.802857 55.7143 44.7018 0.734286 99.3797 8.4122 100 39 16 10 
47 1 57.4766 46.6613 0.694393 58.2857 47.4378 0.802857 55.7143 44.7018 0.734286 99.4758 8.58667 100 39 16 10 
48 1 57.4766 46.6613 0.694393 58.2857 47.4378 0.802857 55.7143 44.7018 0.734286 99.5428 8.76227 100 39 16 10 
49 1 57.4766 46.6613 0.694393 58.2857 47.4378 0.802857 55.7143 44.7018 0.734286 99.5897 8.93952 100 39 16 10 
50 1 57.4766 46.6613 0.694393 58.2857 47.4378 0.802857 55.7143 44.7018 0.734286 101.217 9.14345 100 39 16 10 
51 1 58.3178 46.9574 0.694393 59.4286 48.304 0.757143 58 45.8882 0.702857 102.458 9.347 100 39 16 10 
52 1 58.3178 46.9574 0.694393 59.4286 48.304 0.757143 58 45.8882 0.702857 103.498 9.54673 100 39 16 10 
53 1 58.3178 46.9574 0.694393 59.4286 48.304 0.757143 58 45.8882 0.702857 103.121 9.71599 100 39 16 10 
54 1 57.757 47.2204 0.730841 58.2857 47.6906 0.794286 57.4286 45.8499 0.734286 103.992 9.91609 100 39 16 10 
55 1 57.757 47.2204 0.730841 58.2857 47.6906 0.794286 57.4286 45.8499 0.734286 103.5 10.0792 100 39 16 10 
56 1 57.757 47.2204 0.730841 58.2857 47.6906 0.794286 57.4286 45.8499 0.734286 102.916 10.2461 100 39 16 10 
57 1 57.757 47.2204 0.730841 58.2857 47.6906 0.794286 57.4286 45.8499 0.734286 102.399 10.4216 100 39 16 10 
58 1 57.757 47.2204 0.730841 58.2857 47.6906 0.794286 57.4286 45.8499 0.734286 101.765 10.5927 100 39 16 10 
59 1 57.757 47.2204 0.730841 58.2857 47.6906 0.794286 57.4286 45.8499 0.734286 102.044 10.7968 100 39 16 10 
60 1 57.757 47.2204 0.730841 58.2857 47.6906 0.794286 57.4286 45.8499 0.734286 104.104 11.0278 100 39 16 10 
61 1 57.757 47.2204 0.730841 58.2857 47.6906 0.794286 57.4286 45.8499 0.734286 103.259 11.1937 100 39 16 10 
62 1 57.757 47.2204 0.730841 58.2857 47.6906 0.794286 57.4286 45.8499 0.734286 102.356 11.3652 100 39 16 10 
63 1 57.757 47.2204 0.730841 58.2857 47.6906 0.794286 57.4286 45.8499 0.734286 101.736 11.5463 100 39 16 10 
64 1 57.757 47.2204 0.730841 58.2857 47.6906 0.794286 57.4286 45.8499 0.734286 100.704 11.7133 100 39 16 10 
65 1 57.757 47.2204 0.730841 58.2857 47.6906 0.794286 57.4286 45.8499 0.734286 99.5601 11.8788 100 39 16 10 
66 1 57.757 47.2204 0.730841 58.2857 47.6906 0.794286 57.4286 45.8499 0.734286 99.3166 12.0828 100 39 16 10 
67 1 57.757 47.2204 0.730841 58.2857 47.6906 0.794286 57.4286 45.8499 0.734286 98.1703 12.2494 100 39 16 10 
68 1 57.757 47.2204 0.730841 58.2857 47.6906 0.794286 57.4286 45.8499 0.734286 97.0354 12.4235 100 39 16 10 
69 1 57.757 47.2204 0.730841 58.2857 47.6906 0.794286 57.4286 45.8499 0.734286 96.972 12.63 100 39 16 10 
70 1 57.757 47.2204 0.730841 58.2857 47.6906 0.794286 57.4286 45.8499 0.734286 95.5352 12.7973 100 39 16 10 
71 1 57.757 47.2204 0.730841 58.2857 47.6906 0.794286 57.4286 45.8499 0.734286 94.0475 12.9654 100 39 16 10 
72 1 57.757 47.2204 0.730841 58.2857 47.6906 0.794286 57.4286 45.8499 0.734286 92.5395 13.1353 100 39 16 10 
73 1 57.757 47.2204 0.730841 58.2857 47.6906 0.794286 57.4286 45.8499 0.734286 90.9584 13.303 100 39 16 10 
