# Created by main.cpp, 2016-06-29.11:12:57
# name: results
# type: matrix
# rows: 100
# columns: 17
1 1 34.5794 17.1296 1.41121 28.5714 14.8148 1.48571 31.4286 15.942 1.71429 2.9049 0.171296 100 39 16 1 
2 1 34.5794 17.1296 1.41121 28.5714 14.8148 1.48571 31.4286 15.942 1.71429 5.636 0.339128 100 39 16 1 
3 1 38.3178 18.5941 0.64486 34.2857 17.0213 0.657143 45.7143 20.915 0.542857 8.93271 0.52507 100 39 16 1 
4 1 39.2523 18.7919 0.607477 45.7143 25.5364 0.542857 37.1429 18.0556 0.628571 12.2314 0.712989 100 39 16 1 
5 1 39.2523 18.7919 0.607477 45.7143 25.5364 0.542857 37.1429 18.0556 0.628571 14.3445 0.866466 100 39 16 1 
6 1 39.2523 18.7919 0.607477 45.7143 25.5364 0.542857 37.1429 18.0556 0.628571 16.3054 1.01622 100 39 16 1 
7 1 39.2523 18.7919 0.607477 45.7143 25.5364 0.542857 37.1429 18.0556 0.628571 18.5371 1.17698 100 39 16 1 
8 1 39.2523 18.7919 0.607477 45.7143 25.5364 0.542857 37.1429 18.0556 0.628571 20.5077 1.33046 100 39 16 1 
9 1 46.729 36.0017 1.14953 42.8571 31.7794 0.914286 40 34.3783 0.771429 32.3814 1.69048 100 39 16 1 
10 1 46.729 36.0017 1.14953 42.8571 31.7794 0.914286 40 34.3783 0.771429 34.0954 1.84023 100 39 16 1 
11 1 46.729 36.0017 1.14953 42.8571 31.7794 0.914286 40 34.3783 0.771429 36.3698 2.01153 100 39 16 1 
12 1 46.729 36.0017 1.14953 42.8571 31.7794 0.914286 40 34.3783 0.771429 39.1522 2.20072 100 39 16 1 
13 1 46.729 36.0017 1.14953 42.8571 31.7794 0.914286 40 34.3783 0.771429 40.6546 2.34813 100 39 16 1 
14 1 46.729 36.0017 1.14953 42.8571 31.7794 0.914286 40 34.3783 0.771429 42.856 2.52284 100 39 16 1 
15 1 46.729 36.0017 1.14953 42.8571 31.7794 0.914286 40 34.3783 0.771429 45.6839 2.71925 100 39 16 1 
16 1 46.729 36.0017 1.14953 42.8571 31.7794 0.914286 40 34.3783 0.771429 51.8902 2.99859 100 39 16 1 
17 1 46.729 36.0017 1.14953 42.8571 31.7794 0.914286 40 34.3783 0.771429 55.2393 3.21529 100 39 16 1 
18 1 46.729 36.0017 1.14953 42.8571 31.7794 0.914286 40 34.3783 0.771429 55.9307 3.33743 100 39 16 1 
19 1 46.729 36.0017 1.14953 42.8571 31.7794 0.914286 40 34.3783 0.771429 59.4082 3.56156 100 39 16 1 
20 1 46.729 36.0017 1.14953 42.8571 31.7794 0.914286 40 34.3783 0.771429 61.0013 3.7294 100 39 16 1 
21 1 46.729 36.0017 1.14953 42.8571 31.7794 0.914286 40 34.3783 0.771429 62.2739 3.88654 100 39 16 1 
22 1 46.729 36.0017 1.14953 42.8571 31.7794 0.914286 40 34.3783 0.771429 64.0292 4.06462 100 39 16 1 
23 1 46.729 36.0017 1.14953 42.8571 31.7794 0.914286 40 34.3783 0.771429 65.3665 4.22894 100 39 16 1 
24 1 46.729 36.0017 1.14953 42.8571 31.7794 0.914286 40 34.3783 0.771429 66.4088 4.3828 100 39 16 1 
25 1 46.729 36.0017 1.14953 42.8571 31.7794 0.914286 40 34.3783 0.771429 68.6291 4.58323 100 39 16 1 
26 1 46.729 36.0017 1.14953 42.8571 31.7794 0.914286 40 34.3783 0.771429 71.102 4.79421 100 39 16 1 
27 1 46.729 36.0017 1.14953 42.8571 31.7794 0.914286 40 34.3783 0.771429 72.8853 4.98533 100 39 16 1 
28 1 46.729 36.0017 1.14953 42.8571 31.7794 0.914286 40 34.3783 0.771429 74.3345 5.16673 100 39 16 1 
29 1 46.729 36.0017 1.14953 42.8571 31.7794 0.914286 40 34.3783 0.771429 76.3175 5.36977 100 39 16 1 
30 1 46.729 36.0017 1.14953 42.8571 31.7794 0.914286 40 34.3783 0.771429 77.3336 5.53892 100 39 16 1 
31 1 46.729 36.0017 1.14953 42.8571 31.7794 0.914286 40 34.3783 0.771429 77.8949 5.68868 100 39 16 1 
32 1 46.729 36.0017 1.14953 42.8571 31.7794 0.914286 40 34.3783 0.771429 78.3439 5.83466 100 39 16 1 
33 1 46.729 36.0017 1.14953 42.8571 31.7794 0.914286 40 34.3783 0.771429 78.8849 5.98814 100 39 16 1 
34 1 46.729 36.0017 1.14953 42.8571 31.7794 0.914286 40 34.3783 0.771429 79.6141 6.15363 100 39 16 1 
35 1 46.729 36.0017 1.14953 42.8571 31.7794 0.914286 40 34.3783 0.771429 79.9913 6.30338 100 39 16 1 
36 1 46.729 36.0017 1.14953 42.8571 31.7794 0.914286 40 34.3783 0.771429 80.7367 6.47468 100 39 16 1 
37 1 46.729 36.0017 1.14953 42.8571 31.7794 0.914286 40 34.3783 0.771429 81.5703 6.65276 100 39 16 1 
38 1 46.729 36.0017 1.14953 42.8571 31.7794 0.914286 40 34.3783 0.771429 82.7215 6.84702 100 39 16 1 
39 1 46.729 36.0017 1.14953 42.8571 31.7794 0.914286 40 34.3783 0.771429 82.9518 7.0005 100 39 16 1 
40 1 46.729 36.0017 1.14953 42.8571 31.7794 0.914286 40 34.3783 0.771429 83.2594 7.16126 100 39 16 1 
41 1 46.729 36.0017 1.14953 42.8571 31.7794 0.914286 40 34.3783 0.771429 84.2891 7.35863 100 39 16 1 
42 1 46.729 36.0017 1.14953 42.8571 31.7794 0.914286 40 34.3783 0.771429 84.5439 7.52294 100 39 16 1 
43 1 57.9439 45.5189 1.06542 65.7143 48.3333 0.857143 54.2857 41.0661 0.971429 98.2077 7.97813 100 39 16 1 
44 1 57.9439 45.5189 1.06542 65.7143 48.3333 0.857143 54.2857 41.0661 0.971429 98.844 8.17239 100 39 16 1 
45 1 57.9439 45.5189 1.06542 65.7143 48.3333 0.857143 54.2857 41.0661 0.971429 98.6674 8.32587 100 39 16 1 
46 1 57.9439 45.5189 1.06542 65.7143 48.3333 0.857143 54.2857 41.0661 0.971429 99.6724 8.54121 100 39 16 1 
47 1 57.9439 45.5189 1.06542 65.7143 48.3333 0.857143 54.2857 41.0661 0.971429 99.7098 8.71593 100 39 16 1 
48 1 57.9439 45.5189 1.06542 65.7143 48.3333 0.857143 54.2857 41.0661 0.971429 99.6862 8.89064 100 39 16 1 
49 1 57.9439 45.5189 1.06542 65.7143 48.3333 0.857143 54.2857 41.0661 0.971429 99.7087 9.07151 100 39 16 1 
50 1 57.9439 45.5189 1.06542 65.7143 48.3333 0.857143 54.2857 41.0661 0.971429 99.7954 9.25943 100 39 16 1 
51 1 57.9439 45.5189 1.06542 65.7143 48.3333 0.857143 54.2857 41.0661 0.971429 99.3299 9.41657 100 39 16 1 
52 1 57.9439 45.5189 1.06542 65.7143 48.3333 0.857143 54.2857 41.0661 0.971429 98.9084 9.58089 100 39 16 1 
53 1 57.9439 45.5189 1.06542 65.7143 48.3333 0.857143 54.2857 41.0661 0.971429 98.1851 9.72305 100 39 16 1 
54 1 57.9439 45.5189 1.06542 65.7143 48.3333 0.857143 54.2857 41.0661 0.971429 97.8617 9.90113 100 39 16 1 
55 1 57.9439 45.5189 1.06542 65.7143 48.3333 0.857143 54.2857 41.0661 0.971429 97.1946 10.0583 100 39 16 1 
56 1 57.9439 45.5189 1.06542 65.7143 48.3333 0.857143 54.2857 41.0661 0.971429 96.4391 10.2117 100 39 16 1 
57 1 57.9439 45.5189 1.06542 65.7143 48.3333 0.857143 54.2857 41.0661 0.971429 95.8928 10.3865 100 39 16 1 
58 1 57.9439 45.5189 1.06542 65.7143 48.3333 0.857143 54.2857 41.0661 0.971429 95.4331 10.5711 100 39 16 1 
59 1 57.9439 45.5189 1.06542 65.7143 48.3333 0.857143 54.2857 41.0661 0.971429 94.7164 10.7424 100 39 16 1 
60 1 57.9439 45.5189 1.06542 65.7143 48.3333 0.857143 54.2857 41.0661 0.971429 94.0768 10.9238 100 39 16 1 
61 1 57.9439 45.5189 1.06542 65.7143 48.3333 0.857143 54.2857 41.0661 0.971429 93.0557 11.0773 100 39 16 1 
62 1 57.9439 45.5189 1.06542 65.7143 48.3333 0.857143 54.2857 41.0661 0.971429 98.4364 11.4478 100 39 16 1 
63 1 57.9439 45.5189 1.06542 65.7143 48.3333 0.857143 54.2857 41.0661 0.971429 97.5847 11.6325 100 39 16 1 
64 1 57.9439 45.5189 1.06542 65.7143 48.3333 0.857143 54.2857 41.0661 0.971429 96.4349 11.7968 100 39 16 1 
65 1 57.9439 45.5189 1.06542 65.7143 48.3333 0.857143 54.2857 41.0661 0.971429 95.1457 11.9503 100 39 16 1 
66 1 57.9439 45.5189 1.06542 65.7143 48.3333 0.857143 54.2857 41.0661 0.971429 93.8915 12.1146 100 39 16 1 
67 1 57.9439 45.5189 1.06542 65.7143 48.3333 0.857143 54.2857 41.0661 0.971429 92.6244 12.2836 100 39 16 1 
68 1 57.9439 45.5189 1.06542 65.7143 48.3333 0.857143 54.2857 41.0661 0.971429 91.3542 12.4583 100 39 16 1 
69 1 57.9439 45.5189 1.06542 65.7143 48.3333 0.857143 54.2857 41.0661 0.971429 90.092 12.6397 100 39 16 1 
70 1 57.9439 45.5189 1.06542 65.7143 48.3333 0.857143 54.2857 41.0661 0.971429 88.5088 12.785 100 39 16 1 
71 1 57.9439 45.5189 1.06542 65.7143 48.3333 0.857143 54.2857 41.0661 0.971429 87.0633 12.9597 100 39 16 1 
72 1 57.9439 45.5189 1.06542 65.7143 48.3333 0.857143 54.2857 41.0661 0.971429 85.7411 13.1521 100 39 16 1 
73 1 57.9439 45.5189 1.06542 65.7143 48.3333 0.857143 54.2857 41.0661 0.971429 84.0919 13.3164 100 39 16 1 
74 1 57.9439 45.5189 1.06542 65.7143 48.3333 0.857143 54.2857 41.0661 0.971429 82.369 13.4772 100 39 16 1 
75 1 57.9439 45.5189 1.06542 65.7143 48.3333 0.857143 54.2857 41.0661 0.971429 80.9055 13.6745 100 39 16 1 
