# Created by main.cpp, 2016-06-26.14:42:28
# name: results
# type: matrix
# rows: 500
# columns: 25
1 0.665421 33.4579 17.5107 3.13064 1.74229 0.175107 -1 100 13 16 3 -1 1 0 -1 -1 34.5714 17.4149 29.7143 15.1379 1 63.4286 52.59 10 
2 0.651402 34.8598 17.9016 5.491 2.33291 0.33076 -1 100 13 16 3 -1 1 0 -1 -1 34.5714 16.9205 33.7143 16.6419 1 63.4286 52.59 10 
3 0.636449 36.3551 19.0474 8.66796 2.93347 0.511391 -1 100 13 16 3 -1 1 0 -1 -1 36 18.1979 37.4286 19.3601 1 63.4286 52.59 10 
4 0.590654 40.9346 22.9479 14.0333 3.6498 0.725761 -1 100 13 16 3 -1 1 0 -1 -1 37.4286 21.3195 40.8571 23.892 1 63.4286 52.59 10 
5 0.576636 42.3364 24.0367 18.9522 4.2052 0.940126 -1 100 13 16 3 -1 1 0 -1 -1 37.4286 21.2669 39.1429 23.262 1 63.4286 52.59 10 
6 0.574766 42.5234 25.4443 22.7115 4.64298 1.13777 -1 100 13 16 3 -1 1 0 -1 -1 37.1429 22.2918 37.1429 23.3092 1 63.4286 52.59 10 
7 0.574766 42.5234 25.4443 25.4708 4.9363 1.31485 -1 100 13 16 3 -1 1 0 -1 -1 37.1429 22.2918 37.1429 23.3092 1 63.4286 52.59 10 
8 0.574766 42.5234 25.4443 28.2052 5.20839 1.49252 -1 100 13 16 3 -1 1 0 -1 -1 37.1429 22.2918 37.1429 23.3092 1 63.4286 52.59 10 
9 0.574766 42.5234 25.4443 30.3575 5.41815 1.65483 -1 100 13 16 3 -1 1 0 -1 -1 37.1429 22.2918 37.1429 23.3092 1 63.4286 52.59 10 
10 0.571028 42.8972 26.5037 33.2661 5.68517 1.83405 -1 100 13 16 3 -1 1 0 -1 -1 36.5714 22.6991 37.1429 24.5371 1 63.4286 52.59 10 
11 0.569159 43.0841 26.7504 35.6433 5.89475 2.00718 -1 100 13 16 3 -1 1 0 -1 -1 37.7143 23.1049 38.8571 25.298 1 63.4286 52.59 10 
12 0.557009 44.2991 28.5301 38.9806 6.17524 2.19941 -1 100 13 16 3 -1 1 0 -1 -1 39.4286 25.3776 39.7143 26.9089 1 63.4286 52.59 10 
13 0.557009 44.2991 28.5301 40.9969 6.34177 2.36523 -1 100 13 16 3 -1 1 0 -1 -1 39.4286 25.3776 39.7143 26.9089 1 63.4286 52.59 10 
14 0.514953 48.5047 33.9407 47.7167 6.83737 2.61216 -1 100 13 16 3 -1 1 0 -1 -1 47.7143 33.2254 46.8571 33.1014 1 63.4286 52.59 10 
15 0.514953 48.5047 33.9407 49.4366 6.96596 2.77158 -1 100 13 16 3 -1 1 0 -1 -1 47.7143 33.2254 46.8571 33.1014 1 63.4286 52.59 10 
16 0.483178 51.6822 37.8333 55.0992 7.36286 3.00183 -1 100 13 16 3 -1 1 0 -1 -1 48 36.3345 54.2857 38.9696 1 63.4286 52.59 10 
17 0.483178 51.6822 37.8333 56.9365 7.48998 3.1705 -1 100 13 16 3 -1 1 0 -1 -1 48 36.3345 54.2857 38.9696 1 63.4286 52.59 10 
18 0.483178 51.6822 39.4513 59.7324 7.68334 3.36088 -1 100 13 16 3 -1 1 0 -1 -1 50 38.4656 52 39.4013 1 63.4286 52.59 10 
19 0.483178 51.6822 39.4513 61.7465 7.81664 3.53978 -1 100 13 16 3 -1 1 0 -1 -1 50 38.4656 52 39.4013 1 63.4286 52.59 10 
20 0.483178 51.6822 39.4513 63.4053 7.92455 3.7086 -1 100 13 16 3 -1 1 0 -1 -1 50 38.4656 52 39.4013 1 63.4286 52.59 10 
21 0.483178 51.6822 39.4513 66.3278 8.09647 3.8997 -1 100 13 16 3 -1 1 0 -1 -1 50 38.4656 52 39.4013 1 63.4286 52.59 10 
22 0.463551 53.6449 42.3765 70.0895 8.33459 4.1072 -1 100 13 16 3 -1 1 0 -1 -1 53.4286 42.2025 55.1429 42.7566 1 63.4286 52.59 10 
23 0.463551 53.6449 42.3765 71.9524 8.44616 4.29103 -1 100 13 16 3 -1 1 0 -1 -1 53.4286 42.2025 55.1429 42.7566 1 63.4286 52.59 10 
24 0.463551 53.6449 42.3765 73.4666 8.53784 4.4637 -1 100 13 16 3 -1 1 0 -1 -1 53.4286 42.2025 55.1429 42.7566 1 63.4286 52.59 10 
25 0.463551 53.6449 42.3765 74.8473 8.61825 4.63151 -1 100 13 16 3 -1 1 0 -1 -1 53.4286 42.2025 55.1429 42.7566 1 63.4286 52.59 10 
26 0.463551 53.6449 43.7256 80.7396 8.91606 4.87622 -1 100 13 16 3 -1 1 0 -1 -1 54 44.4339 52.8571 42.707 1 63.4286 52.59 10 
27 0.463551 53.6449 43.7256 83.1786 9.0535 5.07558 -1 100 13 16 3 -1 1 0 -1 -1 54 44.4339 52.8571 42.707 1 63.4286 52.59 10 
28 0.463551 53.6449 43.7256 84.2784 9.11578 5.24259 -1 100 13 16 3 -1 1 0 -1 -1 54 44.4339 52.8571 42.707 1 63.4286 52.59 10 
29 0.463551 53.6449 43.7256 86.8802 9.24972 5.44326 -1 100 13 16 3 -1 1 0 -1 -1 54 44.4339 52.8571 42.707 1 63.4286 52.59 10 
30 0.463551 53.6449 43.7256 89.6705 9.38484 5.64485 -1 100 13 16 3 -1 1 0 -1 -1 54 44.4339 52.8571 42.707 1 63.4286 52.59 10 
31 0.463551 53.6449 43.7256 92.5626 9.53003 5.85992 -1 100 13 16 3 -1 1 0 -1 -1 54 44.4339 52.8571 42.707 1 63.4286 52.59 10 
32 0.463551 53.6449 43.77 95.7045 9.6957 6.07341 -1 100 13 16 3 -1 1 0 -1 -1 53.4286 44.2243 53.1429 42.7023 1 63.4286 52.59 10 
33 0.463551 53.6449 43.77 96.4076 9.73338 6.23693 -1 100 13 16 3 -1 1 0 -1 -1 53.4286 44.2243 53.1429 42.7023 1 63.4286 52.59 10 
34 0.459813 54.0187 43.9846 99.2105 9.8678 6.44116 -1 100 13 16 3 -1 1 0 -1 -1 53.7143 44.4057 52.8571 42.3177 1 63.4286 52.59 10 
35 0.459813 54.0187 43.9846 99.972 9.90795 6.5998 -1 100 13 16 3 -1 1 0 -1 -1 53.7143 44.4057 52.8571 42.3177 1 63.4286 52.59 10 
36 0.459813 54.0187 43.9846 100.465 9.93517 6.7614 -1 100 13 16 3 -1 1 0 -1 -1 53.7143 44.4057 52.8571 42.3177 1 63.4286 52.59 10 
37 0.459813 54.0187 43.9846 103.122 10.0501 6.97759 -1 100 13 16 3 -1 1 0 -1 -1 53.7143 44.4057 52.8571 42.3177 1 63.4286 52.59 10 
38 0.459813 54.0187 43.9846 103.5 10.0702 7.14128 -1 100 13 16 3 -1 1 0 -1 -1 53.7143 44.4057 52.8571 42.3177 1 63.4286 52.59 10 
39 0.43271 56.729 46.657 105.721 10.1929 7.34306 -1 100 13 16 3 -1 1 0 -1 -1 56.5714 47.2904 57.4286 46.1787 1 63.4286 52.59 10 
40 0.43271 56.729 46.657 106.847 10.2478 7.53643 -1 100 13 16 3 -1 1 0 -1 -1 56.5714 47.2904 57.4286 46.1787 1 63.4286 52.59 10 
41 0.424299 57.5701 47.4528 108.476 10.3354 7.73326 -1 100 13 16 3 -1 1 0 -1 -1 58.5714 48.6417 58.5714 47.2978 1 63.4286 52.59 10 
42 0.424299 57.5701 47.4528 108.665 10.3452 7.89668 -1 100 13 16 3 -1 1 0 -1 -1 58.5714 48.6417 58.5714 47.2978 1 63.4286 52.59 10 
43 0.418692 58.1308 47.5387 110.81 10.4388 8.10808 -1 100 13 16 3 -1 1 0 -1 -1 58.5714 48.9629 57.4286 46.9247 1 63.4286 52.59 10 
44 0.418692 58.1308 47.5387 110.949 10.447 8.27718 -1 100 13 16 3 -1 1 0 -1 -1 58.5714 48.9629 57.4286 46.9247 1 63.4286 52.59 10 
45 0.418692 58.1308 47.5387 111.125 10.4571 8.45165 -1 100 13 16 3 -1 1 0 -1 -1 58.5714 48.9629 57.4286 46.9247 1 63.4286 52.59 10 
46 0.418692 58.1308 47.5387 111.363 10.47 8.63258 -1 100 13 16 3 -1 1 0 -1 -1 58.5714 48.9629 57.4286 46.9247 1 63.4286 52.59 10 
47 0.418692 58.1308 47.5387 111.279 10.4675 8.79922 -1 100 13 16 3 -1 1 0 -1 -1 58.5714 48.9629 57.4286 46.9247 1 63.4286 52.59 10 
48 0.413084 58.6916 47.9067 114.274 10.5953 9.03186 -1 100 13 16 3 -1 1 0 -1 -1 58.2857 48.6305 56.8571 46.5926 1 63.4286 52.59 10 
49 0.411215 58.8785 49.1191 114.831 10.6288 9.21698 -1 100 13 16 3 -1 1 0 -1 -1 59.7143 49.7977 56.5714 47.3863 1 63.4286 52.59 10 
50 0.411215 58.8785 49.1191 114.776 10.6267 9.39728 -1 100 13 16 3 -1 1 0 -1 -1 59.7143 49.7977 56.5714 47.3863 1 63.4286 52.59 10 
51 0.411215 58.8785 49.1191 115.016 10.6362 9.57999 -1 100 13 16 3 -1 1 0 -1 -1 59.7143 49.7977 56.5714 47.3863 1 63.4286 52.59 10 
52 0.411215 58.8785 49.1191 116.138 10.6843 9.79012 -1 100 13 16 3 -1 1 0 -1 -1 59.7143 49.7977 56.5714 47.3863 1 63.4286 52.59 10 
53 0.411215 58.8785 49.1191 117.069 10.72 9.99109 -1 100 13 16 3 -1 1 0 -1 -1 59.7143 49.7977 56.5714 47.3863 1 63.4286 52.59 10 
54 0.4 60 50.0253 117.794 10.7634 10.193 -1 100 13 16 3 -1 1 0 -1 -1 62.8571 52.113 58.5714 49.5987 1 63.4286 52.59 10 
55 0.4 60 50.0253 118.404 10.7808 10.3847 -1 100 13 16 3 -1 1 0 -1 -1 62.8571 52.113 58.5714 49.5987 1 63.4286 52.59 10 
56 0.4 60 50.0253 117.791 10.7529 10.5549 -1 100 13 16 3 -1 1 0 -1 -1 62.8571 52.113 58.5714 49.5987 1 63.4286 52.59 10 
57 0.4 60 50.0253 116.985 10.7166 10.715 -1 100 13 16 3 -1 1 0 -1 -1 62.8571 52.113 58.5714 49.5987 1 63.4286 52.59 10 
58 0.4 60 50.0253 116.327 10.6864 10.8934 -1 100 13 16 3 -1 1 0 -1 -1 62.8571 52.113 58.5714 49.5987 1 63.4286 52.59 10 
59 0.4 60 50.0253 115.925 10.6699 11.0835 -1 100 13 16 3 -1 1 0 -1 -1 62.8571 52.113 58.5714 49.5987 1 63.4286 52.59 10 
60 0.376636 62.3364 51.2219 117.998 10.7805 11.3242 -1 100 13 16 3 -1 1 0 -1 -1 63.7143 53.2717 61.4286 50.9294 1 63.4286 52.59 10 
61 0.376636 62.3364 51.2219 117.089 10.7392 11.4919 -1 100 13 16 3 -1 1 0 -1 -1 63.7143 53.2717 61.4286 50.9294 1 63.4286 52.59 10 
