# Created by main.cpp, 2016-06-26.20:50:48
# name: results
# type: matrix
# rows: 100
# columns: 25
1 0.654206 34.5794 17.1296 2.9049 1.70438 0.171296 -1 100 13 16 3 -1 1 0 -1 -1 31.4286 15.942 28.5714 14.8148 1 65.7143 48.3333 1 
2 0.654206 34.5794 17.1296 5.636 2.37403 0.339128 -1 100 13 16 3 -1 1 0 -1 -1 31.4286 15.942 28.5714 14.8148 1 65.7143 48.3333 1 
3 0.616822 38.3178 18.5941 8.93271 2.98876 0.52507 -1 100 13 16 3 -1 1 0 -1 -1 45.7143 20.915 34.2857 17.0213 1 65.7143 48.3333 1 
4 0.607477 39.2523 18.7919 12.2314 3.49735 0.712989 -1 100 13 16 3 -1 1 0 -1 -1 37.1429 18.0556 45.7143 25.5364 1 65.7143 48.3333 1 
5 0.607477 39.2523 18.7919 14.3445 3.78742 0.866466 -1 100 13 16 3 -1 1 0 -1 -1 37.1429 18.0556 45.7143 25.5364 1 65.7143 48.3333 1 
6 0.607477 39.2523 18.7919 16.3054 4.03799 1.01622 -1 100 13 16 3 -1 1 0 -1 -1 37.1429 18.0556 45.7143 25.5364 1 65.7143 48.3333 1 
7 0.607477 39.2523 18.7919 18.5371 4.30547 1.17698 -1 100 13 16 3 -1 1 0 -1 -1 37.1429 18.0556 45.7143 25.5364 1 65.7143 48.3333 1 
8 0.607477 39.2523 18.7919 20.5077 4.52855 1.33046 -1 100 13 16 3 -1 1 0 -1 -1 37.1429 18.0556 45.7143 25.5364 1 65.7143 48.3333 1 
9 0.53271 46.729 36.0017 32.3814 5.69046 1.69048 -1 100 13 16 3 -1 1 0 -1 -1 40 34.3783 42.8571 31.7794 1 65.7143 48.3333 1 
10 0.53271 46.729 36.0017 34.0954 5.83913 1.84023 -1 100 13 16 3 -1 1 0 -1 -1 40 34.3783 42.8571 31.7794 1 65.7143 48.3333 1 
11 0.53271 46.729 36.0017 36.3698 6.03074 2.01153 -1 100 13 16 3 -1 1 0 -1 -1 40 34.3783 42.8571 31.7794 1 65.7143 48.3333 1 
12 0.53271 46.729 36.0017 39.1522 6.25717 2.20072 -1 100 13 16 3 -1 1 0 -1 -1 40 34.3783 42.8571 31.7794 1 65.7143 48.3333 1 
13 0.53271 46.729 36.0017 40.6546 6.3761 2.34813 -1 100 13 16 3 -1 1 0 -1 -1 40 34.3783 42.8571 31.7794 1 65.7143 48.3333 1 
14 0.53271 46.729 36.0017 42.856 6.54645 2.52284 -1 100 13 16 3 -1 1 0 -1 -1 40 34.3783 42.8571 31.7794 1 65.7143 48.3333 1 
15 0.53271 46.729 36.0017 45.6839 6.75899 2.71925 -1 100 13 16 3 -1 1 0 -1 -1 40 34.3783 42.8571 31.7794 1 65.7143 48.3333 1 
16 0.53271 46.729 36.0017 51.8902 7.20348 2.99859 -1 100 13 16 3 -1 1 0 -1 -1 40 34.3783 42.8571 31.7794 1 65.7143 48.3333 1 
17 0.53271 46.729 36.0017 55.2393 7.43231 3.21529 -1 100 13 16 3 -1 1 0 -1 -1 40 34.3783 42.8571 31.7794 1 65.7143 48.3333 1 
18 0.53271 46.729 36.0017 55.9307 7.47868 3.33743 -1 100 13 16 3 -1 1 0 -1 -1 40 34.3783 42.8571 31.7794 1 65.7143 48.3333 1 
19 0.53271 46.729 36.0017 59.4082 7.70767 3.56156 -1 100 13 16 3 -1 1 0 -1 -1 40 34.3783 42.8571 31.7794 1 65.7143 48.3333 1 
20 0.53271 46.729 36.0017 61.0013 7.81033 3.7294 -1 100 13 16 3 -1 1 0 -1 -1 40 34.3783 42.8571 31.7794 1 65.7143 48.3333 1 
21 0.53271 46.729 36.0017 62.2739 7.89138 3.88654 -1 100 13 16 3 -1 1 0 -1 -1 40 34.3783 42.8571 31.7794 1 65.7143 48.3333 1 
22 0.53271 46.729 36.0017 64.0292 8.00183 4.06462 -1 100 13 16 3 -1 1 0 -1 -1 40 34.3783 42.8571 31.7794 1 65.7143 48.3333 1 
23 0.53271 46.729 36.0017 65.3665 8.08496 4.22894 -1 100 13 16 3 -1 1 0 -1 -1 40 34.3783 42.8571 31.7794 1 65.7143 48.3333 1 
24 0.53271 46.729 36.0017 66.4088 8.14916 4.3828 -1 100 13 16 3 -1 1 0 -1 -1 40 34.3783 42.8571 31.7794 1 65.7143 48.3333 1 
25 0.53271 46.729 36.0017 68.6291 8.28427 4.58323 -1 100 13 16 3 -1 1 0 -1 -1 40 34.3783 42.8571 31.7794 1 65.7143 48.3333 1 
26 0.53271 46.729 36.0017 71.102 8.4322 4.79421 -1 100 13 16 3 -1 1 0 -1 -1 40 34.3783 42.8571 31.7794 1 65.7143 48.3333 1 
27 0.53271 46.729 36.0017 72.8853 8.53729 4.98533 -1 100 13 16 3 -1 1 0 -1 -1 40 34.3783 42.8571 31.7794 1 65.7143 48.3333 1 
28 0.53271 46.729 36.0017 74.3345 8.62175 5.16673 -1 100 13 16 3 -1 1 0 -1 -1 40 34.3783 42.8571 31.7794 1 65.7143 48.3333 1 
29 0.53271 46.729 36.0017 76.3175 8.73599 5.36977 -1 100 13 16 3 -1 1 0 -1 -1 40 34.3783 42.8571 31.7794 1 65.7143 48.3333 1 
30 0.53271 46.729 36.0017 77.3336 8.79395 5.53892 -1 100 13 16 3 -1 1 0 -1 -1 40 34.3783 42.8571 31.7794 1 65.7143 48.3333 1 
31 0.53271 46.729 36.0017 77.8949 8.82581 5.68868 -1 100 13 16 3 -1 1 0 -1 -1 40 34.3783 42.8571 31.7794 1 65.7143 48.3333 1 
32 0.53271 46.729 36.0017 78.3439 8.85121 5.83466 -1 100 13 16 3 -1 1 0 -1 -1 40 34.3783 42.8571 31.7794 1 65.7143 48.3333 1 
33 0.53271 46.729 36.0017 78.8849 8.88171 5.98814 -1 100 13 16 3 -1 1 0 -1 -1 40 34.3783 42.8571 31.7794 1 65.7143 48.3333 1 
34 0.53271 46.729 36.0017 79.6141 8.92267 6.15363 -1 100 13 16 3 -1 1 0 -1 -1 40 34.3783 42.8571 31.7794 1 65.7143 48.3333 1 
35 0.53271 46.729 36.0017 79.9913 8.94379 6.30338 -1 100 13 16 3 -1 1 0 -1 -1 40 34.3783 42.8571 31.7794 1 65.7143 48.3333 1 
36 0.53271 46.729 36.0017 80.7367 8.98536 6.47468 -1 100 13 16 3 -1 1 0 -1 -1 40 34.3783 42.8571 31.7794 1 65.7143 48.3333 1 
37 0.53271 46.729 36.0017 81.5703 9.03163 6.65276 -1 100 13 16 3 -1 1 0 -1 -1 40 34.3783 42.8571 31.7794 1 65.7143 48.3333 1 
38 0.53271 46.729 36.0017 82.7215 9.09514 6.84702 -1 100 13 16 3 -1 1 0 -1 -1 40 34.3783 42.8571 31.7794 1 65.7143 48.3333 1 
39 0.53271 46.729 36.0017 82.9518 9.10779 7.0005 -1 100 13 16 3 -1 1 0 -1 -1 40 34.3783 42.8571 31.7794 1 65.7143 48.3333 1 
40 0.53271 46.729 36.0017 83.2594 9.12466 7.16126 -1 100 13 16 3 -1 1 0 -1 -1 40 34.3783 42.8571 31.7794 1 65.7143 48.3333 1 
41 0.53271 46.729 36.0017 84.2891 9.18091 7.35863 -1 100 13 16 3 -1 1 0 -1 -1 40 34.3783 42.8571 31.7794 1 65.7143 48.3333 1 
42 0.53271 46.729 36.0017 84.5439 9.19477 7.52294 -1 100 13 16 3 -1 1 0 -1 -1 40 34.3783 42.8571 31.7794 1 65.7143 48.3333 1 
43 0.420561 57.9439 45.5189 98.2077 9.90998 7.97813 -1 100 13 16 3 -1 1 0 -1 -1 54.2857 41.0661 65.7143 48.3333 1 65.7143 48.3333 1 
44 0.420561 57.9439 45.5189 98.844 9.94203 8.17239 -1 100 13 16 3 -1 1 0 -1 -1 54.2857 41.0661 65.7143 48.3333 1 65.7143 48.3333 1 
45 0.420561 57.9439 45.5189 98.6674 9.93315 8.32587 -1 100 13 16 3 -1 1 0 -1 -1 54.2857 41.0661 65.7143 48.3333 1 65.7143 48.3333 1 
46 0.420561 57.9439 45.5189 99.6724 9.98361 8.54121 -1 100 13 16 3 -1 1 0 -1 -1 54.2857 41.0661 65.7143 48.3333 1 65.7143 48.3333 1 
47 0.420561 57.9439 45.5189 99.7098 9.98548 8.71593 -1 100 13 16 3 -1 1 0 -1 -1 54.2857 41.0661 65.7143 48.3333 1 65.7143 48.3333 1 
48 0.420561 57.9439 45.5189 99.6862 9.9843 8.89064 -1 100 13 16 3 -1 1 0 -1 -1 54.2857 41.0661 65.7143 48.3333 1 65.7143 48.3333 1 
49 0.420561 57.9439 45.5189 99.7087 9.98543 9.07151 -1 100 13 16 3 -1 1 0 -1 -1 54.2857 41.0661 65.7143 48.3333 1 65.7143 48.3333 1 
50 0.420561 57.9439 45.5189 99.7954 9.98976 9.25943 -1 100 13 16 3 -1 1 0 -1 -1 54.2857 41.0661 65.7143 48.3333 1 65.7143 48.3333 1 
51 0.420561 57.9439 45.5189 99.3299 9.96644 9.41657 -1 100 13 16 3 -1 1 0 -1 -1 54.2857 41.0661 65.7143 48.3333 1 65.7143 48.3333 1 
52 0.420561 57.9439 45.5189 98.9084 9.94527 9.58089 -1 100 13 16 3 -1 1 0 -1 -1 54.2857 41.0661 65.7143 48.3333 1 65.7143 48.3333 1 
53 0.420561 57.9439 45.5189 98.1851 9.90884 9.72305 -1 100 13 16 3 -1 1 0 -1 -1 54.2857 41.0661 65.7143 48.3333 1 65.7143 48.3333 1 
54 0.420561 57.9439 45.5189 97.8617 9.89251 9.90113 -1 100 13 16 3 -1 1 0 -1 -1 54.2857 41.0661 65.7143 48.3333 1 65.7143 48.3333 1 
55 0.420561 57.9439 45.5189 97.1946 9.85873 10.0583 -1 100 13 16 3 -1 1 0 -1 -1 54.2857 41.0661 65.7143 48.3333 1 65.7143 48.3333 1 
56 0.420561 57.9439 45.5189 96.4391 9.82034 10.2117 -1 100 13 16 3 -1 1 0 -1 -1 54.2857 41.0661 65.7143 48.3333 1 65.7143 48.3333 1 
57 0.420561 57.9439 45.5189 95.8928 9.79249 10.3865 -1 100 13 16 3 -1 1 0 -1 -1 54.2857 41.0661 65.7143 48.3333 1 65.7143 48.3333 1 
58 0.420561 57.9439 45.5189 95.4331 9.76899 10.5711 -1 100 13 16 3 -1 1 0 -1 -1 54.2857 41.0661 65.7143 48.3333 1 65.7143 48.3333 1 
59 0.420561 57.9439 45.5189 94.7164 9.73223 10.7424 -1 100 13 16 3 -1 1 0 -1 -1 54.2857 41.0661 65.7143 48.3333 1 65.7143 48.3333 1 
60 0.420561 57.9439 45.5189 94.0768 9.69932 10.9238 -1 100 13 16 3 -1 1 0 -1 -1 54.2857 41.0661 65.7143 48.3333 1 65.7143 48.3333 1 
61 0.420561 57.9439 45.5189 93.0557 9.64654 11.0773 -1 100 13 16 3 -1 1 0 -1 -1 54.2857 41.0661 65.7143 48.3333 1 65.7143 48.3333 1 
