# Created by main.cpp, 2016-03-16.09:46:56
# name: breastCancer_MalignantOrBenign_results
# type: matrix
# rows: 221
# columns: 16
0 0 65.7005 0 0 117.475 10.3578 2.28 0 100 9 10.7 1 1.5 1 10 
1 0 57.6651 58.404 0 277.252 16.4574 5.844 0 100 9 6.9 1 1.1 1 10 
2 0 67.7295 69.2995 0 382.296 19.441 8.64 0 100 9 7.3 1 1 1 10 
3 0 71.7069 70.7544 0 500.008 22.2892 12.609 0 100 9 9.3 1 1 1 10 
4 0 71.7069 70.7544 0 579.065 24.0127 15.82 0 100 9 9.3 1 1 1 10 
5 0 72.7536 71.6752 0 647.424 25.3992 19.739 1.6 100 9 9 1 1 1 10 
6 0 72.8663 71.7187 0 682.658 26.0757 23.247 7.6 100 9 9.2 1 1 1 10 
7 0 77.3752 73.5386 0 698.104 26.3881 26.365 22.9 100 9 9.9 1 1 1 10 
8 0 77.3913 74.0889 0 690.986 26.2467 30.457 47.9 100 9 10.2 1 1.1 1 10 
9 0 85.0886 77.6961 0 669.297 25.8033 33.409 51 100 9 11 1 1.1 1 10 
10 0 83.5749 78.3333 0 619.608 24.7815 36.28 51 100 9 10.4 1 1.1 1 10 
11 0 84.3639 79.472 0 581.986 23.9827 38.323 51 100 9 8.9 1 1.1 1 10 
12 0 87.971 82.1263 0 521.933 22.5555 40.704 51 100 9 8 1 1.1 1 10 
13 0 87.971 82.1263 0 478.155 21.5138 42.336 51 100 9 8 1 1.1 1 10 
14 0 87.971 82.1263 0 427.425 20.2426 44.074 51 100 9 8 1 1.1 1 10 
15 0 88.5668 82.8289 0 389.301 19.0861 45.094 51 100 9 8.3 1 1.1 1 10 
16 0 88.5668 82.8289 0 350.035 18.0297 46.38 51 100 9 8.3 1 1.1 1 10 
17 0 88.5668 82.8289 0 311.624 16.9889 47.382 51 100 9 8.3 1 1.1 1 10 
18 0 88.5668 82.8289 0 296.975 16.4917 47.859 51 100 9 8.3 1 1.1 1 10 
19 0 88.5668 82.8289 0 272.853 15.7179 48.529 51 100 9 8.3 1 1.1 1 10 
25 0 86.5217 83.0454 0 250.786 15.0678 49.385 51.3 100 9 8.4 1 1 1 10 
26 0 86.5217 83.0454 0 216.372 13.9621 50.27 51.3 100 9 8.4 1 1 1 10 
27 0 86.5217 83.0454 0 197.96 13.3945 50.974 51.3 100 9 8.4 1 1 1 10 
28 0 86.5378 83.0799 0 189.263 13.1199 51.392 51.3 100 9 8.4 1 1 1 10 
29 0 87.2303 83.8152 0 182.467 12.8764 51.681 51.3 100 9 8.8 1 1 1 10 
30 0 87.3269 84.6176 0 178.459 12.6833 51.879 51.3 100 9 9.3 1 1 1 10 
31 0 87.3269 84.6176 0 163.242 12.1067 52.413 51.3 100 9 9.3 1 1 1 10 
32 0 89.1948 84.89 0 154.071 11.7689 52.762 51.3 100 9 9.2 1 1.1 1 10 
33 0 89.5008 85.6888 0 143.112 11.2753 53.081 51.3 100 9 8.9 1 1 1 10 
34 0 89.5008 85.6888 0 132.998 10.8422 53.483 51.3 100 9 8.9 1 1 1 10 
35 0 89.7424 86.2023 0 127.481 10.7118 53.681 51.3 100 9 8.9 1 1 1 10 
36 0 89.7424 86.2023 0 119.607 10.1856 54.133 51.3 100 9 8.9 1 1 1 10 
37 0 91.1111 87.5469 0 112.055 9.77422 54.407 51.3 100 9 10 1 1 1 10 
38 0 91.1111 87.5469 0 103.433 9.46247 54.607 51.3 100 9 10 1 1 1 10 
39 0 91.1111 87.5469 0 97.5911 9.21143 54.838 51.3 100 9 10 1 1 1 10 
45.5 0 91.2399 87.6948 0 98.452 9.30936 54.808 51.2 100 9 10 1 1 1 10 
46.5 0 91.2399 87.6948 0 95.9667 9.14011 55.004 51.2 100 9 10 1 1 1 10 
50.8 0 91.3366 87.9169 0 96.9831 9.19946 55.446 51.5 100 9 10 1 1 1 10 
51.8 0 91.3366 87.9169 0 100.631 9.39349 55.642 51.5 100 9 10 1 1 1 10 
52.8 0 91.3366 87.9169 0 101.378 9.44392 55.714 51.5 100 9 10 1 1 1 10 
53.8 0 91.3366 87.9169 0 98.5396 9.34834 55.852 51.5 100 9 10 1 1 1 10 
54.8 0 91.3366 87.9294 0 101.158 9.48545 56.093 51.6 100 9 10 1 1 1 10 
55.8 0 91.5781 88.0693 0 99.8566 9.40694 56.284 51.6 100 9 10 1 1 1 10 
56.8 0 91.5781 88.0693 0 103.975 9.59736 56.515 51.65 100 9 10 1 1 1 10 
63.9 0 91.5298 87.9212 0 101.325 9.5176 56.592 51.55 100 9 10 1 1 1 10 
64.9 0 91.5298 87.9212 0 102.296 9.58709 56.715 51.6 100 9 10 1 1 1 10 
65.9 0 91.5298 87.9212 0 102.93 9.63318 56.869 51.6 100 9 10 1 1 1 10 
66.9 0 91.5298 87.9212 0 106.077 9.7795 57.023 51.6 100 9 10 1 1 1 10 
67.9 0 91.5298 87.9212 0 104.983 9.75883 57.191 51.6 100 9 10 1 1 1 10 
68.9 0 91.5459 87.9546 0 107.601 9.87257 57.322 51.7 100 9 9.8 1 1 1 10 
69.9 0 91.5459 87.9546 0 108.139 9.90025 57.422 51.9 100 9 9.8 1 1 1 10 
70.9 0 91.5459 87.9546 0 109.534 9.97186 57.538 51.9 100 9 9.8 1 1 1 10 
71.9 0 91.9807 88.3565 0 110.372 10.0272 57.624 52.1 100 9 9.1 1 1.1 1 10 
79 0 92.0129 88.4163 0 107.264 9.95857 57.821 52.2 100 9 9.1 1 1.1 1 10 
80 0 92.0129 88.4163 0 108.511 10.0279 57.933 52.3 100 9 9.1 1 1.1 1 10 
81 0 92.4316 88.8812 0 108.876 10.0427 57.985 52.5 100 9 9.4 1 1.2 1 10 
82 0 92.4316 88.8812 0 109.291 10.0713 58.101 52.75 100 9 9.4 1 1.2 1 10 
83 0 92.4316 88.8812 0 110.821 10.1227 58.286 53.2 100 9 9.4 1 1.2 1 10 
84 0 92.4316 88.8812 0 108.292 10.0379 58.428 53.3 100 9 9.4 1 1.2 1 10 
85 0 92.4316 88.8812 0 108.874 10.0754 58.521 53.55 100 9 9.4 1 1.2 1 10 
86 0 92.4316 88.8812 0 110.438 10.1634 58.622 53.65 100 9 9.4 1 1.2 1 10 
87 0 92.4316 88.8812 0 111.204 10.1869 58.725 53.75 100 9 9.4 1 1.2 1 10 
88 0 92.4316 88.8812 0 111.985 10.2361 58.844 53.95 100 9 9.4 1 1.2 1 10 
89 0 92.4316 88.8812 0 113.121 10.3028 58.988 54.2 100 9 9.4 1 1.2 1 10 
90 0 92.4316 88.8812 0 115.034 10.4011 59.143 54.4 100 9 9.4 1 1.2 1 10 
91 0 92.6087 89.1881 0 115.872 10.4372 59.263 54.65 100 9 8.5 1 1.2 1 10 
92 0 92.6087 89.1881 0 116.892 10.5042 59.339 54.65 100 9 8.5 1 1.2 1 10 
93 0 92.6892 89.5976 0 117.582 10.5373 59.442 54.9 100 9 8.2 1 1.2 1 10 
94 0 92.6892 89.5976 0 117.748 10.5461 59.573 55.2 100 9 8.2 1 1.2 1 10 
95 0 92.8663 89.6063 0 117.815 10.5471 59.629 55.2 100 9 8.3 1 1.2 1 10 
96 0 92.9147 90.0226 0 114.587 10.4198 61.781 57.05 100 9 8.7 1 1.2 1 10 
97 0 92.9147 90.0226 0 116.916 10.5549 61.998 57.2 100 9 8.7 1 1.2 1 10 
98 0 93.3816 90.9778 0 117.913 10.605 62.085 57.25 100 9 9.9 1 1.1 1 10 
99 0 93.3816 90.9778 0 118.933 10.6592 62.169 57.3 100 9 9.9 1 1.1 1 10 
100 0 93.3816 90.9778 0 121.815 10.7969 62.358 57.45 100 9 9.9 1 1.1 1 10 
101 0 93.3816 90.9778 0 122.307 10.8133 62.447 57.7 100 9 9.9 1 1.1 1 10 
102 0 93.3816 90.9778 0 123.332 10.8675 62.558 57.7 100 9 9.9 1 1.1 1 10 
103 0 93.3816 90.9778 0 123.553 10.8806 62.621 57.8 100 9 9.9 1 1.1 1 10 
104 0 93.3816 90.9778 0 124.435 10.9201 62.745 58 100 9 9.9 1 1.1 1 10 
105 0 93.3816 90.9778 0 125.322 10.9643 62.799 58.05 100 9 9.9 1 1.1 1 10 
106 0 93.6232 91.3253 0 126.205 11.0073 62.902 58.05 100 9 10.7 1 1.1 1 10 
107 0 93.6232 91.3253 0 126.099 11.0023 62.935 58.15 100 9 10.7 1 1.1 1 10 
108 0 93.6232 91.3253 0 126.308 11.0133 63.02 58.35 100 9 10.7 1 1.1 1 10 
109 0 93.6232 91.3253 0 126.68 11.0289 63.082 58.45 100 9 10.7 1 1.1 1 10 
110 0 93.6393 91.3695 0 127.387 11.0664 63.248 58.7 100 9 10.3 1 1.1 1 10 
111 0 93.6393 91.3695 0 126.969 11.0526 63.298 58.8 100 9 10.3 1 1.1 1 10 
112 0 93.6554 91.3901 0 128.158 11.108 63.405 58.85 100 9 10.3 1 1.1 1 10 
113 0 93.6554 91.3901 0 128.155 11.1131 63.509 59.05 100 9 10.3 1 1.1 1 10 
114 0 93.6554 91.3901 0 128.701 11.1282 63.642 59.35 100 9 10.3 1 1.1 1 10 
115 0 93.6554 91.3901 0 129.596 11.1547 63.751 59.6 100 9 10.3 1 1.1 1 10 
116 0 93.7198 91.4844 0 129.713 11.1617 63.851 59.8 100 9 10.3 1 1.1 1 10 
117 0 93.7359 91.4894 0 129.693 11.162 63.977 60.1 100 9 10.7 1 1.1 1 10 
118 0 93.7359 91.4894 0 130.871 11.221 64.119 60.15 100 9 10.7 1 1.1 1 10 
119 0 93.9775 91.8296 0 131.374 11.2432 64.202 60.3 100 9 12.3 1 1 1 10 
120 0 93.9775 91.8296 0 132.426 11.2954 64.311 60.4 100 9 12.3 1 1 1 10 
121 0 93.9775 91.8296 0 132.833 11.3069 64.439 60.5 100 9 12.3 1 1 1 10 
122 0 93.9775 91.8296 0 133.706 11.3521 64.529 60.55 100 9 12.3 1 1 1 10 
123 0 93.9775 91.8296 0 134.351 11.392 64.61 60.65 100 9 12.3 1 1 1 10 
124 0 94.0258 91.8689 0 134.498 11.3948 64.734 60.9 100 9 11.8 1 1 1 10 
125 0 94.0258 91.8689 0 134.611 11.395 64.849 60.95 100 9 11.8 1 1 1 10 
126 0 94.0258 91.872 0 134.515 11.3912 64.955 61.05 100 9 11.9 1 1 1 10 
127 0 94.0258 91.872 0 135.369 11.4305 65.066 61.35 100 9 11.9 1 1 1 10 
128 0 94.3961 92.4668 0 134.902 11.414 65.121 61.5 100 9 11.6 1 1.1 1 10 
129 0 94.3961 92.4668 0 134.832 11.4084 65.281 61.9 100 9 11.6 1 1.1 1 10 
130 0 94.3961 92.4668 0 134.511 11.4 65.407 62.2 100 9 11.6 1 1.1 1 10 
131 0 94.3961 92.4668 0 133.707 11.3639 65.568 62.6 100 9 11.6 1 1.1 1 10 
132 0 94.3961 92.4668 0 134.047 11.3734 65.73 62.75 100 9 11.6 1 1.1 1 10 
133 0 94.3639 92.4168 0 134.168 11.3819 65.759 62.85 100 9 10.3 1 1.1 1 10 
