# Created by main.cpp, 2016-06-26.14:45:43
# name: results
# type: matrix
# rows: 150
# columns: 26
1 1.36197 36.8803 21.4741 7.2275 2.155 0.2155 0 100 4 5.55 3 1 1 -1 0 0 36.9231 21.8342 6.94191e-310 21.7633 1 65.1667 56.2513 4.29497e+09 20 
2 1.28932 39.0171 24.0083 14.472 3.12226 0.4355 0 100 4 6.3 3 1 1 -1 0 0 40 24.4665 6.94191e-310 24.1071 2 65.1667 56.2513 4.29497e+09 20 
3 1.31325 39.5726 24.7768 17.2404 3.58714 0.5945 0 100 4 7.15 3 1 1 -1 0 0 41.1538 24.8914 6.94191e-310 24.7287 3 65.1667 56.2513 4.29497e+09 20 
4 1.30299 40.4701 26.1538 20.4897 4.0571 0.7655 0 100 4 6.5 3 1 1 -1 0 0 43.0769 27.3907 6.94191e-310 25.8008 4 65.1667 56.2513 4.29497e+09 20 
5 1.28419 40.4274 27.2806 23.6588 4.46684 0.946 0 100 4 6.75 3 1 1 -1 0 0 42.6923 27.7568 6.94191e-310 27.1906 5 65.1667 56.2513 4.29497e+09 20 
6 1.28419 40.4274 27.2806 25.9531 4.73583 1.0995 0 100 4 6.65 3 1 1 -1 0 0 42.6923 27.7568 6.94191e-310 27.1906 6 65.1667 56.2513 4.29497e+09 20 
7 1.1688 43.2479 30.7185 30.5077 5.21105 1.2925 0 100 4 6.6 3 1 1 -1 0 0 45 30.8431 6.94191e-310 30.5686 7 65.1667 56.2513 4.29497e+09 20 
8 1.11538 43.9744 31.7189 33.33 5.48914 1.4585 0 100 4 6.45 3 1 1 -1 0 0 45.7692 31.9036 6.94191e-310 31.4162 8 65.1667 56.2513 4.29497e+09 20 
9 1.1312 44.3162 32.1311 35.9962 5.73663 1.629 0 100 4 6.6 3 1 1 -1 0 0 45.7692 31.348 6.94191e-310 31.8453 9 65.1667 56.2513 4.29497e+09 20 
10 1.08333 44.4872 32.5937 38.6432 5.96996 1.792 0 100 4 6.75 3 1 1 -1 0 0 45.7692 31.7237 6.94191e-310 32.8425 10 65.1667 56.2513 4.29497e+09 20 
11 1.01838 45.8547 33.5728 41.9376 6.24744 1.97 0 100 4 6.75 3 1 1 -1 0 0 47.3077 33.3807 6.94191e-310 33.8262 11 65.1667 56.2513 4.29497e+09 20 
12 1.00812 46.3675 34.2183 44.358 6.45019 2.1365 0 100 4 6.95 3 1 1 -1 0 0 47.3077 33.7357 6.94191e-310 34.4515 12 65.1667 56.2513 4.29497e+09 20 
13 0.995299 47.3932 34.8891 47.7967 6.70201 2.3265 0 100 4 7 3 1 1 -1 0 0 48.4615 34.6058 6.94191e-310 34.698 13 65.1667 56.2513 4.29497e+09 20 
14 0.93547 48.8889 36.7021 50.9564 6.94582 2.5095 0 100 4 7 3 1 1 -1 0 0 49.6154 36.1243 6.94191e-310 36.5391 14 65.1667 56.2513 4.29497e+09 20 
15 0.93547 48.8889 36.7021 53.2933 7.11653 2.686 0 100 4 7.45 3 1 1 -1 0 0 49.6154 36.1243 6.94191e-310 36.5391 15 65.1667 56.2513 4.29497e+09 20 
16 0.936325 49.188 37.2166 55.3258 7.2644 2.8535 0 100 4 7.3 3 1 1 -1 0 0 49.6154 36.0753 6.94191e-310 36.8185 16 65.1667 56.2513 4.29497e+09 20 
17 0.936325 49.188 37.2166 58.1922 7.43777 3.04 0 100 4 7.2 3 1 1 -1 0 0 49.6154 36.0753 6.94191e-310 36.8185 17 65.1667 56.2513 4.29497e+09 20 
18 0.870085 50.812 39.1354 62.0997 7.70009 3.229 0 100 4 7.5 3 1 1 -1 0 0 51.1538 37.9272 6.94191e-310 38.8617 18 65.1667 56.2513 4.29497e+09 20 
19 0.823932 51.9658 40.2081 65.1928 7.89893 3.4185 0 100 4 6.7 3 1 1 -1 0 0 52.6923 39.7285 6.94191e-310 39.7942 19 65.1667 56.2513 4.29497e+09 20 
20 0.745726 56.3248 45.3912 72.9184 8.35939 3.6555 0 100 4 7.3 3 1 1 -1 0 0 56.5385 44.2496 6.94191e-310 44.9532 20 65.1667 56.2513 4.29497e+09 20 
21 0.656838 58.547 48.116 76.2201 8.57318 3.8385 0 100 4 6.75 3 1 1 -1 0 0 59.2308 47.5862 6.94191e-310 48.2951 21 65.1667 56.2513 4.29497e+09 20 
22 0.539744 60.2564 50.4285 79.1308 8.76025 4.0225 0 100 4 6.9 3 1 1 -1 0 0 60.7692 50.0575 6.94191e-310 50.7684 22 65.1667 56.2513 4.29497e+09 20 
23 0.539744 60.2564 50.4285 80.8421 8.85986 4.1955 0 100 4 6.9 3 1 1 -1 0 0 60.7692 50.0575 6.94191e-310 50.7684 23 65.1667 56.2513 4.29497e+09 20 
24 0.538034 60.5556 50.6927 84.8543 9.08551 4.4055 0 100 4 6.65 3 1 1 -1 0 0 61.9231 50.9753 6.94191e-310 51.053 24 65.1667 56.2513 4.29497e+09 20 
25 0.487607 61.7521 51.8711 89.8392 9.34227 4.6255 0 100 4 6.35 3 1 1 -1 0 0 63.0769 52.7035 6.94191e-310 51.9721 25 65.1667 56.2513 4.29497e+09 20 
26 0.456838 62.5214 52.5114 92.1918 9.47137 4.795 0 100 4 6.2 3 1 1 -1 0 0 63.4615 52.9416 6.94191e-310 52.2648 26 65.1667 56.2513 4.29497e+09 20 
27 0.481624 63.1197 53.1687 95.5633 9.62935 4.9955 0 100 4 6.3 3 1 1 -1 0 0 64.2308 53.5489 6.94191e-310 52.9885 27 65.1667 56.2513 4.29497e+09 20 
28 0.481624 63.1197 53.1687 96.6518 9.68926 5.1495 0 100 4 6.3 3 1 1 -1 0 0 64.2308 53.5489 6.94191e-310 52.9885 28 65.1667 56.2513 4.29497e+09 20 
29 0.481624 63.1197 53.1687 98.7051 9.79157 5.3275 0 100 4 6.3 3 1 1 -1 0 0 64.2308 53.5489 6.94191e-310 52.9885 29 65.1667 56.2513 4.29497e+09 20 
30 0.481624 63.1197 53.1687 100.709 9.8929 5.4985 0 100 4 6.3 3 1 1 -1 0 0 64.2308 53.5489 6.94191e-310 52.9885 30 65.1667 56.2513 4.29497e+09 20 
31 0.470085 64.2735 54.2177 104.373 10.08 5.706 0 100 4 6.35 3 1 1 -1 0 0 65.7692 54.7812 6.94191e-310 54.1051 31 65.1667 56.2513 4.29497e+09 20 
32 0.470085 64.2735 54.2177 105.567 10.1406 5.8755 0 100 4 6.35 3 1 1 -1 0 0 65.7692 54.7812 6.94191e-310 54.1051 32 65.1667 56.2513 4.29497e+09 20 
33 0.405128 66.0256 55.8749 109.691 10.3314 6.09 0 100 4 6.6 3 1 1 -1 0 0 67.6923 56.5191 6.94191e-310 55.5624 33 65.1667 56.2513 4.29497e+09 20 
34 0.396154 66.4103 56.0777 113.028 10.4925 6.298 0 100 4 6.7 3 1 1 -1 0 0 68.4615 57.1519 6.94191e-310 55.625 34 65.1667 56.2513 4.29497e+09 20 
35 0.396154 66.4103 56.0777 114.348 10.5563 6.484 0 100 4 6.7 3 1 1 -1 0 0 68.4615 57.1519 6.94191e-310 55.625 35 65.1667 56.2513 4.29497e+09 20 
36 0.355128 67.4359 56.9841 116.151 10.6524 6.6625 0 100 4 6.6 3 1 1 -1 0 0 69.2308 57.7769 6.94191e-310 56.3734 36 65.1667 56.2513 4.29497e+09 20 
37 0.355128 67.4359 56.9841 117.327 10.7111 6.8125 0 100 4 6.6 3 1 1 -1 0 0 69.2308 57.7769 6.94191e-310 56.3734 37 65.1667 56.2513 4.29497e+09 20 
38 0.355128 67.4359 56.9841 118.134 10.7481 6.9665 0 100 4 6.6 3 1 1 -1 0 0 69.2308 57.7769 6.94191e-310 56.3734 38 65.1667 56.2513 4.29497e+09 20 
39 0.355128 67.4359 56.9841 119.449 10.8114 7.138 0 100 4 6.6 3 1 1 -1 0 0 69.2308 57.7769 6.94191e-310 56.3734 39 65.1667 56.2513 4.29497e+09 20 
40 0.355128 67.4359 56.9841 119.682 10.8229 7.2765 0 100 4 6.6 3 1 1 -1 0 0 69.2308 57.7769 6.94191e-310 56.3734 40 65.1667 56.2513 4.29497e+09 20 
41 0.35641 67.5641 57.0806 123.038 10.9724 7.4915 0 100 4 7 3 1 1 -1 0 0 70 58.3193 6.94191e-310 56.5249 41 65.1667 56.2513 4.29497e+09 20 
42 0.35641 67.5641 57.0806 123.338 10.9869 7.621 0 100 4 7 3 1 1 -1 0 0 70 58.3193 6.94191e-310 56.5249 42 65.1667 56.2513 4.29497e+09 20 
43 0.35641 67.5641 57.0806 123.864 11.0063 7.7655 0 100 4 7 3 1 1 -1 0 0 70 58.3193 6.94191e-310 56.5249 43 65.1667 56.2513 4.29497e+09 20 
44 0.35641 67.5641 57.0806 124.034 11.0157 7.909 0 100 4 7 3 1 1 -1 0 0 70 58.3193 6.94191e-310 56.5249 44 65.1667 56.2513 4.29497e+09 20 
45 0.35641 67.5641 57.0806 124.785 11.0477 8.0745 0 100 4 7 3 1 1 -1 0 0 70 58.3193 6.94191e-310 56.5249 45 65.1667 56.2513 4.29497e+09 20 
46 0.35641 67.5641 57.0806 124.998 11.0584 8.2305 0 100 4 7 3 1 1 -1 0 0 70 58.3193 6.94191e-310 56.5249 46 65.1667 56.2513 4.29497e+09 20 
47 0.35641 67.5641 57.0806 125.348 11.0766 8.383 0 100 4 7 3 1 1 -1 0 0 70 58.3193 6.94191e-310 56.5249 47 65.1667 56.2513 4.29497e+09 20 
48 0.352991 67.6496 57.1341 126.68 11.1352 8.5535 0 100 4 7 3 1 1 -1 0 0 70 58.2399 6.94191e-310 56.5657 48 65.1667 56.2513 4.29497e+09 20 
49 0.352991 67.6496 57.1341 128.232 11.2082 8.735 0 100 4 7 3 1 1 -1 0 0 70 58.2399 6.94191e-310 56.5657 49 65.1667 56.2513 4.29497e+09 20 
50 0.352991 67.6496 57.1341 128.203 11.2074 8.8885 0.05 100 4 7 3 1 1 -1 0 0 70 58.2399 6.94191e-310 56.5657 50 65.1667 56.2513 4.29497e+09 20 
51 0.352991 67.6496 57.1341 129.101 11.245 9.0515 0.675 100 4 7 3 1 1 -1 0 0 70 58.2399 6.94191e-310 56.5657 51 65.1667 56.2513 4.29497e+09 20 
52 0.352137 67.735 57.1725 129.877 11.2767 9.212 2.15 100 4 6.7 3 1 1 -1 0 0 70.3846 58.5429 6.94191e-310 56.4433 52 65.1667 56.2513 4.29497e+09 20 
53 0.345299 67.906 57.3337 130.398 11.3049 9.3855 3.6 100 4 6.95 3 1 1 -1 0 0 70 58.2056 6.94191e-310 55.9456 53 65.1667 56.2513 4.29497e+09 20 
54 0.345299 67.906 57.3337 131.203 11.3433 9.5695 6.45 100 4 6.95 3 1 1 -1 0 0 70 58.2056 6.94191e-310 55.9456 54 65.1667 56.2513 4.29497e+09 20 
