# Created by main.cpp, 2016-06-29.10:15:13
# name: results
# type: matrix
# rows: 150
# columns: 16
1 0 32.4786 16.3441 1.59829 30 15.3846 1.9 38.4615 18.5185 1.53846 2.56 0.16 100 10 1 
2 0 36.7521 17.9167 0.632479 30 15.3846 0.7 30.7692 15.6863 0.692308 5.74182 0.34 100 3 1 
3 0 36.7521 17.9167 0.632479 30 15.3846 0.7 30.7692 15.6863 0.692308 8.19192 0.5 100 3 1 
4 0 36.7521 17.9167 0.632479 30 15.3846 0.7 30.7692 15.6863 0.692308 8.21172 0.52 100 3 1 
5 0 36.7521 17.9167 0.632479 30 15.3846 0.7 30.7692 15.6863 0.692308 10.6036 0.68 100 3 1 
6 0 32.4786 22.8454 0.675214 40 22.8571 0.8 30.7692 22.2222 0.692308 15.5777 0.91 100 10 1 
7 0 32.4786 22.8454 0.675214 40 22.8571 0.8 30.7692 22.2222 0.692308 17.8435 1.07 100 10 1 
8 0 36.7521 23.4973 1.60684 30 20 1.6 30.7692 22.2222 1.84615 22.6364 1.3 100 5 1 
9 0 36.7521 23.4973 1.60684 30 20 1.6 30.7692 22.2222 1.84615 25.4036 1.48 100 5 1 
10 0 36.7521 23.4973 1.60684 30 20 1.6 30.7692 22.2222 1.84615 27.7854 1.65 100 5 1 
11 0 63.2479 52.3725 0.367521 70 54.6584 0.3 69.2308 55.2707 0.307692 53.092 2.17 100 5 1 
12 0 63.2479 52.3725 0.367521 70 54.6584 0.3 69.2308 55.2707 0.307692 54.9506 2.33 100 5 1 
13 0 63.2479 52.3725 0.367521 70 54.6584 0.3 69.2308 55.2707 0.307692 56.7575 2.49 100 5 1 
14 0 63.2479 52.3725 0.367521 70 54.6584 0.3 69.2308 55.2707 0.307692 58.5126 2.65 100 5 1 
15 0 65.812 53.7006 0.34188 53.3333 46.6667 0.466667 69.2308 55.5556 0.307692 84.7817 3.19 100 3 1 
16 0 65.812 53.7006 0.34188 53.3333 46.6667 0.466667 69.2308 55.5556 0.307692 88.2039 3.41 100 3 1 
17 0 65.812 53.7006 0.34188 53.3333 46.6667 0.466667 69.2308 55.5556 0.307692 89.6617 3.57 100 3 1 
18 0 65.812 53.7006 0.34188 53.3333 46.6667 0.466667 69.2308 55.5556 0.307692 91.6035 3.75 100 3 1 
19 0 65.812 53.7006 0.34188 53.3333 46.6667 0.466667 69.2308 55.5556 0.307692 92.9514 3.91 100 3 1 
20 0 65.812 53.7006 0.34188 53.3333 46.6667 0.466667 69.2308 55.5556 0.307692 94.2476 4.07 100 3 1 
21 0 65.812 53.7006 0.34188 53.3333 46.6667 0.466667 69.2308 55.5556 0.307692 96.0076 4.25 100 3 1 
22 0 65.812 53.7006 0.34188 53.3333 46.6667 0.466667 69.2308 55.5556 0.307692 97.1938 4.41 100 3 1 
23 0 65.812 53.7006 0.34188 53.3333 46.6667 0.466667 69.2308 55.5556 0.307692 106.947 4.77 100 3 1 
24 0 65.812 53.7006 0.34188 53.3333 46.6667 0.466667 69.2308 55.5556 0.307692 107.965 4.93 100 3 1 
25 0 65.812 53.7006 0.34188 53.3333 46.6667 0.466667 69.2308 55.5556 0.307692 109.412 5.11 100 3 1 
26 0 65.812 53.7006 0.34188 53.3333 46.6667 0.466667 69.2308 55.5556 0.307692 110.32 5.27 100 3 1 
27 0 65.812 53.7006 0.34188 53.3333 46.6667 0.466667 69.2308 55.5556 0.307692 110.32 5.27 100 3 1 
28 0 65.812 53.7006 0.34188 53.3333 46.6667 0.466667 69.2308 55.5556 0.307692 110.32 5.27 100 3 1 
29 0 65.812 53.7006 0.34188 53.3333 46.6667 0.466667 69.2308 55.5556 0.307692 111.177 5.43 100 3 1 
30 0 65.812 53.7006 0.34188 53.3333 46.6667 0.466667 69.2308 55.5556 0.307692 112.442 5.61 100 3 1 
31 0 65.812 53.7006 0.34188 53.3333 46.6667 0.466667 69.2308 55.5556 0.307692 134.526 6.14 100 3 1 
32 0 65.812 53.7006 0.34188 53.3333 46.6667 0.466667 69.2308 55.5556 0.307692 134.526 6.14 100 3 1 
33 0 65.812 53.7006 0.34188 53.3333 46.6667 0.466667 69.2308 55.5556 0.307692 135.101 6.3 100 3 1 
34 0 65.812 53.7006 0.34188 53.3333 46.6667 0.466667 69.2308 55.5556 0.307692 135.101 6.3 100 3 1 
35 0 65.812 53.7006 0.34188 53.3333 46.6667 0.466667 69.2308 55.5556 0.307692 134.7 6.37 100 3 1 
36 0 65.812 53.7006 0.34188 53.3333 46.6667 0.466667 69.2308 55.5556 0.307692 135.624 6.55 100 3 1 
37 0 65.812 53.7006 0.34188 53.3333 46.6667 0.466667 69.2308 55.5556 0.307692 137.87 6.78 100 3 1 
38 0 65.812 53.7006 0.34188 53.3333 46.6667 0.466667 69.2308 55.5556 0.307692 138.239 6.94 100 3 1 
39 0 65.812 53.7006 0.34188 53.3333 46.6667 0.466667 69.2308 55.5556 0.307692 138.556 7.1 100 3 1 
40 0 65.812 53.7006 0.34188 53.3333 46.6667 0.466667 69.2308 55.5556 0.307692 139.687 7.3 100 3 1 
41 0 65.812 53.7006 0.34188 53.3333 46.6667 0.466667 69.2308 55.5556 0.307692 139.887 7.46 100 3 1 
42 0 65.812 53.7006 0.34188 53.3333 46.6667 0.466667 69.2308 55.5556 0.307692 140.036 7.62 100 3 1 
43 0 65.812 53.7006 0.34188 53.3333 46.6667 0.466667 69.2308 55.5556 0.307692 141.785 7.85 100 3 1 
44 0 65.812 53.7006 0.34188 53.3333 46.6667 0.466667 69.2308 55.5556 0.307692 141.808 8.01 100 3 1 
45 0 65.812 53.7006 0.34188 53.3333 46.6667 0.466667 69.2308 55.5556 0.307692 141.779 8.17 100 3 1 
46 0 65.812 53.7006 0.34188 53.3333 46.6667 0.466667 69.2308 55.5556 0.307692 141.698 8.33 100 3 1 
47 0 65.812 53.7006 0.34188 53.3333 46.6667 0.466667 69.2308 55.5556 0.307692 141.566 8.49 100 3 1 
48 0 65.812 53.7006 0.34188 53.3333 46.6667 0.466667 69.2308 55.5556 0.307692 141.718 8.67 100 3 1 
49 0 65.812 53.7006 0.34188 53.3333 46.6667 0.466667 69.2308 55.5556 0.307692 141.476 8.83 100 3 1 
50 0 65.812 53.7006 0.34188 53.3333 46.6667 0.466667 69.2308 55.5556 0.307692 141.505 9.01 100 3 1 
51 0 65.812 53.7006 0.34188 53.3333 46.6667 0.466667 69.2308 55.5556 0.307692 141.469 9.19 100 3 1 
52 0 65.812 53.7006 0.34188 53.3333 46.6667 0.466667 69.2308 55.5556 0.307692 140.681 9.31 100 3 1 
53 0 65.812 53.7006 0.34188 53.3333 46.6667 0.466667 69.2308 55.5556 0.307692 140.535 9.49 100 3 1 
54 0 65.812 53.7006 0.34188 53.3333 46.6667 0.466667 69.2308 55.5556 0.307692 140.028 9.65 100 3 1 
55 0 65.812 53.7006 0.34188 53.3333 46.6667 0.466667 69.2308 55.5556 0.307692 139.469 9.81 100 3 1 
56 0 65.812 53.7006 0.34188 53.3333 46.6667 0.466667 69.2308 55.5556 0.307692 138.858 9.97 100 3 1 
57 0 65.812 53.7006 0.34188 53.3333 46.6667 0.466667 69.2308 55.5556 0.307692 138.195 10.13 100 3 1 
58 0 65.812 53.7006 0.34188 53.3333 46.6667 0.466667 69.2308 55.5556 0.307692 137.481 10.29 100 3 1 
59 0 65.812 53.7006 0.34188 53.3333 46.6667 0.466667 69.2308 55.5556 0.307692 136.979 10.47 100 3 1 
60 0 65.812 53.7006 0.34188 53.3333 46.6667 0.466667 69.2308 55.5556 0.307692 136.155 10.63 100 3 1 
61 0 65.812 53.7006 0.34188 53.3333 46.6667 0.466667 69.2308 55.5556 0.307692 135.529 10.81 100 3 1 
62 0 65.812 53.7006 0.34188 53.3333 46.6667 0.466667 69.2308 55.5556 0.307692 134.595 10.97 100 3 1 
63 0 65.812 53.7006 0.34188 53.3333 46.6667 0.466667 69.2308 55.5556 0.307692 133.846 11.15 100 3 1 
64 0 65.812 53.7006 0.34188 53.3333 46.6667 0.466667 69.2308 55.5556 0.307692 132.802 11.31 100 3 1 
65 0 65.812 53.7006 0.34188 53.3333 46.6667 0.466667 69.2308 55.5556 0.307692 131.706 11.47 100 3 1 
66 0 65.812 53.7006 0.34188 53.3333 46.6667 0.466667 69.2308 55.5556 0.307692 131.706 11.47 100 3 1 
67 0 65.812 53.7006 0.34188 53.3333 46.6667 0.466667 69.2308 55.5556 0.307692 130.559 11.63 100 3 1 
68 0 65.812 53.7006 0.34188 53.3333 46.6667 0.466667 69.2308 55.5556 0.307692 129.359 11.79 100 3 1 
69 0 65.812 53.7006 0.34188 53.3333 46.6667 0.466667 69.2308 55.5556 0.307692 128.109 11.95 100 3 1 
70 0 65.812 53.7006 0.34188 53.3333 46.6667 0.466667 69.2308 55.5556 0.307692 126.806 12.11 100 3 1 
71 0 65.812 53.7006 0.34188 53.3333 46.6667 0.466667 69.2308 55.5556 0.307692 125.913 12.31 100 3 1 
72 0 65.812 53.7006 0.34188 53.3333 46.6667 0.466667 69.2308 55.5556 0.307692 125.913 12.31 100 3 1 
73 0 65.812 53.7006 0.34188 53.3333 46.6667 0.466667 69.2308 55.5556 0.307692 124.494 12.47 100 3 1 
74 0 65.812 53.7006 0.34188 53.3333 46.6667 0.466667 69.2308 55.5556 0.307692 124.494 12.47 100 3 1 
75 0 65.812 53.7006 0.34188 53.3333 46.6667 0.466667 69.2308 55.5556 0.307692 125.936 12.77 100 3 1 
76 0 65.812 53.7006 0.34188 53.3333 46.6667 0.466667 69.2308 55.5556 0.307692 125.936 12.77 100 3 1 
77 0 65.812 53.7006 0.34188 53.3333 46.6667 0.466667 69.2308 55.5556 0.307692 124.533 12.95 100 3 1 
78 0 65.812 53.7006 0.34188 53.3333 46.6667 0.466667 69.2308 55.5556 0.307692 124.533 12.95 100 3 1 
79 0 65.812 53.7006 0.34188 53.3333 46.6667 0.466667 69.2308 55.5556 0.307692 122.907 13.11 100 3 1 
80 0 65.812 53.7006 0.34188 53.3333 46.6667 0.466667 69.2308 55.5556 0.307692 122.907 13.11 100 3 1 
