# Created by main.cpp, 2016-06-26.14:43:43
# name: results
# type: matrix
# rows: 150
# columns: 25
0 0.264087 58.7222 37.5642 0 0 0 -1 -1 4 1 3 1 1 -1 -1 -1 56.8333 36.7592 58.5 37.8619 0 99.3333 99.1549 20 
1 0.215245 66.6111 41.1125 0 0 0 -1 -1 4 1.25 3 1 1 -1 -1 -1 66.8333 41.3276 66.5 41.4923 1 99.3333 99.1549 20 
2 0.215245 66.6111 41.1125 0 0 0 -1 -1 4 1.25 3 1 1 -1 -1 -1 66.8333 41.3276 66.5 41.4923 2 99.3333 99.1549 20 
3 0.215245 66.6111 41.1125 0 0 0 -1 -1 4 1.25 3 1 1 -1 -1 -1 66.8333 41.3276 66.5 41.4923 3 99.3333 99.1549 20 
4 0.195349 70.2222 48.206 0 0 0 -1 -1 4 1.35 3 1 1 -1 -1 -1 69.3333 46.9509 69 46.4947 4 99.3333 99.1549 20 
5 0.103955 87.1667 78.2019 0 0 0 -1 -1 4 1.75 3 1 1 -1 -1 -1 83.3333 74.5842 84 73.5146 5 99.3333 99.1549 20 
6 0.093063 90.0556 82.6953 0 0 0 -1 -1 4 1.8 3 1 1 -1 -1 -1 87.5 82.0829 88.1667 81.0701 6 99.3333 99.1549 20 
7 0.089984 91.5 85.5697 0 0 0 -1 -1 4 1.8 3 1 1 -1 -1 -1 89.5 85.2154 90.6667 84.9836 7 99.3333 99.1549 20 
8 0.0661757 94.1667 91.2504 0 0 0 -1 -1 4 1.9 3 1 1 -1 -1 -1 93.8333 91.3337 93.6667 90.4474 8 99.3333 99.1549 20 
9 0.0556246 95.4444 93.9566 0 0 0 -1 -1 4 1.95 3 1 1 -1 -1 -1 96.6667 95.2817 95.8333 94.1828 9 99.3333 99.1549 20 
10 0.0548683 97.2222 95.7423 0 0 0 -1 -1 4 1.95 3 1 1 -1 -1 -1 98.1667 96.8316 97.1667 95.5393 10 99.3333 99.1549 20 
11 0.0421635 98.9444 98.8227 0 0 0 -1 -1 4 2 3 1 1 -1 -1 -1 99.3333 99.1477 99.1667 98.9623 11 99.3333 99.1549 20 
12 0.0419539 98.8333 98.7026 0 0 0 -1 -1 4 2 3 1 1 -1 -1 -1 99.8333 99.8168 99.3333 99.1549 12 99.3333 99.1549 20 
13 0.0419539 98.8333 98.7026 0 0 0 -1 -1 4 2 3 1 1 -1 -1 -1 99.8333 99.8168 99.3333 99.1549 13 99.3333 99.1549 20 
14 0.0419539 98.8333 98.7026 0 0 0 -1 -1 4 2 3 1 1 -1 -1 -1 99.8333 99.8168 99.3333 99.1549 14 99.3333 99.1549 20 
15 0.0419539 98.8333 98.7026 0 0 0 -1 -1 4 2 3 1 1 -1 -1 -1 99.8333 99.8168 99.3333 99.1549 15 99.3333 99.1549 20 
16 0.0419539 98.8333 98.7026 0 0 0 -1 -1 4 2 3 1 1 -1 -1 -1 99.8333 99.8168 99.3333 99.1549 16 99.3333 99.1549 20 
17 0.0419539 98.8333 98.7026 0 0 0 -1 -1 4 2 3 1 1 -1 -1 -1 99.8333 99.8168 99.3333 99.1549 17 99.3333 99.1549 20 
18 0.0419539 98.8333 98.7026 0 0 0 -1 -1 4 2 3 1 1 -1 -1 -1 99.8333 99.8168 99.3333 99.1549 18 99.3333 99.1549 20 
19 0.041852 98.8889 98.7628 0 0 0 -1 -1 4 2 3 1 1 -1 -1 -1 100 100 99.3333 99.1549 19 99.3333 99.1549 20 
20 0.041852 98.8889 98.7628 0 0 0 -1 -1 4 2 3 1 1 -1 -1 -1 100 100 99.3333 99.1549 20 99.3333 99.1549 20 
21 0.041852 98.8889 98.7628 0 0 0 -1 -1 4 2 3 1 1 -1 -1 -1 100 100 99.3333 99.1549 21 99.3333 99.1549 20 
22 0.041852 98.8889 98.7628 0 0 0 -1 -1 4 2 3 1 1 -1 -1 -1 100 100 99.3333 99.1549 22 99.3333 99.1549 20 
23 0.041852 98.8889 98.7628 0 0 0 -1 -1 4 2 3 1 1 -1 -1 -1 100 100 99.3333 99.1549 23 99.3333 99.1549 20 
24 0.041852 98.8889 98.7628 0 0 0 -1 -1 4 2 3 1 1 -1 -1 -1 100 100 99.3333 99.1549 24 99.3333 99.1549 20 
25 0.041852 98.8889 98.7628 0 0 0 -1 -1 4 2 3 1 1 -1 -1 -1 100 100 99.3333 99.1549 25 99.3333 99.1549 20 
26 0.041852 98.8889 98.7628 0 0 0 -1 -1 4 2 3 1 1 -1 -1 -1 100 100 99.3333 99.1549 26 99.3333 99.1549 20 
27 0.041852 98.8889 98.7628 0 0 0 -1 -1 4 2 3 1 1 -1 -1 -1 100 100 99.3333 99.1549 27 99.3333 99.1549 20 
28 0.041852 98.8889 98.7628 0 0 0 -1 -1 4 2 3 1 1 -1 -1 -1 100 100 99.3333 99.1549 28 99.3333 99.1549 20 
29 0.041852 98.8889 98.7628 0 0 0 -1 -1 4 2 3 1 1 -1 -1 -1 100 100 99.3333 99.1549 29 99.3333 99.1549 20 
30 0.041852 98.8889 98.7628 0 0 0 -1 -1 4 2 3 1 1 -1 -1 -1 100 100 99.3333 99.1549 30 99.3333 99.1549 20 
31 0.041852 98.8889 98.7628 0 0 0 -1 -1 4 2 3 1 1 -1 -1 -1 100 100 99.3333 99.1549 31 99.3333 99.1549 20 
32 0.041852 98.8889 98.7628 0 0 0 -1 -1 4 2 3 1 1 -1 -1 -1 100 100 99.3333 99.1549 32 99.3333 99.1549 20 
33 0.041852 98.8889 98.7628 0 0 0 -1 -1 4 2 3 1 1 -1 -1 -1 100 100 99.3333 99.1549 33 99.3333 99.1549 20 
34 0.041852 98.8889 98.7628 0 0 0 -1 -1 4 2 3 1 1 -1 -1 -1 100 100 99.3333 99.1549 34 99.3333 99.1549 20 
35 0.041852 98.8889 98.7628 0 0 0 -1 -1 4 2 3 1 1 -1 -1 -1 100 100 99.3333 99.1549 35 99.3333 99.1549 20 
36 0.041852 98.8889 98.7628 0 0 0 -1 -1 4 2 3 1 1 -1 -1 -1 100 100 99.3333 99.1549 36 99.3333 99.1549 20 
37 0.041852 98.8889 98.7628 0 0 0 -1 -1 4 2 3 1 1 -1 -1 -1 100 100 99.3333 99.1549 37 99.3333 99.1549 20 
38 0.041852 98.8889 98.7628 0 0 0 -1 -1 4 2 3 1 1 -1 -1 -1 100 100 99.3333 99.1549 38 99.3333 99.1549 20 
39 0.041852 98.8889 98.7628 0 0 0 -1 -1 4 2 3 1 1 -1 -1 -1 100 100 99.3333 99.1549 39 99.3333 99.1549 20 
40 0.041852 98.8889 98.7628 0 0 0 -1 -1 4 2 3 1 1 -1 -1 -1 100 100 99.3333 99.1549 40 99.3333 99.1549 20 
41 0.041852 98.8889 98.7628 0 0 0 -1 -1 4 2 3 1 1 -1 -1 -1 100 100 99.3333 99.1549 41 99.3333 99.1549 20 
42 0.041852 98.8889 98.7628 0 0 0 -1 -1 4 2 3 1 1 -1 -1 -1 100 100 99.3333 99.1549 42 99.3333 99.1549 20 
43 0.041852 98.8889 98.7628 0 0 0 -1 -1 4 2 3 1 1 -1 -1 -1 100 100 99.3333 99.1549 43 99.3333 99.1549 20 
44 0.041852 98.8889 98.7628 0 0 0 -1 -1 4 2 3 1 1 -1 -1 -1 100 100 99.3333 99.1549 44 99.3333 99.1549 20 
45 0.041852 98.8889 98.7628 0 0 0 -1 -1 4 2 3 1 1 -1 -1 -1 100 100 99.3333 99.1549 45 99.3333 99.1549 20 
46 0.041852 98.8889 98.7628 0 0 0 -1 -1 4 2 3 1 1 -1 -1 -1 100 100 99.3333 99.1549 46 99.3333 99.1549 20 
47 0.041852 98.8889 98.7628 0 0 0 -1 -1 4 2 3 1 1 -1 -1 -1 100 100 99.3333 99.1549 47 99.3333 99.1549 20 
48 0.041852 98.8889 98.7628 0 0 0 -1 -1 4 2 3 1 1 -1 -1 -1 100 100 99.3333 99.1549 48 99.3333 99.1549 20 
49 0.041852 98.8889 98.7628 0 0 0 -1 -1 4 2 3 1 1 -1 -1 -1 100 100 99.3333 99.1549 49 99.3333 99.1549 20 
50 0.041852 98.8889 98.7628 0 0 0 -1 -1 4 2 3 1 1 -1 -1 -1 100 100 99.3333 99.1549 50 99.3333 99.1549 20 
51 0.041852 98.8889 98.7628 0 0 0 -1 -1 4 2 3 1 1 -1 -1 -1 100 100 99.3333 99.1549 51 99.3333 99.1549 20 
52 0.041852 98.8889 98.7628 0 0 0 -1 -1 4 2 3 1 1 -1 -1 -1 100 100 99.3333 99.1549 52 99.3333 99.1549 20 
53 0.041852 98.8889 98.7628 0 0 0 -1 -1 4 2 3 1 1 -1 -1 -1 100 100 99.3333 99.1549 53 99.3333 99.1549 20 
54 0.041852 98.8889 98.7628 0 0 0 -1 -1 4 2 3 1 1 -1 -1 -1 100 100 99.3333 99.1549 54 99.3333 99.1549 20 
55 0.041852 98.8889 98.7628 0 0 0 -1 -1 4 2 3 1 1 -1 -1 -1 100 100 99.3333 99.1549 55 99.3333 99.1549 20 
56 0.041852 98.8889 98.7628 0 0 0 -1 -1 4 2 3 1 1 -1 -1 -1 100 100 99.3333 99.1549 56 99.3333 99.1549 20 
57 0.041852 98.8889 98.7628 0 0 0 -1 -1 4 2 3 1 1 -1 -1 -1 100 100 99.3333 99.1549 57 99.3333 99.1549 20 
58 0.041852 98.8889 98.7628 0 0 0 -1 -1 4 2 3 1 1 -1 -1 -1 100 100 99.3333 99.1549 58 99.3333 99.1549 20 
59 0.041852 98.8889 98.7628 0 0 0 -1 -1 4 2 3 1 1 -1 -1 -1 100 100 99.3333 99.1549 59 99.3333 99.1549 20 
60 0.041852 98.8889 98.7628 0 0 0 -1 -1 4 2 3 1 1 -1 -1 -1 100 100 99.3333 99.1549 60 99.3333 99.1549 20 
61 0.041852 98.8889 98.7628 0 0 0 -1 -1 4 2 3 1 1 -1 -1 -1 100 100 99.3333 99.1549 61 99.3333 99.1549 20 
62 0.041852 98.8889 98.7628 0 0 0 -1 -1 4 2 3 1 1 -1 -1 -1 100 100 99.3333 99.1549 62 99.3333 99.1549 20 
63 0.041852 98.8889 98.7628 0 0 0 -1 -1 4 2 3 1 1 -1 -1 -1 100 100 99.3333 99.1549 63 99.3333 99.1549 20 
64 0.041852 98.8889 98.7628 0 0 0 -1 -1 4 2 3 1 1 -1 -1 -1 100 100 99.3333 99.1549 64 99.3333 99.1549 20 
65 0.041852 98.8889 98.7628 0 0 0 -1 -1 4 2 3 1 1 -1 -1 -1 100 100 99.3333 99.1549 65 99.3333 99.1549 20 
66 0.041852 98.8889 98.7628 0 0 0 -1 -1 4 2 3 1 1 -1 -1 -1 100 100 99.3333 99.1549 66 99.3333 99.1549 20 
67 0.041852 98.8889 98.7628 0 0 0 -1 -1 4 2 3 1 1 -1 -1 -1 100 100 99.3333 99.1549 67 99.3333 99.1549 20 
68 0.041852 98.8889 98.7628 0 0 0 -1 -1 4 2 3 1 1 -1 -1 -1 100 100 99.3333 99.1549 68 99.3333 99.1549 20 
69 0.041852 98.8889 98.7628 0 0 0 -1 -1 4 2 3 1 1 -1 -1 -1 100 100 99.3333 99.1549 69 99.3333 99.1549 20 
70 0.041852 98.8889 98.7628 0 0 0 -1 -1 4 2 3 1 1 -1 -1 -1 100 100 99.3333 99.1549 70 99.3333 99.1549 20 
71 0.041852 98.8889 98.7628 0 0 0 -1 -1 4 2 3 1 1 -1 -1 -1 100 100 99.3333 99.1549 71 99.3333 99.1549 20 
72 0.041852 98.8889 98.7628 0 0 0 -1 -1 4 2 3 1 1 -1 -1 -1 100 100 99.3333 99.1549 72 99.3333 99.1549 20 
