# Created by main.cpp, 2016-06-29.10:15:10
# name: results
# type: matrix
# rows: 150
# columns: 25
0 72.2222 41.9355 0.277778 0 0 0 -1 -1 4 1 3 1 1 -1 -1 -1 46.6667 31.8182 0.533333 70 41.1765 0.3 0 1 
1 72.2222 41.9355 0.277778 0 0 0 -1 -1 4 1 3 1 1 -1 -1 -1 46.6667 31.8182 0.533333 70 41.1765 0.3 1 1 
2 72.2222 41.9355 0.277778 0 0 0 -1 -1 4 1 3 1 1 -1 -1 -1 46.6667 31.8182 0.533333 70 41.1765 0.3 2 1 
3 72.2222 41.9355 0.277778 0 0 0 -1 -1 4 1 3 1 1 -1 -1 -1 46.6667 31.8182 0.533333 70 41.1765 0.3 3 1 
4 72.2222 41.9355 0.277778 0 0 0 -1 -1 4 1 3 1 1 -1 -1 -1 46.6667 31.8182 0.533333 70 41.1765 0.3 4 1 
5 72.2222 41.9355 0.277778 0 0 0 -1 -1 4 1 3 1 1 -1 -1 -1 46.6667 31.8182 0.533333 70 41.1765 0.3 5 1 
6 72.2222 41.9355 0.277778 0 0 0 -1 -1 4 1 3 1 1 -1 -1 -1 46.6667 31.8182 0.533333 70 41.1765 0.3 6 1 
7 72.2222 41.9355 0.277778 0 0 0 -1 -1 4 1 3 1 1 -1 -1 -1 46.6667 31.8182 0.533333 70 41.1765 0.3 7 1 
8 72.2222 41.9355 0.277778 0 0 0 -1 -1 4 1 3 1 1 -1 -1 -1 46.6667 31.8182 0.533333 70 41.1765 0.3 8 1 
9 72.2222 41.9355 0.277778 0 0 0 -1 -1 4 1 3 1 1 -1 -1 -1 46.6667 31.8182 0.533333 70 41.1765 0.3 9 1 
10 72.2222 41.9355 0.277778 0 0 0 -1 -1 4 1 3 1 1 -1 -1 -1 46.6667 31.8182 0.533333 70 41.1765 0.3 10 1 
11 72.2222 41.9355 0.277778 0 0 0 -1 -1 4 1 3 1 1 -1 -1 -1 46.6667 31.8182 0.533333 70 41.1765 0.3 11 1 
12 91.1111 87.5776 0.0888889 0 0 0 -1 -1 4 2 3 1 1 -1 -1 -1 63.3333 59.707 0.366667 73.3333 52 0.266667 12 1 
13 97.7778 97.2957 0.0222222 0 0 0 -1 -1 4 2 3 1 1 -1 -1 -1 96.6667 96.663 0.0333333 96.6667 95.896 0.0333333 13 1 
14 97.7778 97.2957 0.0222222 0 0 0 -1 -1 4 2 3 1 1 -1 -1 -1 100 100 0 100 100 0 14 1 
15 97.7778 97.2957 0.0222222 0 0 0 -1 -1 4 2 3 1 1 -1 -1 -1 100 100 0 100 100 0 15 1 
16 97.7778 97.2957 0.0222222 0 0 0 -1 -1 4 2 3 1 1 -1 -1 -1 100 100 0 100 100 0 16 1 
17 97.7778 97.2957 0.0222222 0 0 0 -1 -1 4 2 3 1 1 -1 -1 -1 100 100 0 100 100 0 17 1 
18 97.7778 97.2957 0.0222222 0 0 0 -1 -1 4 2 3 1 1 -1 -1 -1 100 100 0 100 100 0 18 1 
19 97.7778 97.2957 0.0222222 0 0 0 -1 -1 4 2 3 1 1 -1 -1 -1 100 100 0 100 100 0 19 1 
20 97.7778 97.2957 0.0222222 0 0 0 -1 -1 4 2 3 1 1 -1 -1 -1 100 100 0 100 100 0 20 1 
21 97.7778 97.2957 0.0222222 0 0 0 -1 -1 4 2 3 1 1 -1 -1 -1 100 100 0 100 100 0 21 1 
22 97.7778 97.2957 0.0222222 0 0 0 -1 -1 4 2 3 1 1 -1 -1 -1 100 100 0 100 100 0 22 1 
23 97.7778 97.2957 0.0222222 0 0 0 -1 -1 4 2 3 1 1 -1 -1 -1 100 100 0 100 100 0 23 1 
24 97.7778 97.2957 0.0222222 0 0 0 -1 -1 4 2 3 1 1 -1 -1 -1 100 100 0 100 100 0 24 1 
25 97.7778 97.2957 0.0222222 0 0 0 -1 -1 4 2 3 1 1 -1 -1 -1 100 100 0 100 100 0 25 1 
26 97.7778 97.2957 0.0222222 0 0 0 -1 -1 4 2 3 1 1 -1 -1 -1 100 100 0 100 100 0 26 1 
27 97.7778 97.2957 0.0222222 0 0 0 -1 -1 4 2 3 1 1 -1 -1 -1 100 100 0 100 100 0 27 1 
28 97.7778 97.2957 0.0222222 0 0 0 -1 -1 4 2 3 1 1 -1 -1 -1 100 100 0 100 100 0 28 1 
29 97.7778 97.2957 0.0222222 0 0 0 -1 -1 4 2 3 1 1 -1 -1 -1 100 100 0 100 100 0 29 1 
30 97.7778 97.2957 0.0222222 0 0 0 -1 -1 4 2 3 1 1 -1 -1 -1 100 100 0 100 100 0 30 1 
31 97.7778 97.2957 0.0222222 0 0 0 -1 -1 4 2 3 1 1 -1 -1 -1 100 100 0 100 100 0 31 1 
32 97.7778 97.2957 0.0222222 0 0 0 -1 -1 4 2 3 1 1 -1 -1 -1 100 100 0 100 100 0 32 1 
33 97.7778 97.2957 0.0222222 0 0 0 -1 -1 4 2 3 1 1 -1 -1 -1 100 100 0 100 100 0 33 1 
34 97.7778 97.2957 0.0222222 0 0 0 -1 -1 4 2 3 1 1 -1 -1 -1 100 100 0 100 100 0 34 1 
35 97.7778 97.2957 0.0222222 0 0 0 -1 -1 4 2 3 1 1 -1 -1 -1 100 100 0 100 100 0 35 1 
36 97.7778 97.2957 0.0222222 0 0 0 -1 -1 4 2 3 1 1 -1 -1 -1 100 100 0 100 100 0 36 1 
37 97.7778 97.2957 0.0222222 0 0 0 -1 -1 4 2 3 1 1 -1 -1 -1 100 100 0 100 100 0 37 1 
38 97.7778 97.2957 0.0222222 0 0 0 -1 -1 4 2 3 1 1 -1 -1 -1 100 100 0 100 100 0 38 1 
39 97.7778 97.2957 0.0222222 0 0 0 -1 -1 4 2 3 1 1 -1 -1 -1 100 100 0 100 100 0 39 1 
40 97.7778 97.2957 0.0222222 0 0 0 -1 -1 4 2 3 1 1 -1 -1 -1 100 100 0 100 100 0 40 1 
41 97.7778 97.2957 0.0222222 0 0 0 -1 -1 4 2 3 1 1 -1 -1 -1 100 100 0 100 100 0 41 1 
42 97.7778 97.2957 0.0222222 0 0 0 -1 -1 4 2 3 1 1 -1 -1 -1 100 100 0 100 100 0 42 1 
43 97.7778 97.2957 0.0222222 0 0 0 -1 -1 4 2 3 1 1 -1 -1 -1 100 100 0 100 100 0 43 1 
44 97.7778 97.2957 0.0222222 0 0 0 -1 -1 4 2 3 1 1 -1 -1 -1 100 100 0 100 100 0 44 1 
45 97.7778 97.2957 0.0222222 0 0 0 -1 -1 4 2 3 1 1 -1 -1 -1 100 100 0 100 100 0 45 1 
46 97.7778 97.2957 0.0222222 0 0 0 -1 -1 4 2 3 1 1 -1 -1 -1 100 100 0 100 100 0 46 1 
47 97.7778 97.2957 0.0222222 0 0 0 -1 -1 4 2 3 1 1 -1 -1 -1 100 100 0 100 100 0 47 1 
48 97.7778 97.2957 0.0222222 0 0 0 -1 -1 4 2 3 1 1 -1 -1 -1 100 100 0 100 100 0 48 1 
49 97.7778 97.2957 0.0222222 0 0 0 -1 -1 4 2 3 1 1 -1 -1 -1 100 100 0 100 100 0 49 1 
50 97.7778 97.2957 0.0222222 0 0 0 -1 -1 4 2 3 1 1 -1 -1 -1 100 100 0 100 100 0 50 1 
51 97.7778 97.2957 0.0222222 0 0 0 -1 -1 4 2 3 1 1 -1 -1 -1 100 100 0 100 100 0 51 1 
52 97.7778 97.2957 0.0222222 0 0 0 -1 -1 4 2 3 1 1 -1 -1 -1 100 100 0 100 100 0 52 1 
53 97.7778 97.2957 0.0222222 0 0 0 -1 -1 4 2 3 1 1 -1 -1 -1 100 100 0 100 100 0 53 1 
54 97.7778 97.2957 0.0222222 0 0 0 -1 -1 4 2 3 1 1 -1 -1 -1 100 100 0 100 100 0 54 1 
55 97.7778 97.2957 0.0222222 0 0 0 -1 -1 4 2 3 1 1 -1 -1 -1 100 100 0 100 100 0 55 1 
56 97.7778 97.2957 0.0222222 0 0 0 -1 -1 4 2 3 1 1 -1 -1 -1 100 100 0 100 100 0 56 1 
57 97.7778 97.2957 0.0222222 0 0 0 -1 -1 4 2 3 1 1 -1 -1 -1 100 100 0 100 100 0 57 1 
58 97.7778 97.2957 0.0222222 0 0 0 -1 -1 4 2 3 1 1 -1 -1 -1 100 100 0 100 100 0 58 1 
59 97.7778 97.2957 0.0222222 0 0 0 -1 -1 4 2 3 1 1 -1 -1 -1 100 100 0 100 100 0 59 1 
60 97.7778 97.2957 0.0222222 0 0 0 -1 -1 4 2 3 1 1 -1 -1 -1 100 100 0 100 100 0 60 1 
61 97.7778 97.2957 0.0222222 0 0 0 -1 -1 4 2 3 1 1 -1 -1 -1 100 100 0 100 100 0 61 1 
62 97.7778 97.2957 0.0222222 0 0 0 -1 -1 4 2 3 1 1 -1 -1 -1 100 100 0 100 100 0 62 1 
63 97.7778 97.2957 0.0222222 0 0 0 -1 -1 4 2 3 1 1 -1 -1 -1 100 100 0 100 100 0 63 1 
64 97.7778 97.2957 0.0222222 0 0 0 -1 -1 4 2 3 1 1 -1 -1 -1 100 100 0 100 100 0 64 1 
65 97.7778 97.2957 0.0222222 0 0 0 -1 -1 4 2 3 1 1 -1 -1 -1 100 100 0 100 100 0 65 1 
66 97.7778 97.2957 0.0222222 0 0 0 -1 -1 4 2 3 1 1 -1 -1 -1 100 100 0 100 100 0 66 1 
67 97.7778 97.2957 0.0222222 0 0 0 -1 -1 4 2 3 1 1 -1 -1 -1 100 100 0 100 100 0 67 1 
68 97.7778 97.2957 0.0222222 0 0 0 -1 -1 4 2 3 1 1 -1 -1 -1 100 100 0 100 100 0 68 1 
69 97.7778 97.2957 0.0222222 0 0 0 -1 -1 4 2 3 1 1 -1 -1 -1 100 100 0 100 100 0 69 1 
70 97.7778 97.2957 0.0222222 0 0 0 -1 -1 4 2 3 1 1 -1 -1 -1 100 100 0 100 100 0 70 1 
71 97.7778 97.2957 0.0222222 0 0 0 -1 -1 4 2 3 1 1 -1 -1 -1 100 100 0 100 100 0 71 1 
72 97.7778 97.2957 0.0222222 0 0 0 -1 -1 4 2 3 1 1 -1 -1 -1 100 100 0 100 100 0 72 1 
73 97.7778 97.2957 0.0222222 0 0 0 -1 -1 4 2 3 1 1 -1 -1 -1 100 100 0 100 100 0 73 1 
74 97.7778 97.2957 0.0222222 0 0 0 -1 -1 4 2 3 1 1 -1 -1 -1 100 100 0 100 100 0 74 1 
75 97.7778 97.2957 0.0222222 0 0 0 -1 -1 4 2 3 1 1 -1 -1 -1 100 100 0 100 100 0 75 1 
76 97.7778 97.2957 0.0222222 0 0 0 -1 -1 4 2 3 1 1 -1 -1 -1 100 100 0 100 100 0 76 1 
77 97.7778 97.2957 0.0222222 0 0 0 -1 -1 4 2 3 1 1 -1 -1 -1 100 100 0 100 100 0 77 1 
78 97.7778 97.2957 0.0222222 0 0 0 -1 -1 4 2 3 1 1 -1 -1 -1 100 100 0 100 100 0 78 1 
79 97.7778 97.2957 0.0222222 0 0 0 -1 -1 4 2 3 1 1 -1 -1 -1 100 100 0 100 100 0 79 1 
80 97.7778 97.2957 0.0222222 0 0 0 -1 -1 4 2 3 1 1 -1 -1 -1 100 100 0 100 100 0 80 1 
81 97.7778 97.2957 0.0222222 0 0 0 -1 -1 4 2 3 1 1 -1 -1 -1 100 100 0 100 100 0 81 1 
82 97.7778 97.2957 0.0222222 0 0 0 -1 -1 4 2 3 1 1 -1 -1 -1 100 100 0 100 100 0 82 1 
83 97.7778 97.2957 0.0222222 0 0 0 -1 -1 4 2 3 1 1 -1 -1 -1 100 100 0 100 100 0 83 1 
84 97.7778 97.2957 0.0222222 0 0 0 -1 -1 4 2 3 1 1 -1 -1 -1 100 100 0 100 100 0 84 1 
85 97.7778 97.2957 0.0222222 0 0 0 -1 -1 4 2 3 1 1 -1 -1 -1 100 100 0 100 100 0 85 1 
86 97.7778 97.2957 0.0222222 0 0 0 -1 -1 4 2 3 1 1 -1 -1 -1 100 100 0 100 100 0 86 1 
87 97.7778 97.2957 0.0222222 0 0 0 -1 -1 4 2 3 1 1 -1 -1 -1 100 100 0 100 100 0 87 1 
