# Created by main.cpp, 2016-06-26.14:44:24
# name: results
# type: matrix
# rows: 150
# columns: 26
1 1.34359 35.5128 20.7462 6.7995 2.075 0.2075 0 100 4 5.4 3 1 1 -1 0 0 41.5385 22.2568 6.94111e-310 20.6714 1 71.8333 58.6552 1 20 
2 1.09402 39.188 24.5663 14.6114 3.12818 0.433 0 100 4 5.8 3 1 1 -1 0 0 38.8462 24.0483 6.94111e-310 24.2654 2 71.8333 58.6552 1 20 
3 0.876923 40.3846 25.5711 16.9392 3.54239 0.5705 0 100 4 6.25 3 1 1 -1 0 0 34.6154 22.8817 6.94111e-310 24.0762 3 71.8333 58.6552 1 20 
4 0.876496 41.5812 27.2931 21.1734 4.10015 0.758 0 100 4 5.75 3 1 1 -1 0 0 36.5385 25.6587 6.94111e-310 26.9746 4 71.8333 58.6552 1 20 
5 0.853419 42.2222 28.4313 24.2887 4.49693 0.937 0 100 4 6.9 3 1 1 -1 0 0 37.3077 26.9748 6.94111e-310 27.6583 5 71.8333 58.6552 1 20 
6 0.853419 42.2222 28.4313 26.3542 4.74826 1.0785 0 100 4 6.05 3 1 1 -1 0 0 37.3077 26.9748 6.94111e-310 27.6583 6 71.8333 58.6552 1 20 
7 0.747863 43.8034 30.2694 29.7948 5.1243 1.2535 0 100 4 6.3 3 1 1 -1 0 0 38.4615 28.586 6.94111e-310 29.4591 7 71.8333 58.6552 1 20 
8 0.755556 44.0598 31.0592 32.137 5.36859 1.3995 0 100 4 6.3 3 1 1 -1 0 0 41.9231 30.2075 6.94111e-310 30.8658 8 71.8333 58.6552 1 20 
9 0.768376 45.3419 32.9532 35.8188 5.71602 1.5825 0 100 4 5.85 3 1 1 -1 0 0 43.8462 32.519 6.94111e-310 33.9605 9 71.8333 58.6552 1 20 
10 0.716667 47.0513 35.2341 39.6451 6.05503 1.7645 0 100 4 6.65 3 1 1 -1 0 0 46.1538 35.0428 6.94111e-310 37.0083 10 71.8333 58.6552 1 20 
11 0.709829 47.8632 36.2629 44.0316 6.40027 1.959 0 100 4 5.65 3 1 1 -1 0 0 48.0769 36.6592 6.94111e-310 38.1505 11 71.8333 58.6552 1 20 
12 0.699145 48.4188 36.9303 46.9059 6.63175 2.1365 0 100 4 6.85 3 1 1 -1 0 0 49.6154 36.9206 6.94111e-310 38.4114 12 71.8333 58.6552 1 20 
13 0.701709 48.2906 37.1654 49.2666 6.8125 2.3115 0 100 4 6.15 3 1 1 -1 0 0 49.6154 37.4067 6.94111e-310 39.1141 13 71.8333 58.6552 1 20 
14 0.687607 49.7009 39.012 52.5512 7.05803 2.497 0 100 4 7.05 3 1 1 -1 0 0 52.3077 39.5873 6.94111e-310 41.4835 14 71.8333 58.6552 1 20 
15 0.687607 49.7009 39.012 54.48 7.19961 2.663 0 100 4 7.1 3 1 1 -1 0 0 52.3077 39.5873 6.94111e-310 41.4835 15 71.8333 58.6552 1 20 
16 0.697863 49.7009 39.0586 56.4802 7.34192 2.823 0 100 4 6.65 3 1 1 -1 0 0 52.3077 39.629 6.94111e-310 41.5599 16 71.8333 58.6552 1 20 
17 0.653419 50.812 40.2148 60.0217 7.5863 3.023 0 100 4 6.85 3 1 1 -1 0 0 54.6154 41.3234 6.94111e-310 42.8428 17 71.8333 58.6552 1 20 
18 0.588034 52.6068 42.2213 63.0532 7.79464 3.202 0 100 4 7.15 3 1 1 -1 0 0 55.7692 43.1343 6.94111e-310 44.4633 18 71.8333 58.6552 1 20 
19 0.527778 54.0171 43.4656 66.9208 8.03111 3.396 0 100 4 7.2 3 1 1 -1 0 0 57.6923 44.7185 6.94111e-310 45.1388 19 71.8333 58.6552 1 20 
20 0.50812 54.9573 44.2658 70.1925 8.23666 3.586 0 100 4 7.15 3 1 1 -1 0 0 57.3077 45.7014 6.94111e-310 45.6587 20 71.8333 58.6552 1 20 
21 0.50812 54.9573 44.2658 76.6196 8.57723 3.8355 0 100 4 7.25 3 1 1 -1 0 0 57.3077 45.7014 6.94111e-310 45.6587 21 71.8333 58.6552 1 20 
22 0.50812 54.9573 44.2658 78.246 8.67585 4.007 0 100 4 7.15 3 1 1 -1 0 0 57.3077 45.7014 6.94111e-310 45.6587 22 71.8333 58.6552 1 20 
23 0.529915 55.4701 45.6941 80.2413 8.80021 4.1815 0 100 4 7.1 3 1 1 -1 0 0 58.8462 47.7737 6.94111e-310 47.7943 23 71.8333 58.6552 1 20 
24 0.52735 55.7265 45.7919 82.1356 8.91171 4.363 0 100 4 7.05 3 1 1 -1 0 0 58.8462 47.7206 6.94111e-310 47.3313 24 71.8333 58.6552 1 20 
25 0.52094 56.3675 46.3719 84.4581 9.04683 4.5355 0 100 4 7.1 3 1 1 -1 0 0 60 48.4807 6.94111e-310 48.5986 25 71.8333 58.6552 1 20 
26 0.554274 56.3675 46.5647 85.6601 9.11695 4.698 0 100 4 6.85 3 1 1 -1 0 0 60 48.9252 6.94111e-310 48.7249 26 71.8333 58.6552 1 20 
27 0.50812 58.9316 49.6097 90.616 9.38698 4.924 0 100 4 7.25 3 1 1 -1 0 0 63.4615 52.2215 6.94111e-310 53.4242 27 71.8333 58.6552 1 20 
28 0.490171 60.2137 51.3474 95.0924 9.60889 5.111 0 100 4 7.2 3 1 1 -1 0 0 65 54.5918 6.94111e-310 55.3719 28 71.8333 58.6552 1 20 
29 0.490171 60.2137 51.3474 95.97 9.65819 5.2465 0 100 4 7.2 3 1 1 -1 0 0 65 54.5918 6.94111e-310 55.3719 29 71.8333 58.6552 1 20 
30 0.490171 60.2137 51.3474 96.7544 9.70049 5.3865 0 100 4 7.2 3 1 1 -1 0 0 65 54.5918 6.94111e-310 55.3719 30 71.8333 58.6552 1 20 
31 0.490171 60.2137 51.3474 97.7288 9.75258 5.5235 0 100 4 7.2 3 1 1 -1 0 0 65 54.5918 6.94111e-310 55.3719 31 71.8333 58.6552 1 20 
32 0.485043 60.3419 51.4512 100.727 9.90132 5.715 0 100 4 7.2 3 1 1 -1 0 0 65 54.5918 6.94111e-310 55.507 32 71.8333 58.6552 1 20 
33 0.448718 61.2821 52.1996 103.315 10.0341 5.912 0 100 4 7.05 3 1 1 -1 0 0 65 55.2585 6.94111e-310 56.1246 33 71.8333 58.6552 1 20 
34 0.447436 61.4103 52.2546 105.147 10.1214 6.073 0 100 4 6.85 3 1 1 -1 0 0 65 55.2307 6.94111e-310 55.6246 34 71.8333 58.6552 1 20 
35 0.447436 61.4103 52.2546 105.759 10.1525 6.2125 0 100 4 6.85 3 1 1 -1 0 0 65 55.2307 6.94111e-310 55.6246 35 71.8333 58.6552 1 20 
36 0.447436 61.4103 52.2546 107.887 10.2546 6.409 0 100 4 6.85 3 1 1 -1 0 0 65 55.2307 6.94111e-310 55.6246 36 71.8333 58.6552 1 20 
37 0.444017 61.4957 52.3623 110.583 10.3751 6.575 0 100 4 6.7 3 1 1 -1 0 0 65 55.7258 6.94111e-310 55.4065 37 71.8333 58.6552 1 20 
38 0.444017 61.4957 52.3623 111.244 10.4085 6.7225 0 100 4 6.7 3 1 1 -1 0 0 65 55.7258 6.94111e-310 55.4065 38 71.8333 58.6552 1 20 
39 0.444017 61.4957 52.3623 113.539 10.5149 6.9155 0 100 4 6.7 3 1 1 -1 0 0 65 55.7258 6.94111e-310 55.4065 39 71.8333 58.6552 1 20 
40 0.444017 61.4957 52.3623 114.119 10.544 7.087 0 100 4 6.7 3 1 1 -1 0 0 65 55.7258 6.94111e-310 55.4065 40 71.8333 58.6552 1 20 
41 0.443162 61.5812 52.4327 116.738 10.657 7.2895 0 100 4 6.45 3 1 1 -1 0 0 65 55.7258 6.94111e-310 55.4065 41 71.8333 58.6552 1 20 
42 0.443162 61.5812 52.4327 117.154 10.68 7.451 0 100 4 6.45 3 1 1 -1 0 0 65 55.7258 6.94111e-310 55.4065 42 71.8333 58.6552 1 20 
43 0.443162 61.5812 52.4327 117.857 10.713 7.616 0 100 4 6.45 3 1 1 -1 0 0 65 55.7258 6.94111e-310 55.4065 43 71.8333 58.6552 1 20 
44 0.443162 61.5812 52.4327 118.242 10.7331 7.79 0 100 4 6.45 3 1 1 -1 0 0 65 55.7258 6.94111e-310 55.4065 44 71.8333 58.6552 1 20 
45 0.443162 61.5812 52.4327 118.792 10.759 7.9645 0 100 4 6.45 3 1 1 -1 0 0 65 55.7258 6.94111e-310 55.4065 45 71.8333 58.6552 1 20 
46 0.441453 61.7521 52.63 119.513 10.7991 8.1465 0 100 4 6.15 3 1 1 -1 0 0 65.7692 56.6617 6.94111e-310 55.7871 46 71.8333 58.6552 1 20 
47 0.373504 64.3162 55.3151 123.212 10.976 8.374 0 100 4 6.3 3 1 1 -1 0 0 68.4615 58.5898 6.94111e-310 58.1124 47 71.8333 58.6552 1 20 
48 0.373504 64.3162 55.3151 123.297 10.9817 8.5455 0 100 4 6.3 3 1 1 -1 0 0 68.4615 58.5898 6.94111e-310 58.1124 48 71.8333 58.6552 1 20 
49 0.366239 64.5299 55.4217 125.088 11.0606 8.7245 0 100 4 6.4 3 1 1 -1 0 0 68.4615 58.5898 6.94111e-310 57.6124 49 71.8333 58.6552 1 20 
50 0.351709 65.5983 56.1649 125.948 11.1059 8.8965 0.5 100 4 6.55 3 1 1 -1 0 0 68.0769 58.7025 6.94111e-310 57.7698 50 71.8333 58.6552 1 20 
51 0.351709 65.5983 56.1649 125.783 11.0994 9.0415 1.675 100 4 6.55 3 1 1 -1 0 0 68.0769 58.7025 6.94111e-310 57.7698 51 71.8333 58.6552 1 20 
52 0.342308 65.8974 56.3386 126.899 11.1561 9.199 3.225 100 4 6.6 3 1 1 -1 0 0 68.0769 58.7025 6.94111e-310 57.2698 52 71.8333 58.6552 1 20 
53 0.342308 65.8974 56.3386 127.741 11.1911 9.3665 5.1 100 4 6.6 3 1 1 -1 0 0 68.0769 58.7025 6.94111e-310 57.2698 53 71.8333 58.6552 1 20 
54 0.342308 65.8974 56.3386 127.596 11.1829 9.5415 7.85 100 4 6.6 3 1 1 -1 0 0 68.0769 58.7025 6.94111e-310 57.2698 54 71.8333 58.6552 1 20 
55 0.342308 65.8974 56.3386 129.279 11.2574 9.7485 9.9 100 4 6.6 3 1 1 -1 0 0 68.0769 58.7025 6.94111e-310 57.2698 55 71.8333 58.6552 1 20 
56 0.342308 65.8974 56.3386 129.071 11.2512 9.924 12.2 100 4 6.6 3 1 1 -1 0 0 68.0769 58.7025 6.94111e-310 57.2698 56 71.8333 58.6552 1 20 
57 0.341453 65.9829 56.3802 129.697 11.2762 10.099 14.25 100 4 6.45 3 1 1 -1 0 0 66.5385 58.3606 6.94111e-310 57.4509 57 71.8333 58.6552 1 20 
58 0.341453 65.9829 56.3802 130.358 11.3059 10.293 14.925 100 4 6.45 3 1 1 -1 0 0 66.5385 58.3606 6.94111e-310 57.4509 58 71.8333 58.6552 1 20 
