# Created by main.cpp, 2016-06-29.10:15:11
# name: results
# type: matrix
# rows: 150
# columns: 16
1 0 32.4786 16.3441 1.70085 43.3333 20.155 1.36667 15.3846 8.88889 2.46154 2.56 0.16 100 10 1 
2 0 33.3333 16.6667 0.666667 30 15.3846 0.7 30.7692 15.6863 0.692308 5.39505 0.33 100 3 1 
3 0 33.3333 16.6667 0.666667 30 15.3846 0.7 30.7692 15.6863 0.692308 7.84838 0.49 100 3 1 
4 0 33.3333 16.6667 0.666667 30 15.3846 0.7 30.7692 15.6863 0.692308 7.84848 0.5 100 3 1 
5 0 34.188 16.9851 1.63248 26.6667 14.0351 2.03333 53.8462 23.3333 0.923077 10.5668 0.67 100 1 1 
6 0 34.188 22.2222 0.683761 26.6667 20.5128 0.833333 61.5385 36.9748 0.384615 15.109 0.89 100 10 1 
7 0 34.188 22.2222 0.683761 26.6667 20.5128 0.833333 61.5385 36.9748 0.384615 17.3813 1.05 100 10 1 
8 0 34.188 22.2222 0.683761 26.6667 20.5128 0.833333 61.5385 36.9748 0.384615 21.7546 1.27 100 10 1 
9 0 34.188 22.2222 0.683761 26.6667 20.5128 0.833333 61.5385 36.9748 0.384615 24.2085 1.44 100 10 1 
10 0 34.188 22.2222 0.683761 26.6667 20.5128 0.833333 61.5385 36.9748 0.384615 26.9248 1.62 100 10 1 
11 0 66.6667 53.5104 0.333333 70 55.1535 0.3 69.2308 50 0.307692 54.3176 2.16 100 5 1 
12 0 66.6667 53.5104 0.333333 70 55.1535 0.3 69.2308 50 0.307692 56.4658 2.33 100 5 1 
13 0 66.6667 53.5104 0.333333 70 55.1535 0.3 69.2308 50 0.307692 58.2726 2.49 100 5 1 
14 0 66.6667 53.5104 0.333333 70 55.1535 0.3 69.2308 50 0.307692 60.3075 2.66 100 5 1 
15 0 66.6667 53.5104 0.333333 70 55.1535 0.3 69.2308 50 0.307692 62.2839 2.83 100 5 1 
16 0 66.6667 53.5104 0.333333 70 55.1535 0.3 69.2308 50 0.307692 65.1405 3.03 100 5 1 
17 0 66.6667 54.1081 0.333333 70 55.8923 0.3 69.2308 50 0.307692 90.9951 3.57 100 5 1 
18 0 66.6667 54.1081 0.333333 70 55.8923 0.3 69.2308 50 0.307692 92.659 3.74 100 5 1 
19 0 66.6667 54.1081 0.333333 70 55.8923 0.3 69.2308 50 0.307692 94.0101 3.9 100 5 1 
20 0 66.6667 54.1081 0.333333 70 55.8923 0.3 69.2308 50 0.307692 95.3095 4.06 100 5 1 
21 0 66.6667 54.1081 0.333333 70 55.8923 0.3 69.2308 50 0.307692 96.8052 4.23 100 5 1 
22 0 66.6667 54.1081 0.333333 70 55.8923 0.3 69.2308 50 0.307692 97.9979 4.39 100 5 1 
23 0 66.6667 54.1081 0.333333 70 55.8923 0.3 69.2308 50 0.307692 99.3802 4.56 100 5 1 
24 0 66.6667 54.1081 0.333333 70 55.8923 0.3 69.2308 50 0.307692 100.704 4.73 100 5 1 
25 0 66.6667 54.1081 0.333333 70 55.8923 0.3 69.2308 50 0.307692 112.187 5.12 100 5 1 
26 0 66.6667 54.1081 0.333333 70 55.8923 0.3 69.2308 50 0.307692 113.319 5.29 100 5 1 
27 0 90.5983 90.5983 0.0940171 93.3333 91.9048 0.0666667 84.6154 82.4359 0.153846 186.404 6.2 100 4 1 
28 0 90.5983 90.5983 0.0940171 93.3333 91.9048 0.0666667 84.6154 82.4359 0.153846 187.165 6.37 100 4 1 
29 0 90.5983 90.5983 0.0940171 93.3333 91.9048 0.0666667 84.6154 82.4359 0.153846 187.867 6.54 100 4 1 
30 0 90.5983 90.5983 0.0940171 93.3333 91.9048 0.0666667 84.6154 82.4359 0.153846 188.511 6.71 100 4 1 
31 0 90.5983 90.5983 0.0940171 93.3333 91.9048 0.0666667 84.6154 82.4359 0.153846 188.902 6.87 100 4 1 
32 0 90.5983 90.5983 0.0940171 93.3333 91.9048 0.0666667 84.6154 82.4359 0.153846 188.514 6.97 100 4 1 
33 0 90.5983 90.5983 0.0940171 93.3333 91.9048 0.0666667 84.6154 82.4359 0.153846 207.343 7.48 100 4 1 
34 0 90.5983 90.5983 0.0940171 93.3333 91.9048 0.0666667 84.6154 82.4359 0.153846 207.485 7.64 100 4 1 
35 0 90.5983 90.5983 0.0940171 93.3333 91.9048 0.0666667 84.6154 82.4359 0.153846 207.576 7.8 100 4 1 
36 0 90.5983 90.5983 0.0940171 93.3333 91.9048 0.0666667 84.6154 82.4359 0.153846 207.787 7.97 100 4 1 
37 0 90.5983 90.5983 0.0940171 93.3333 91.9048 0.0666667 84.6154 82.4359 0.153846 207.771 8.13 100 4 1 
38 0 90.5983 90.5983 0.0940171 93.3333 91.9048 0.0666667 84.6154 82.4359 0.153846 207.703 8.29 100 4 1 
39 0 90.5983 90.5983 0.0940171 93.3333 91.9048 0.0666667 84.6154 82.4359 0.153846 207.746 8.46 100 4 1 
40 0 90.5983 90.5983 0.0940171 93.3333 91.9048 0.0666667 84.6154 82.4359 0.153846 207.909 8.64 100 4 1 
41 0 90.5983 90.5983 0.0940171 93.3333 91.9048 0.0666667 84.6154 82.4359 0.153846 207.832 8.81 100 4 1 
42 0 90.5983 90.5983 0.0940171 93.3333 91.9048 0.0666667 84.6154 82.4359 0.153846 207.545 8.97 100 4 1 
43 0 90.5983 90.5983 0.0940171 93.3333 91.9048 0.0666667 84.6154 82.4359 0.153846 207.205 9.13 100 4 1 
44 0 90.5983 90.5983 0.0940171 93.3333 91.9048 0.0666667 84.6154 82.4359 0.153846 207.031 9.14 100 4 1 
45 0 90.5983 90.5983 0.0940171 93.3333 91.9048 0.0666667 84.6154 82.4359 0.153846 206.782 9.31 100 4 1 
46 0 90.5983 90.5983 0.0940171 93.3333 91.9048 0.0666667 84.6154 82.4359 0.153846 206.474 9.48 100 4 1 
47 0 90.5983 90.5983 0.0940171 93.3333 91.9048 0.0666667 84.6154 82.4359 0.153846 208.255 9.74 100 4 1 
48 0 90.5983 90.5983 0.0940171 93.3333 91.9048 0.0666667 84.6154 82.4359 0.153846 207.667 9.9 100 4 1 
49 0 90.5983 90.5983 0.0940171 93.3333 91.9048 0.0666667 84.6154 82.4359 0.153846 207.157 10.07 100 4 1 
50 0 90.5983 90.5983 0.0940171 93.3333 91.9048 0.0666667 84.6154 82.4359 0.153846 206.588 10.24 100 4 1 
51 0 90.5983 90.5983 0.0940171 93.3333 91.9048 0.0666667 84.6154 82.4359 0.153846 206.268 10.43 100 4 1 
52 0 90.5983 90.5983 0.0940171 93.3333 91.9048 0.0666667 84.6154 82.4359 0.153846 205.456 10.59 100 4 1 
53 0 90.5983 90.5983 0.0940171 93.3333 91.9048 0.0666667 84.6154 82.4359 0.153846 204.593 10.75 100 4 1 
54 0 90.5983 90.5983 0.0940171 93.3333 91.9048 0.0666667 84.6154 82.4359 0.153846 203.679 10.91 100 4 1 
55 0 90.5983 90.5983 0.0940171 93.3333 91.9048 0.0666667 84.6154 82.4359 0.153846 202.712 11.07 100 4 1 
56 0 90.5983 90.5983 0.0940171 93.3333 91.9048 0.0666667 84.6154 82.4359 0.153846 201.694 11.23 100 4 1 
57 0 90.5983 90.5983 0.0940171 93.3333 91.9048 0.0666667 84.6154 82.4359 0.153846 200.727 11.4 100 4 1 
58 0 90.5983 90.5983 0.0940171 93.3333 91.9048 0.0666667 84.6154 82.4359 0.153846 199.602 11.56 100 4 1 
59 0 90.5983 90.5983 0.0940171 93.3333 91.9048 0.0666667 84.6154 82.4359 0.153846 198.374 11.64 100 4 1 
60 0 90.5983 90.5983 0.0940171 93.3333 91.9048 0.0666667 84.6154 82.4359 0.153846 197.267 11.81 100 4 1 
61 0 90.5983 90.5983 0.0940171 93.3333 91.9048 0.0666667 84.6154 82.4359 0.153846 196.101 11.98 100 4 1 
62 0 90.5983 90.5983 0.0940171 93.3333 91.9048 0.0666667 84.6154 82.4359 0.153846 203.576 12.4 100 4 1 
63 0 90.5983 90.5983 0.0940171 93.3333 91.9048 0.0666667 84.6154 82.4359 0.153846 202.207 12.57 100 4 1 
64 0 90.5983 90.5983 0.0940171 93.3333 91.9048 0.0666667 84.6154 82.4359 0.153846 200.704 12.73 100 4 1 
65 0 90.5983 90.5983 0.0940171 93.3333 91.9048 0.0666667 84.6154 82.4359 0.153846 199.222 12.9 100 4 1 
66 0 90.5983 90.5983 0.0940171 93.3333 91.9048 0.0666667 84.6154 82.4359 0.153846 201.512 13.23 100 4 1 
67 0 90.5983 90.5983 0.0940171 93.3333 91.9048 0.0666667 84.6154 82.4359 0.153846 199.859 13.4 100 4 1 
68 0 90.5983 90.5983 0.0940171 93.3333 91.9048 0.0666667 84.6154 82.4359 0.153846 198.147 13.57 100 4 1 
69 0 90.5983 90.5983 0.0940171 93.3333 91.9048 0.0666667 84.6154 82.4359 0.153846 196.376 13.74 100 4 1 
70 0 90.5983 90.5983 0.0940171 93.3333 91.9048 0.0666667 84.6154 82.4359 0.153846 194.495 13.9 100 4 1 
71 0 90.5983 90.5983 0.0940171 93.3333 91.9048 0.0666667 84.6154 82.4359 0.153846 193.157 14.12 100 4 1 
72 0 90.5983 90.5983 0.0940171 93.3333 91.9048 0.0666667 84.6154 82.4359 0.153846 191.198 14.29 100 4 1 
73 0 90.5983 90.5983 0.0940171 93.3333 91.9048 0.0666667 84.6154 82.4359 0.153846 191.198 14.29 100 4 1 
74 0 90.5983 90.5983 0.0940171 93.3333 91.9048 0.0666667 84.6154 82.4359 0.153846 189.18 14.46 100 4 1 
75 0 90.5983 90.5983 0.0940171 93.3333 91.9048 0.0666667 84.6154 82.4359 0.153846 187.066 14.62 100 4 1 
76 0 90.5983 90.5983 0.0940171 93.3333 91.9048 0.0666667 84.6154 82.4359 0.153846 184.935 14.79 100 4 1 
77 0 90.5983 90.5983 0.0940171 93.3333 91.9048 0.0666667 84.6154 82.4359 0.153846 182.715 14.95 100 4 1 
78 0 90.5983 90.5983 0.0940171 93.3333 91.9048 0.0666667 84.6154 82.4359 0.153846 180.47 15.12 100 4 1 
79 0 90.5983 90.5983 0.0940171 93.3333 91.9048 0.0666667 84.6154 82.4359 0.153846 178.168 15.29 100 4 1 
