# Created by main.cpp, 2016-06-26.14:43:50
# name: results
# type: matrix
# rows: 150
# columns: 25
1 0.687778 31.2222 18.8262 5.39981 1.87318 0.188262 -1 100 4 7 3 -1 1 0 -1 -1 34 19.734 31 19.059 1 61.3333 57.0249 20 
2 0.626111 37.3889 22.38 9.12399 2.64162 0.345012 -1 100 4 7 3 -1 1 0 -1 -1 35.5 21.7229 37.1667 22.5793 1 61.3333 57.0249 20 
3 0.554444 44.5556 30.9305 17.6512 3.87425 0.594306 -1 100 4 7 3 -1 1 0 -1 -1 42.5 30.5088 44.6667 31.434 1 61.3333 57.0249 20 
4 0.518889 48.1111 34.7091 22.0409 4.42238 0.74757 -1 100 4 7 3 -1 1 0 -1 -1 45.6667 34.0967 48.5 35.4585 1 61.3333 57.0249 20 
5 0.508889 49.1111 35.8355 26.0316 4.82861 0.916113 -1 100 4 7 3 -1 1 0 -1 -1 47.6667 36.0557 49.1667 36.2298 1 61.3333 57.0249 20 
6 0.456667 54.3333 41.9721 34.5295 5.62412 1.16224 -1 100 4 7 3 -1 1 0 -1 -1 53.1667 41.7352 52.3333 41.4379 1 61.3333 57.0249 20 
7 0.457222 54.2778 42.2946 36.9679 5.86659 1.32323 -1 100 4 7 3 -1 1 0 -1 -1 52.8333 41.7352 52.8333 41.9184 1 61.3333 57.0249 20 
8 0.436111 56.3889 45.0681 41.4766 6.27625 1.52581 -1 100 4 7 3 -1 1 0 -1 -1 54.6667 43.8103 54.1667 43.4694 1 61.3333 57.0249 20 
9 0.430556 56.9444 45.6503 46.973 6.66774 1.73356 -1 100 4 7 3 -1 1 0 -1 -1 55.8333 45.0036 54.3333 43.9344 1 61.3333 57.0249 20 
10 0.416111 58.3889 47.6012 52.9783 7.126 1.959 -1 100 4 7 3 -1 1 0 -1 -1 58.5 47.1479 55.6667 45.5047 1 61.3333 57.0249 20 
11 0.394444 60.5556 49.8707 63.5676 7.80186 2.24332 -1 100 4 7 3 -1 1 0 -1 -1 59.3333 48.654 57.1667 47.2471 1 61.3333 57.0249 20 
12 0.370556 62.9444 52.8007 70.478 8.2711 2.47954 -1 100 4 7 3 -1 1 0 -1 -1 63 51.6142 59.8333 49.8739 1 61.3333 57.0249 20 
13 0.370556 62.9444 52.8725 76.4987 8.60322 2.70986 -1 100 4 7 3 -1 1 0 -1 -1 63.5 51.7837 59.3333 49.7489 1 61.3333 57.0249 20 
14 0.370556 62.9444 52.8725 81.6782 8.88594 2.92288 -1 100 4 7 3 -1 1 0 -1 -1 63.5 51.7837 59.3333 49.7489 1 61.3333 57.0249 20 
15 0.359444 64.0556 54.1052 86.8835 9.18475 3.13782 -1 100 4 7 3 -1 1 0 -1 -1 64 52.1844 58.8333 50.1879 1 61.3333 57.0249 20 
16 0.359444 64.0556 54.1052 90.7333 9.37148 3.31268 -1 100 4 7 3 -1 1 0 -1 -1 64 52.1844 58.8333 50.1879 1 61.3333 57.0249 20 
17 0.357778 64.2222 54.5247 97.9377 9.74981 3.5603 -1 100 4 7 3 -1 1 0 -1 -1 64.1667 52.2021 59.3333 51.2713 1 61.3333 57.0249 20 
18 0.357778 64.2222 54.5247 102.117 9.97412 3.7417 -1 100 4 7 3 -1 1 0 -1 -1 64.1667 52.2021 59.3333 51.2713 1 61.3333 57.0249 20 
19 0.357778 64.2222 54.5247 106.056 10.1639 3.9384 -1 100 4 7 3 -1 1 0 -1 -1 64.1667 52.2021 59.3333 51.2713 1 61.3333 57.0249 20 
20 0.342778 65.7222 56.5859 111.259 10.4435 4.17178 -1 100 4 7 3 -1 1 0 -1 -1 66.5 54.4997 60.5 52.8799 1 61.3333 57.0249 20 
21 0.342778 65.7222 56.5859 116.612 10.6782 4.39634 -1 100 4 7 3 -1 1 0 -1 -1 66.5 54.4997 60.5 52.8799 1 61.3333 57.0249 20 
22 0.342778 65.7222 56.5859 121.946 10.9013 4.6352 -1 100 4 7 3 -1 1 0 -1 -1 66.5 54.4997 60.5 52.8799 1 61.3333 57.0249 20 
23 0.328333 67.1667 57.4011 129.914 11.274 4.90254 -1 100 4 7 3 -1 1 0 -1 -1 66.3333 55.0826 62.1667 54.6634 1 61.3333 57.0249 20 
24 0.325 67.5 57.5098 134.789 11.4718 5.11518 -1 100 4 7 3 -1 1 0 -1 -1 66.5 55.1852 61 54.2846 1 61.3333 57.0249 20 
25 0.320556 67.9444 57.7048 139.673 11.6821 5.33989 -1 100 4 7 3 -1 1 0 -1 -1 65.8333 54.9311 60.3333 53.9992 1 61.3333 57.0249 20 
26 0.320556 67.9444 57.7048 142.857 11.8203 5.52159 -1 100 4 7 3 -1 1 0 -1 -1 65.8333 54.9311 60.3333 53.9992 1 61.3333 57.0249 20 
27 0.320556 67.9444 57.7048 145.231 11.9173 5.71073 -1 100 4 7 3 -1 1 0 -1 -1 65.8333 54.9311 60.3333 53.9992 1 61.3333 57.0249 20 
28 0.320556 67.9444 57.7048 148.507 12.0404 5.90044 -1 100 4 7 3 -1 1 0 -1 -1 65.8333 54.9311 60.3333 53.9992 1 61.3333 57.0249 20 
29 0.311667 68.8333 58.3559 153.417 12.2477 6.11192 -1 100 4 7 3 -1 1 0 -1 -1 66.1667 56.1174 61.5 54.9154 1 61.3333 57.0249 20 
30 0.312778 68.7222 58.4081 157.612 12.4143 6.33715 -1 100 4 7 3 -1 1 0 -1 -1 66.3333 56.3618 62.3333 55.1829 1 61.3333 57.0249 20 
31 0.31 69 58.4512 159.838 12.5104 6.52818 -1 100 4 7 3 -1 1 0 -1 -1 66.1667 56.2965 61.6667 55.1863 1 61.3333 57.0249 20 
32 0.31 69 58.4512 162.582 12.624 6.72584 -1 100 4 7 3 -1 1 0 -1 -1 66.1667 56.2965 61.6667 55.1863 1 61.3333 57.0249 20 
33 0.306111 69.3889 58.5703 164.657 12.7166 6.90983 -1 100 4 7 3 -1 1 0 -1 -1 65.6667 56.1648 61 55.0194 1 61.3333 57.0249 20 
34 0.306111 69.3889 58.5703 168.453 12.8626 7.13586 -1 100 4 7 3 -1 1 0 -1 -1 65.6667 56.1648 61 55.0194 1 61.3333 57.0249 20 
35 0.304444 69.5556 58.7059 172.842 13.0408 7.35947 -1 100 4 7 3 -1 1 0 -1 -1 65.5 56.0077 60.5 55.0466 1 61.3333 57.0249 20 
36 0.304444 69.5556 58.7059 176.05 13.1751 7.56387 -1 100 4 7 3 -1 1 0 -1 -1 65.5 56.0077 60.5 55.0466 1 61.3333 57.0249 20 
37 0.304444 69.5556 58.7059 178.997 13.2784 7.76065 -1 100 4 7 3 -1 1 0 -1 -1 65.5 56.0077 60.5 55.0466 1 61.3333 57.0249 20 
38 0.304444 69.5556 58.7059 181.757 13.3757 7.96656 -1 100 4 7 3 -1 1 0 -1 -1 65.5 56.0077 60.5 55.0466 1 61.3333 57.0249 20 
39 0.304444 69.5556 58.7059 185.127 13.5069 8.18995 -1 100 4 7 3 -1 1 0 -1 -1 65.5 56.0077 60.5 55.0466 1 61.3333 57.0249 20 
40 0.304444 69.5556 58.7059 186.613 13.5639 8.38716 -1 100 4 7 3 -1 1 0 -1 -1 65.5 56.0077 60.5 55.0466 1 61.3333 57.0249 20 
41 0.304444 69.5556 58.7059 188.514 13.6303 8.58768 -1 100 4 7 3 -1 1 0 -1 -1 65.5 56.0077 60.5 55.0466 1 61.3333 57.0249 20 
42 0.304444 69.5556 58.7059 189.835 13.6765 8.79383 -1 100 4 7 3 -1 1 0 -1 -1 65.5 56.0077 60.5 55.0466 1 61.3333 57.0249 20 
43 0.304444 69.5556 58.7154 192.394 13.7674 8.99213 -1 100 4 7 3 -1 1 0 -1 -1 65.1667 55.8204 60.8333 55.1508 1 61.3333 57.0249 20 
44 0.307778 69.2222 59.0997 193.683 13.816 9.16074 -1 100 4 7 3 -1 1 0 -1 -1 66 56.7092 61.1667 55.6006 1 61.3333 57.0249 20 
45 0.307778 69.2222 59.0997 193.891 13.8245 9.33311 -1 100 4 7 3 -1 1 0 -1 -1 66 56.7092 61.1667 55.6006 1 61.3333 57.0249 20 
46 0.307778 69.2222 59.0997 195.266 13.8685 9.51765 -1 100 4 7 3 -1 1 0 -1 -1 66 56.7092 61.1667 55.6006 1 61.3333 57.0249 20 
47 0.308333 69.1667 59.1177 199.225 14.019 9.77068 -1 100 4 7 3 -1 1 0 -1 -1 66.5 57.0957 61.1667 55.5647 1 61.3333 57.0249 20 
48 0.308333 69.1667 59.1177 200.799 14.0842 9.97434 -1 100 4 7 3 -1 1 0 -1 -1 66.5 57.0957 61.1667 55.5647 1 61.3333 57.0249 20 
49 0.308333 69.1667 59.1177 202.532 14.1475 10.1781 -1 100 4 7 3 -1 1 0 -1 -1 66.5 57.0957 61.1667 55.5647 1 61.3333 57.0249 20 
50 0.307222 69.2778 59.1296 205.948 14.2659 10.4288 -1 100 4 7 3 -1 1 0 -1 -1 66.1667 57.0713 61.1667 55.5647 1 61.3333 57.0249 20 
51 0.307222 69.2778 59.1296 208.326 14.3494 10.6684 -1 100 4 7 3 -1 1 0 -1 -1 66.1667 57.0713 61.1667 55.5647 1 61.3333 57.0249 20 
52 0.307222 69.2778 59.1296 209.136 14.3784 10.8691 -1 100 4 7 3 -1 1 0 -1 -1 66.1667 57.0713 61.1667 55.5647 1 61.3333 57.0249 20 
53 0.305 69.5 59.1314 210.251 14.4232 11.0624 -1 100 4 7 3 -1 1 0 -1 -1 66 56.8967 60.5 55.1081 1 61.3333 57.0249 20 
54 0.305 69.5 59.1314 209.803 14.4117 11.2291 -1 100 4 7 3 -1 1 0 -1 -1 66 56.8967 60.5 55.1081 1 61.3333 57.0249 20 
55 0.305 69.5 59.1314 210.199 14.4254 11.4112 -1 100 4 7 3 -1 1 0 -1 -1 66 56.8967 60.5 55.1081 1 61.3333 57.0249 20 
56 0.302222 69.7778 60.0702 214.413 14.5654 11.6895 -1 100 4 7 3 -1 1 0 -1 -1 66.5 57.5916 61 55.8442 1 61.3333 57.0249 20 
57 0.302222 69.7778 60.0702 215.646 14.6058 11.9086 -1 100 4 7 3 -1 1 0 -1 -1 66.5 57.5916 61 55.8442 1 61.3333 57.0249 20 
58 0.302222 69.7778 60.0702 215.438 14.6017 12.0827 -1 100 4 7 3 -1 1 0 -1 -1 66.5 57.5916 61 55.8442 1 61.3333 57.0249 20 
59 0.302222 69.7778 60.0702 218.315 14.6996 12.3433 -1 100 4 7 3 -1 1 0 -1 -1 66.5 57.5916 61 55.8442 1 61.3333 57.0249 20 
60 0.302222 69.7778 60.0702 218.813 14.711 12.5492 -1 100 4 7 3 -1 1 0 -1 -1 66.5 57.5916 61 55.8442 1 61.3333 57.0249 20 
61 0.301111 69.8889 60.1077 219.691 14.7449 12.7616 -1 100 4 7 3 -1 1 0 -1 -1 66.5 57.5916 60.6667 55.7207 1 61.3333 57.0249 20 
62 0.298333 70.1667 60.1603 221.817 14.8204 12.9884 -1 100 4 7 3 -1 1 0 -1 -1 65.6667 57.3311 60.6667 55.8627 1 61.3333 57.0249 20 
