# Created by main.cpp, 2016-06-29.10:15:12
# name: results
# type: matrix
# rows: 150
# columns: 16
1 0 35.0427 17.2996 1.57265 33.3333 16.6667 1.56667 15.3846 8.88889 2.46154 2.89 0.17 100 10 1 
2 0 35.0427 17.2996 1.57265 33.3333 16.6667 1.56667 15.3846 8.88889 2.46154 5.72162 0.34 100 10 1 
3 0 35.0427 17.2996 1.57265 33.3333 16.6667 1.56667 15.3846 8.88889 2.46154 8.49485 0.51 100 6 1 
4 0 35.0427 17.2996 1.57265 33.3333 16.6667 1.56667 15.3846 8.88889 2.46154 8.49455 0.52 100 10 1 
5 0 35.0427 17.2996 1.57265 33.3333 16.6667 1.56667 15.3846 8.88889 2.46154 10.8865 0.68 100 6 1 
6 0 31.6239 22.0723 0.735043 30 20.6897 0.7 53.8462 25.9259 0.461538 15.4242 0.9 100 10 1 
7 0 31.6239 22.0723 0.735043 30 20.6897 0.7 53.8462 25.9259 0.461538 18.0052 1.07 100 10 1 
8 0 34.188 22.9885 1.7094 36.6667 23.6559 1.63333 30.7692 17.7778 1.15385 22.798 1.3 100 5 1 
9 0 34.188 22.9885 1.7094 36.6667 23.6559 1.63333 30.7692 17.7778 1.15385 25.2415 1.47 100 5 1 
10 0 34.188 22.9885 1.7094 36.6667 23.6559 1.63333 30.7692 17.7778 1.15385 27.947 1.65 100 5 1 
11 0 65.812 53.1314 0.34188 63.3333 54.8387 0.366667 69.2308 50.1587 0.307692 54.2703 2.18 100 5 1 
12 0 65.812 53.1314 0.34188 63.3333 54.8387 0.366667 69.2308 50.1587 0.307692 56.1257 2.34 100 5 1 
13 0 65.812 53.1314 0.34188 63.3333 54.8387 0.366667 69.2308 50.1587 0.307692 58.212 2.51 100 5 1 
14 0 65.812 53.1314 0.34188 63.3333 54.8387 0.366667 69.2308 50.1587 0.307692 60.24 2.68 100 5 1 
15 0 66.6667 53.9858 0.333333 63.3333 50.9927 0.366667 46.1538 51.1111 0.538462 86.4764 3.22 100 3 1 
16 0 66.6667 53.9858 0.333333 63.3333 50.9927 0.366667 46.1538 51.1111 0.538462 88.2605 3.39 100 3 1 
17 0 66.6667 53.9858 0.333333 63.3333 50.9927 0.366667 46.1538 51.1111 0.538462 89.7247 3.55 100 3 1 
18 0 66.6667 53.9858 0.333333 63.3333 50.9927 0.366667 46.1538 51.1111 0.538462 91.3956 3.72 100 3 1 
19 0 66.6667 53.9858 0.333333 63.3333 50.9927 0.366667 46.1538 51.1111 0.538462 93.008 3.89 100 3 1 
20 0 66.6667 53.9858 0.333333 63.3333 50.9927 0.366667 46.1538 51.1111 0.538462 94.562 4.06 100 3 1 
21 0 66.6667 53.9858 0.333333 63.3333 50.9927 0.366667 46.1538 51.1111 0.538462 96.0577 4.23 100 3 1 
22 0 66.6667 53.9858 0.333333 63.3333 50.9927 0.366667 46.1538 51.1111 0.538462 97.4949 4.4 100 3 1 
23 0 66.6667 53.9858 0.333333 63.3333 50.9927 0.366667 46.1538 51.1111 0.538462 107.896 4.77 100 3 1 
24 0 66.6667 53.9858 0.333333 63.3333 50.9927 0.366667 46.1538 51.1111 0.538462 108.914 4.93 100 3 1 
25 0 66.6667 53.9858 0.333333 63.3333 50.9927 0.366667 46.1538 51.1111 0.538462 110.111 5.1 100 3 1 
26 0 66.6667 53.9858 0.333333 63.3333 50.9927 0.366667 46.1538 51.1111 0.538462 111.023 5.26 100 3 1 
27 0 66.6667 53.9858 0.333333 63.3333 50.9927 0.366667 46.1538 51.1111 0.538462 111.023 5.26 100 3 1 
28 0 66.6667 53.9858 0.333333 63.3333 50.9927 0.366667 46.1538 51.1111 0.538462 111.023 5.26 100 3 1 
29 0 66.6667 53.9858 0.333333 63.3333 50.9927 0.366667 46.1538 51.1111 0.538462 111.882 5.42 100 3 1 
30 0 66.6667 53.9858 0.333333 63.3333 50.9927 0.366667 46.1538 51.1111 0.538462 112.691 5.58 100 3 1 
31 0 66.6667 53.9858 0.333333 63.3333 50.9927 0.366667 46.1538 51.1111 0.538462 135.763 6.12 100 3 1 
32 0 66.6667 53.9858 0.333333 63.3333 50.9927 0.366667 46.1538 51.1111 0.538462 135.763 6.12 100 3 1 
33 0 66.6667 53.9858 0.333333 63.3333 50.9927 0.366667 46.1538 51.1111 0.538462 136.551 6.29 100 3 1 
34 0 66.6667 53.9858 0.333333 63.3333 50.9927 0.366667 46.1538 51.1111 0.538462 137.078 6.45 100 3 1 
35 0 66.6667 53.9858 0.333333 63.3333 50.9927 0.366667 46.1538 51.1111 0.538462 137.753 6.62 100 3 1 
36 0 66.6667 53.9858 0.333333 63.3333 50.9927 0.366667 46.1538 51.1111 0.538462 138.37 6.79 100 3 1 
37 0 66.6667 53.9858 0.333333 63.3333 50.9927 0.366667 46.1538 51.1111 0.538462 137.907 6.85 100 3 1 
38 0 66.6667 53.9858 0.333333 63.3333 50.9927 0.366667 46.1538 51.1111 0.538462 138.444 7.02 100 3 1 
39 0 66.6667 53.9858 0.333333 63.3333 50.9927 0.366667 46.1538 51.1111 0.538462 138.735 7.18 100 3 1 
40 0 66.6667 53.9858 0.333333 63.3333 50.9927 0.366667 46.1538 51.1111 0.538462 138.974 7.34 100 3 1 
41 0 66.6667 53.9858 0.333333 63.3333 50.9927 0.366667 46.1538 51.1111 0.538462 139.767 7.53 100 3 1 
42 0 66.6667 53.9858 0.333333 63.3333 50.9927 0.366667 46.1538 51.1111 0.538462 140.071 7.7 100 3 1 
43 0 66.6667 53.9858 0.333333 63.3333 50.9927 0.366667 46.1538 51.1111 0.538462 140.316 7.87 100 3 1 
44 0 66.6667 53.9858 0.333333 63.3333 50.9927 0.366667 46.1538 51.1111 0.538462 140.503 8.04 100 3 1 
45 0 66.6667 53.9858 0.333333 63.3333 50.9927 0.366667 46.1538 51.1111 0.538462 141.77 8.26 100 3 1 
46 0 66.6667 53.9858 0.333333 63.3333 50.9927 0.366667 46.1538 51.1111 0.538462 142.006 8.44 100 3 1 
47 0 66.6667 53.9858 0.333333 63.3333 50.9927 0.366667 46.1538 51.1111 0.538462 141.998 8.61 100 3 1 
48 0 66.6667 53.9858 0.333333 63.3333 50.9927 0.366667 46.1538 51.1111 0.538462 141.931 8.78 100 3 1 
49 0 66.6667 53.9858 0.333333 63.3333 50.9927 0.366667 46.1538 51.1111 0.538462 141.653 8.94 100 3 1 
50 0 66.6667 53.9858 0.333333 63.3333 50.9927 0.366667 46.1538 51.1111 0.538462 142.27 9.15 100 3 1 
51 0 66.6667 53.9858 0.333333 63.3333 50.9927 0.366667 46.1538 51.1111 0.538462 142.018 9.32 100 3 1 
52 0 66.6667 53.9858 0.333333 63.3333 50.9927 0.366667 46.1538 51.1111 0.538462 141.565 9.48 100 3 1 
53 0 66.6667 53.9858 0.333333 63.3333 50.9927 0.366667 46.1538 51.1111 0.538462 142.45 9.71 100 3 1 
54 0 66.6667 53.9858 0.333333 63.3333 50.9927 0.366667 46.1538 51.1111 0.538462 141.872 9.87 100 3 1 
55 0 66.6667 53.9858 0.333333 63.3333 50.9927 0.366667 46.1538 51.1111 0.538462 141.372 10.04 100 3 1 
56 0 66.6667 53.9858 0.333333 63.3333 50.9927 0.366667 46.1538 51.1111 0.538462 140.814 10.21 100 3 1 
57 0 66.6667 53.9858 0.333333 63.3333 50.9927 0.366667 46.1538 51.1111 0.538462 140.198 10.38 100 3 1 
58 0 66.6667 53.9858 0.333333 63.3333 50.9927 0.366667 46.1538 51.1111 0.538462 139.402 10.54 100 3 1 
59 0 66.6667 53.9858 0.333333 63.3333 50.9927 0.366667 46.1538 51.1111 0.538462 138.673 10.71 100 3 1 
60 0 66.6667 53.9858 0.333333 63.3333 50.9927 0.366667 46.1538 51.1111 0.538462 137.771 10.87 100 3 1 
61 0 94.0171 93.9821 0.0598291 83.3333 83.0567 0.166667 76.9231 81.8182 0.230769 205.489 11.81 100 4 1 
62 0 94.0171 93.9821 0.0598291 83.3333 83.0567 0.166667 76.9231 81.8182 0.230769 205.489 11.81 100 4 1 
63 0 94.0171 93.9821 0.0598291 83.3333 83.0567 0.166667 76.9231 81.8182 0.230769 204.231 11.97 100 4 1 
64 0 94.0171 93.9821 0.0598291 83.3333 83.0567 0.166667 76.9231 81.8182 0.230769 203.751 12.19 100 4 1 
65 0 94.0171 93.9821 0.0598291 83.3333 83.0567 0.166667 76.9231 81.8182 0.230769 202.371 12.35 100 4 1 
66 0 94.0171 93.9821 0.0598291 83.3333 83.0567 0.166667 76.9231 81.8182 0.230769 202.371 12.35 100 4 1 
67 0 94.0171 93.9821 0.0598291 83.3333 83.0567 0.166667 76.9231 81.8182 0.230769 202.371 12.35 100 4 1 
68 0 94.0171 93.9821 0.0598291 83.3333 83.0567 0.166667 76.9231 81.8182 0.230769 200.939 12.51 100 4 1 
69 0 94.0171 93.9821 0.0598291 83.3333 83.0567 0.166667 76.9231 81.8182 0.230769 200.634 12.75 100 4 1 
70 0 94.0171 93.9821 0.0598291 83.3333 83.0567 0.166667 76.9231 81.8182 0.230769 200.634 12.75 100 4 1 
71 0 94.0171 93.9821 0.0598291 83.3333 83.0567 0.166667 76.9231 81.8182 0.230769 199.145 12.92 100 4 1 
72 0 94.0171 93.9821 0.0598291 83.3333 83.0567 0.166667 76.9231 81.8182 0.230769 199.145 12.92 100 4 1 
73 0 94.0171 93.9821 0.0598291 83.3333 83.0567 0.166667 76.9231 81.8182 0.230769 197.598 13.09 100 4 1 
74 0 94.0171 93.9821 0.0598291 83.3333 83.0567 0.166667 76.9231 81.8182 0.230769 197.598 13.09 100 4 1 
75 0 94.0171 93.9821 0.0598291 83.3333 83.0567 0.166667 76.9231 81.8182 0.230769 195.992 13.26 100 4 1 
76 0 94.0171 93.9821 0.0598291 83.3333 83.0567 0.166667 76.9231 81.8182 0.230769 194.328 13.43 100 4 1 
77 0 94.0171 93.9821 0.0598291 83.3333 83.0567 0.166667 76.9231 81.8182 0.230769 194.328 13.43 100 4 1 
