# Created by main.cpp, 2016-06-26.14:45:04
# name: results
# type: matrix
# rows: 150
# columns: 26
1 1.30769 36.1538 20.2299 6.4475 2.025 0.2025 0 100 4 5.35 3 1 1 -1 0 0 35.3846 19.8261 6.94111e-310 19.8252 1 66 55.2044 4.29497e+09 20 
2 1.10556 36.6239 20.999 12.7026 2.85986 0.4055 0 100 4 6.15 3 1 1 -1 0 0 32.6923 19.4988 6.94111e-310 19.9686 2 66 55.2044 4.29497e+09 20 
3 0.996581 37.1368 21.8675 15.2576 3.31831 0.5575 0 100 4 6.45 3 1 1 -1 0 0 33.0769 20.9707 6.94111e-310 21.5059 3 66 55.2044 4.29497e+09 20 
4 0.871368 39.9145 25.3556 20.2718 3.99581 0.7575 0 100 4 6.65 3 1 1 -1 0 0 36.5385 24.6268 6.94111e-310 24.2051 4 66 55.2044 4.29497e+09 20 
5 0.861111 40.2991 26.4258 23.4408 4.40579 0.939 0 100 4 6.35 3 1 1 -1 0 0 37.6923 26.179 6.94111e-310 25.4784 5 66 55.2044 4.29497e+09 20 
6 0.81453 40.3419 26.4415 25.7564 4.6887 1.0965 0 100 4 6.9 3 1 1 -1 0 0 37.3077 26.0197 6.94111e-310 25.61 6 66 55.2044 4.29497e+09 20 
7 0.744017 43.1624 29.8287 30.4004 5.17388 1.2945 0 100 4 6.2 3 1 1 -1 0 0 41.1538 30.1104 6.94111e-310 29.1166 7 66 55.2044 4.29497e+09 20 
8 0.755983 43.3761 30.6393 33.847 5.50057 1.477 0 100 4 6.7 3 1 1 -1 0 0 44.6154 33.0064 6.94111e-310 30.3688 8 66 55.2044 4.29497e+09 20 
9 0.77735 43.547 31.3097 36.5718 5.75413 1.651 0 100 4 6.05 3 1 1 -1 0 0 46.1538 34.2986 6.94111e-310 30.9421 9 66 55.2044 4.29497e+09 20 
10 0.72265 45.4274 33.8107 40.5797 6.10623 1.836 0 100 4 6.6 3 1 1 -1 0 0 49.2308 36.9646 6.94111e-310 32.9355 10 66 55.2044 4.29497e+09 20 
11 0.670085 47.6068 36.44 45.8862 6.5298 2.041 0 100 4 6.25 3 1 1 -1 0 0 51.9231 39.5662 6.94111e-310 35.2008 11 66 55.2044 4.29497e+09 20 
12 0.661538 48.3333 37.1034 48.439 6.73886 2.218 0 100 4 6.9 3 1 1 -1 0 0 51.5385 39.8996 6.94111e-310 35.5086 12 66 55.2044 4.29497e+09 20 
13 0.661538 48.3333 37.1034 50.5198 6.89472 2.3805 0 100 4 6.75 3 1 1 -1 0 0 51.5385 39.8996 6.94111e-310 35.5086 13 66 55.2044 4.29497e+09 20 
14 0.636752 51.3248 40.7425 55.2408 7.25071 2.593 0 100 4 7.05 3 1 1 -1 0 0 56.9231 44.3929 6.94111e-310 39.1714 14 66 55.2044 4.29497e+09 20 
15 0.570513 52.8205 42.2725 58.6131 7.4878 2.7795 0 100 4 7.15 3 1 1 -1 0 0 59.6154 46.5596 6.94111e-310 40.746 15 66 55.2044 4.29497e+09 20 
16 0.570513 52.8205 42.2725 60.2847 7.60408 2.932 0 100 4 6.75 3 1 1 -1 0 0 59.6154 46.5596 6.94111e-310 40.746 16 66 55.2044 4.29497e+09 20 
17 0.570513 52.8205 42.2725 62.2398 7.73629 3.104 0 100 4 6.7 3 1 1 -1 0 0 59.6154 46.5596 6.94111e-310 40.746 17 66 55.2044 4.29497e+09 20 
18 0.555128 54.359 44.1944 66.3486 8.00283 3.2965 0 100 4 6.8 3 1 1 -1 0 0 61.9231 48.6013 6.94111e-310 42.7698 18 66 55.2044 4.29497e+09 20 
19 0.507265 55.5556 45.3162 69.3109 8.18875 3.484 0 100 4 6.8 3 1 1 -1 0 0 62.6923 49.1925 6.94111e-310 43.7954 19 66 55.2044 4.29497e+09 20 
20 0.500855 55.6838 45.4165 71.9435 8.34745 3.6535 0 100 4 6.65 3 1 1 -1 0 0 62.3077 48.8592 6.94111e-310 44.2894 20 66 55.2044 4.29497e+09 20 
21 0.500855 55.6838 45.4165 76.4211 8.57386 3.8615 0 100 4 6.75 3 1 1 -1 0 0 62.3077 48.8592 6.94111e-310 44.2894 21 66 55.2044 4.29497e+09 20 
22 0.498291 55.9402 45.8515 78.024 8.67443 4.019 0 100 4 6.95 3 1 1 -1 0 0 62.6923 50.2342 6.94111e-310 44.7278 22 66 55.2044 4.29497e+09 20 
23 0.520085 56.453 46.5655 80.5516 8.82659 4.2095 0 100 4 7.05 3 1 1 -1 0 0 63.8462 50.8551 6.94111e-310 45.2484 23 66 55.2044 4.29497e+09 20 
24 0.517949 56.6667 46.9182 84.2893 9.0304 4.412 0 100 4 7.15 3 1 1 -1 0 0 65 51.2339 6.94111e-310 45.5372 24 66 55.2044 4.29497e+09 20 
25 0.517949 56.6667 46.9182 85.8198 9.11849 4.584 0 100 4 7.15 3 1 1 -1 0 0 65 51.2339 6.94111e-310 45.5372 25 66 55.2044 4.29497e+09 20 
26 0.517949 56.6667 46.9182 86.8147 9.1746 4.722 0 100 4 7.15 3 1 1 -1 0 0 65 51.2339 6.94111e-310 45.5372 26 66 55.2044 4.29497e+09 20 
27 0.517949 56.6667 46.9182 91.3821 9.39169 4.943 0 100 4 7.15 3 1 1 -1 0 0 65 51.2339 6.94111e-310 45.5372 27 66 55.2044 4.29497e+09 20 
28 0.517949 56.6667 46.9182 92.4494 9.44801 5.092 0 100 4 7.15 3 1 1 -1 0 0 65 51.2339 6.94111e-310 45.5372 28 66 55.2044 4.29497e+09 20 
29 0.517949 56.6667 46.9182 94.656 9.5623 5.273 0 100 4 7.15 3 1 1 -1 0 0 65 51.2339 6.94111e-310 45.5372 29 66 55.2044 4.29497e+09 20 
30 0.517949 56.6667 46.9182 95.6179 9.61508 5.4255 0 100 4 7.15 3 1 1 -1 0 0 65 51.2339 6.94111e-310 45.5372 30 66 55.2044 4.29497e+09 20 
31 0.508974 57.5641 47.9011 97.0975 9.70095 5.588 0 100 4 7.15 3 1 1 -1 0 0 65.3846 51.8471 6.94111e-310 46.0554 31 66 55.2044 4.29497e+09 20 
32 0.508974 57.5641 47.9011 97.8364 9.74065 5.729 0 100 4 7.15 3 1 1 -1 0 0 65.3846 51.8471 6.94111e-310 46.0554 32 66 55.2044 4.29497e+09 20 
33 0.502991 58.1624 48.5002 100.668 9.87353 5.9105 0 100 4 6.8 3 1 1 -1 0 0 66.9231 52.6884 6.94111e-310 47.3687 33 66 55.2044 4.29497e+09 20 
34 0.502991 58.1624 48.5002 101.672 9.92754 6.077 0 100 4 6.8 3 1 1 -1 0 0 66.9231 52.6884 6.94111e-310 47.3687 34 66 55.2044 4.29497e+09 20 
35 0.502991 58.1624 48.5002 103.323 10.0118 6.2335 0 100 4 6.8 3 1 1 -1 0 0 66.9231 52.6884 6.94111e-310 47.3687 35 66 55.2044 4.29497e+09 20 
36 0.502991 58.1624 48.5002 104.842 10.0914 6.418 0 100 4 6.8 3 1 1 -1 0 0 66.9231 52.6884 6.94111e-310 47.3687 36 66 55.2044 4.29497e+09 20 
37 0.501282 58.3333 48.5643 107.378 10.2164 6.618 0 100 4 6.75 3 1 1 -1 0 0 65.7692 52.3166 6.94111e-310 47.0854 37 66 55.2044 4.29497e+09 20 
38 0.501282 58.3333 48.5643 108.964 10.2768 6.786 0 100 4 6.75 3 1 1 -1 0 0 65.7692 52.3166 6.94111e-310 47.0854 38 66 55.2044 4.29497e+09 20 
39 0.501282 58.3333 48.661 111.97 10.4127 6.9945 0 100 4 6.85 3 1 1 -1 0 0 65.7692 52.1954 6.94111e-310 47.0839 39 66 55.2044 4.29497e+09 20 
40 0.501282 58.3333 48.7694 114.424 10.5278 7.1815 0 100 4 6.85 3 1 1 -1 0 0 65.7692 52.1641 6.94111e-310 47.1095 40 66 55.2044 4.29497e+09 20 
41 0.501282 58.3333 48.7694 115.455 10.5747 7.3345 0 100 4 6.85 3 1 1 -1 0 0 65.7692 52.1641 6.94111e-310 47.1095 41 66 55.2044 4.29497e+09 20 
42 0.532479 58.4188 48.8661 116.52 10.6285 7.503 0 100 4 6.85 3 1 1 -1 0 0 64.2308 51.5715 6.94111e-310 47.195 42 66 55.2044 4.29497e+09 20 
43 0.532479 58.4188 48.8661 117.035 10.6559 7.68 0 100 4 6.85 3 1 1 -1 0 0 64.2308 51.5715 6.94111e-310 47.195 43 66 55.2044 4.29497e+09 20 
44 0.476496 59.7863 50.3239 120.506 10.8251 7.901 0 100 4 6.6 3 1 1 -1 0 0 64.6154 51.8294 6.94111e-310 48.2346 44 66 55.2044 4.29497e+09 20 
45 0.476496 59.7863 50.3239 120.861 10.8417 8.056 0 100 4 6.6 3 1 1 -1 0 0 64.6154 51.8294 6.94111e-310 48.2346 45 66 55.2044 4.29497e+09 20 
46 0.431197 60.9829 51.6752 121.888 10.898 8.2365 0 100 4 6.95 3 1 1 -1 0 0 67.3077 53.7149 6.94111e-310 49.2118 46 66 55.2044 4.29497e+09 20 
47 0.431197 60.9829 51.6752 122.886 10.9306 8.3985 0 100 4 6.95 3 1 1 -1 0 0 67.3077 53.7149 6.94111e-310 49.2118 47 66 55.2044 4.29497e+09 20 
48 0.413675 61.453 52.0464 125.44 11.059 8.6095 0 100 4 7.3 3 1 1 -1 0 0 67.3077 53.7553 6.94111e-310 49.9806 48 66 55.2044 4.29497e+09 20 
49 0.413675 61.453 52.0464 125.488 11.063 8.7585 0 100 4 6.95 3 1 1 -1 0 0 67.3077 53.7553 6.94111e-310 49.9806 49 66 55.2044 4.29497e+09 20 
50 0.413675 61.453 52.0464 125.823 11.0805 8.938 0.4 100 4 7.3 3 1 1 -1 0 0 67.3077 53.7553 6.94111e-310 49.9806 50 66 55.2044 4.29497e+09 20 
51 0.413675 61.453 52.0464 127.808 11.154 9.13 1.75 100 4 6.95 3 1 1 -1 0 0 67.3077 53.7553 6.94111e-310 49.9806 51 66 55.2044 4.29497e+09 20 
52 0.413675 61.453 52.0464 128.719 11.1946 9.314 4.35 100 4 7.3 3 1 1 -1 0 0 67.3077 53.7553 6.94111e-310 49.9806 52 66 55.2044 4.29497e+09 20 
53 0.403846 62.3077 52.5473 130.517 11.2768 9.4855 6.325 100 4 7.1 3 1 1 -1 0 0 68.0769 54.1827 6.94111e-310 50.8524 53 66 55.2044 4.29497e+09 20 
54 0.403846 62.3077 52.5473 130.211 11.2658 9.653 8.275 100 4 7.45 3 1 1 -1 0 0 68.0769 54.1827 6.94111e-310 50.8524 54 66 55.2044 4.29497e+09 20 
55 0.402137 62.4786 52.6375 131.596 11.3318 9.8435 10.125 100 4 7.15 3 1 1 -1 0 0 68.0769 54.1827 6.94111e-310 51.6789 55 66 55.2044 4.29497e+09 20 
