# Created by main.cpp, 2016-06-04.16:16:33
# name: results
# type: matrix
# rows: 10
# columns: 20
1 683 82.5403 80.3756 179.023 13.3598 37.9026 -1 150 9 11 2 -1 1 -1 -1 -1 -1 -1 596.25 
2 572 83.1259 81.1535 209.453 14.4589 42.6481 -1 150 9 11 2 -1 1 -1 -1 -1 -1 -1 1196.25 
3 512.25 85.981 84.6767 222.669 14.8645 41.4735 -1 150 9 11 2 -1 1 -1 -1 -1 -1 -1 1796.5 
4 572 85.981 84.7686 217.397 14.6698 41.46 -1 150 9 11 2 -1 1 -1 -1 -1 -1 -1 2397 
5 572 86.4202 85.4378 231.418 15.2054 42.2488 -1 150 9 11 2 -1 1 -1 -1 -1 -1 -1 2996 
6 461 86.5666 85.466 207.626 14.3877 43.2239 -1 150 9 11 2 -1 1 -1 -1 -1 -1 -1 3596.25 
7 461 86.6764 85.6758 226.594 15.0465 41.8079 -1 150 9 11 2 -1 1 -1 -1 -1 -1 -1 4199.5 
8 461 87.8477 86.7483 235.819 15.2566 41.9798 -1 150 9 11 2 -1 1 -1 -1 -1 -1 -1 4805.5 
9 572 88.2138 87.0473 250.813 15.8118 42.539 -1 150 9 11 2 -1 1 -1 -1 -1 -1 -1 5399.25 
10 572 88.2138 87.0473 209.215 14.4543 41.9301 -1 150 9 11 2 -1 1 -1 -1 -1 -1 -1 5938.75 

# Created by main.cpp, 2016-06-04.16:16:33
# name: err_results
# type: matrix
# rows: 10
# columns: 1
-nan 
-nan 
-nan 
-nan 
-nan 
-nan 
-nan 
-nan 
-nan 
-nan 

