# Created by main.cpp, 2016-06-26.14:45:35
# name: results
# type: matrix
# rows: 150
# columns: 26
1 0.588889 41.1111 31.219 11.625 3.15 0.315 0 100 9 5.45 2 1 1 -1 0 0 45.8696 35.686 6.94111e-310 34.9275 1 84.6429 83.4271 4.29497e+09 20 
2 0.444203 55.5797 38.5936 23.5118 4.69537 0.647 0 100 9 5.75 2 1 1 -1 0 0 58.0435 41.5343 6.94111e-310 40.0758 2 84.6429 83.4271 4.29497e+09 20 
3 0.354831 64.5169 42.6047 34.5878 5.7945 0.97 0 100 9 5.75 2 1 1 -1 0 0 65.8696 45.0727 6.94111e-310 42.34 3 84.6429 83.4271 4.29497e+09 20 
4 0.331884 66.8116 44.7523 48.754 6.87323 1.3345 0 100 9 5.9 2 1 1 -1 0 0 69.1304 48.6588 6.94111e-310 45.1041 4 84.6429 83.4271 4.29497e+09 20 
5 0.312077 68.7923 49.6967 65.325 7.96581 1.727 0 100 9 5.2 2 1 1 -1 0 0 73.913 56.4064 6.94111e-310 51.9793 5 84.6429 83.4271 4.29497e+09 20 
6 0.292995 70.7005 50.5058 77.0953 8.67076 2.06 0 100 9 5.8 2 1 1 -1 0 0 74.5652 55.5546 6.94111e-310 51.625 6 84.6429 83.4271 4.29497e+09 20 
7 0.292995 70.7005 50.5058 86.4388 9.20009 2.368 0 100 9 5.5 2 1 1 -1 0 0 74.5652 55.5546 6.94111e-310 51.625 7 84.6429 83.4271 4.29497e+09 20 
8 0.292995 70.7005 50.5058 95.5321 9.66115 2.673 0 100 9 5.6 2 1 1 -1 0 0 74.5652 55.5546 6.94111e-310 51.625 8 84.6429 83.4271 4.29497e+09 20 
9 0.292995 70.7005 50.5058 104.891 10.146 2.991 0 100 9 6.1 2 1 1 -1 0 0 74.5652 55.5546 6.94111e-310 51.625 9 84.6429 83.4271 4.29497e+09 20 
10 0.28913 71.087 50.8952 113.156 10.5541 3.2885 0 100 9 4.45 2 1 1 -1 0 0 75 55.9778 6.94111e-310 52.068 10 84.6429 83.4271 4.29497e+09 20 
11 0.298551 70.1449 51.4706 123.463 11.0169 3.615 0 100 9 6.25 2 1 1 -1 0 0 74.1304 56.5347 6.94111e-310 52.1271 11 84.6429 83.4271 4.29497e+09 20 
12 0.29372 70.628 53.0331 135.184 11.5321 3.9625 0 100 9 4.9 2 1 1 -1 0 0 75.8696 59.5528 6.94111e-310 54.7076 12 84.6429 83.4271 4.29497e+09 20 
13 0.28599 71.401 55.8769 152.683 12.2735 4.404 0 100 9 6.45 2 1 1 -1 0 0 77.6087 63.6195 6.94111e-310 59.2214 13 84.6429 83.4271 4.29497e+09 20 
14 0.28599 71.401 55.8769 162.468 12.6675 4.7345 0 100 9 5.25 2 1 1 -1 0 0 77.6087 63.6195 6.94111e-310 59.2214 14 84.6429 83.4271 4.29497e+09 20 
15 0.277295 72.2705 57.9686 172.736 13.0535 5.069 0 100 9 5.55 2 1 1 -1 0 0 78.913 66.0756 6.94111e-310 62.5326 15 84.6429 83.4271 4.29497e+09 20 
16 0.281884 71.8116 58.2124 180.663 13.3641 5.388 0 100 9 6.2 2 1 1 -1 0 0 78.6957 66.4688 6.94111e-310 62.3203 16 84.6429 83.4271 4.29497e+09 20 
17 0.281884 71.8116 58.2124 188.777 13.665 5.716 0 100 9 6.85 2 1 1 -1 0 0 78.6957 66.4688 6.94111e-310 62.3203 17 84.6429 83.4271 4.29497e+09 20 
18 0.278744 72.1256 59.9025 199.024 14.0355 6.0705 0 100 9 6.4 2 1 1 -1 0 0 79.5652 68.6133 6.94111e-310 64.3916 18 84.6429 83.4271 4.29497e+09 20 
19 0.278744 72.1256 59.9025 205.491 14.2675 6.374 0 100 9 6.4 2 1 1 -1 0 0 79.5652 68.6133 6.94111e-310 64.3916 19 84.6429 83.4271 4.29497e+09 20 
20 0.280676 71.9324 61.1424 215.919 14.6362 6.747 0 100 9 6.65 2 1 1 -1 0 0 80.8696 71.3147 6.94111e-310 66.5992 20 84.6429 83.4271 4.29497e+09 20 
21 0.280676 71.9324 61.1424 220.906 14.8076 7.0315 0 100 9 6.6 2 1 1 -1 0 0 80.8696 71.3147 6.94111e-310 66.5992 21 84.6429 83.4271 4.29497e+09 20 
22 0.275604 72.4396 62.8022 232.494 15.1993 7.4205 0 100 9 6.75 2 1 1 -1 0 0 81.087 72.5381 6.94111e-310 68.805 22 84.6429 83.4271 4.29497e+09 20 
23 0.262319 73.7681 63.1714 240.903 15.4665 7.767 0 100 9 6.7 2 1 1 -1 0 0 82.1739 73.2168 6.94111e-310 69.4206 23 84.6429 83.4271 4.29497e+09 20 
24 0.262319 73.7681 63.1714 251.028 15.7833 8.13 0 100 9 6.6 2 1 1 -1 0 0 82.1739 73.2168 6.94111e-310 69.4206 24 84.6429 83.4271 4.29497e+09 20 
25 0.262802 73.7198 63.2426 258.804 16.0221 8.473 0 100 9 7.25 2 1 1 -1 0 0 81.5217 72.1043 6.94111e-310 69.505 25 84.6429 83.4271 4.29497e+09 20 
26 0.262802 73.7198 63.2426 267.421 16.2889 8.8355 0 100 9 6.85 2 1 1 -1 0 0 81.5217 72.1043 6.94111e-310 69.505 26 84.6429 83.4271 4.29497e+09 20 
27 0.264493 73.5507 63.2943 273.954 16.4845 9.163 0 100 9 7.35 2 1 1 -1 0 0 81.7391 72.3951 6.94111e-310 69.8992 27 84.6429 83.4271 4.29497e+09 20 
28 0.264734 73.5266 64.5392 281.367 16.7145 9.5105 0 100 9 7.05 2 1 1 -1 0 0 82.6087 74.5397 6.94111e-310 71.776 28 84.6429 83.4271 4.29497e+09 20 
29 0.257729 74.2271 65.9392 289.605 16.9653 9.8675 0 100 9 6.4 2 1 1 -1 0 0 84.1304 76.8479 6.94111e-310 74.196 29 84.6429 83.4271 4.29497e+09 20 
30 0.251449 74.8551 68.1854 300.052 17.276 10.255 0 100 9 6.75 2 1 1 -1 0 0 85.2174 78.9022 6.94111e-310 77.4996 30 84.6429 83.4271 4.29497e+09 20 
31 0.257005 74.2995 68.2136 309.16 17.5387 10.6305 0 100 9 6.4 2 1 1 -1 0 0 86.087 80.6928 6.94111e-310 78.3307 31 84.6429 83.4271 4.29497e+09 20 
32 0.257005 74.2995 68.2136 316.084 17.7309 10.9955 0 100 9 6.45 2 1 1 -1 0 0 86.087 80.6928 6.94111e-310 78.3307 32 84.6429 83.4271 4.29497e+09 20 
33 0.257005 74.2995 68.2136 320.332 17.8529 11.3205 0 100 9 6.45 2 1 1 -1 0 0 86.087 80.6928 6.94111e-310 78.3307 33 84.6429 83.4271 4.29497e+09 20 
34 0.257005 74.2995 68.2136 327.619 18.0568 11.706 0 100 9 6.45 2 1 1 -1 0 0 86.087 80.6928 6.94111e-310 78.3307 34 84.6429 83.4271 4.29497e+09 20 
35 0.257005 74.2995 68.2136 332.945 18.1979 12.054 0 100 9 6.45 2 1 1 -1 0 0 86.087 80.6928 6.94111e-310 78.3307 35 84.6429 83.4271 4.29497e+09 20 
36 0.257005 74.2995 68.2136 338.098 18.3408 12.4 0 100 9 6.25 2 1 1 -1 0 0 86.087 80.6928 6.94111e-310 78.3307 36 84.6429 83.4271 4.29497e+09 20 
37 0.257005 74.2995 68.2136 344.222 18.5111 12.766 0 100 9 6.35 2 1 1 -1 0 0 86.087 80.6928 6.94111e-310 78.3307 37 84.6429 83.4271 4.29497e+09 20 
38 0.253623 74.6377 69.2553 349.307 18.6516 13.1145 0 100 9 6.45 2 1 1 -1 0 0 86.7391 82.3638 6.94111e-310 79.3706 38 84.6429 83.4271 4.29497e+09 20 
39 0.25 75 69.3929 353.815 18.7723 13.465 0 100 9 6.2 2 1 1 -1 0 0 86.9565 82.5502 6.94111e-310 79.2146 39 84.6429 83.4271 4.29497e+09 20 
40 0.249034 75.0966 69.4521 358.827 18.9027 13.816 0 100 9 6.3 2 1 1 -1 0 0 86.9565 82.5502 6.94111e-310 79.104 40 84.6429 83.4271 4.29497e+09 20 
41 0.249034 75.0966 69.4521 364.265 19.0464 14.1955 0 100 9 6.1 2 1 1 -1 0 0 86.9565 82.5502 6.94111e-310 79.104 41 84.6429 83.4271 4.29497e+09 20 
42 0.249034 75.0966 69.4521 366.715 19.1147 14.519 0 100 9 6.1 2 1 1 -1 0 0 86.9565 82.5502 6.94111e-310 79.104 42 84.6429 83.4271 4.29497e+09 20 
43 0.247826 75.2174 69.4889 371.775 19.2483 14.903 0 100 9 6.5 2 1 1 -1 0 0 87.1739 82.763 6.94111e-310 79.0529 43 84.6429 83.4271 4.29497e+09 20 
44 0.247826 75.2174 69.4889 372.993 19.2793 15.217 0 100 9 6.5 2 1 1 -1 0 0 87.1739 82.763 6.94111e-310 79.0529 44 84.6429 83.4271 4.29497e+09 20 
45 0.247826 75.2174 69.4889 374.953 19.3289 15.5475 0 100 9 6.5 2 1 1 -1 0 0 87.1739 82.763 6.94111e-310 79.0529 45 84.6429 83.4271 4.29497e+09 20 
46 0.261836 73.8164 69.5785 378.155 19.4117 15.9055 0 100 9 6.6 2 1 1 -1 0 0 86.5217 83.5337 6.94111e-310 79.805 46 84.6429 83.4271 4.29497e+09 20 
47 0.260145 73.9855 69.8263 382.16 19.5181 16.281 0 100 9 6.55 2 1 1 -1 0 0 86.5217 83.568 6.94111e-310 79.9166 47 84.6429 83.4271 4.29497e+09 20 
48 0.256763 74.3237 69.9465 384.941 19.5906 16.6195 0 100 9 6.55 2 1 1 -1 0 0 86.3043 83.2429 6.94111e-310 79.7692 48 84.6429 83.4271 4.29497e+09 20 
49 0.256763 74.3237 69.9465 384.919 19.5892 16.9235 0 100 9 6.55 2 1 1 -1 0 0 86.3043 83.2429 6.94111e-310 79.7692 49 84.6429 83.4271 4.29497e+09 20 
50 0.256763 74.3237 69.9465 385.354 19.6016 17.2485 9.825 100 9 6.55 2 1 1 -1 0 0 86.3043 83.2429 6.94111e-310 79.7692 50 84.6429 83.4271 4.29497e+09 20 
51 0.256763 74.3237 69.9465 387.966 19.6645 17.624 20.575 100 9 6.55 2 1 1 -1 0 0 86.3043 83.2429 6.94111e-310 79.7692 51 84.6429 83.4271 4.29497e+09 20 
52 0.254348 74.5652 70.0299 390.626 19.7307 18.0035 21.65 100 9 6.8 2 1 1 -1 0 0 86.3043 83.1385 6.94111e-310 79.7004 52 84.6429 83.4271 4.29497e+09 20 
53 0.254348 74.5652 70.0299 392.179 19.7735 18.3535 21.875 100 9 6.8 2 1 1 -1 0 0 86.3043 83.1385 6.94111e-310 79.7004 53 84.6429 83.4271 4.29497e+09 20 
