# Created by main.cpp, 2016-06-29.10:15:13
# name: results
# type: matrix
# rows: 150
# columns: 16
1 0 28.9855 22.4719 0.710145 28.5714 22.2222 0.714286 34.7826 25.8065 0.652174 4.84 0.22 100 1 1 
2 0 28.9855 22.4719 0.710145 28.5714 22.2222 0.714286 34.7826 25.8065 0.652174 9.58222 0.44 100 6 1 
3 0 28.9855 22.4719 0.710145 28.5714 22.2222 0.714286 34.7826 25.8065 0.652174 14.2267 0.66 100 1 1 
4 0 28.9855 22.4719 0.710145 28.5714 22.2222 0.714286 34.7826 25.8065 0.652174 18.7733 0.88 100 9 1 
5 0 28.9855 22.4719 0.710145 28.5714 22.2222 0.714286 34.7826 25.8065 0.652174 22.81 1.09 100 6 1 
6 0 28.9855 22.4719 0.710145 28.5714 22.2222 0.714286 34.7826 25.8065 0.652174 27.1656 1.31 100 10 1 
7 0 28.9855 22.4719 0.710145 28.5714 22.2222 0.714286 34.7826 25.8065 0.652174 31.4233 1.53 100 1 1 
8 0 71.0145 41.5254 0.289855 71.4286 41.6667 0.285714 65.2174 39.4737 0.347826 47.7652 1.95 100 3 1 
9 0 71.9807 46.4018 0.280193 76.7857 58.8002 0.232143 73.913 61.6667 0.26087 67.113 2.41 100 4 1 
10 0 71.9807 46.4018 0.280193 76.7857 58.8002 0.232143 73.913 61.6667 0.26087 70.8819 2.63 100 4 1 
11 0 71.9807 46.4018 0.280193 76.7857 58.8002 0.232143 73.913 61.6667 0.26087 74.553 2.85 100 4 1 
12 0 71.9807 46.4018 0.280193 76.7857 58.8002 0.232143 73.913 61.6667 0.26087 89.7748 3.27 100 4 1 
13 0 71.9807 46.4018 0.280193 76.7857 58.8002 0.232143 73.913 61.6667 0.26087 93.1615 3.49 100 4 1 
14 0 71.9807 46.4018 0.280193 76.7857 58.8002 0.232143 73.913 61.6667 0.26087 107.84 3.91 100 4 1 
15 0 71.9807 46.4018 0.280193 76.7857 58.8002 0.232143 73.913 61.6667 0.26087 122.163 4.33 100 4 1 
16 0 71.9807 46.4018 0.280193 76.7857 58.8002 0.232143 73.913 61.6667 0.26087 125.078 4.55 100 4 1 
17 0 71.9807 46.4018 0.280193 76.7857 58.8002 0.232143 73.913 61.6667 0.26087 133.513 4.89 100 4 1 
18 0 71.9807 46.4018 0.280193 76.7857 58.8002 0.232143 73.913 61.6667 0.26087 147.004 5.31 100 4 1 
19 0 71.9807 46.4018 0.280193 76.7857 58.8002 0.232143 73.913 61.6667 0.26087 160.138 5.73 100 4 1 
20 0 71.9807 46.4018 0.280193 76.7857 58.8002 0.232143 73.913 61.6667 0.26087 162.432 5.95 100 4 1 
21 0 71.9807 46.4018 0.280193 76.7857 58.8002 0.232143 73.913 61.6667 0.26087 164.627 6.17 100 4 1 
22 0 71.9807 46.4018 0.280193 76.7857 58.8002 0.232143 73.913 61.6667 0.26087 177.032 6.59 100 4 1 
23 0 71.9807 46.4018 0.280193 76.7857 58.8002 0.232143 73.913 61.6667 0.26087 189.081 7.01 100 4 1 
24 0 71.9807 46.4018 0.280193 76.7857 58.8002 0.232143 73.913 61.6667 0.26087 200.773 7.43 100 4 1 
25 0 71.9807 46.4018 0.280193 76.7857 58.8002 0.232143 73.913 61.6667 0.26087 212.109 7.85 100 4 1 
26 0 71.9807 46.4018 0.280193 76.7857 58.8002 0.232143 73.913 61.6667 0.26087 213.46 8.07 100 4 1 
27 0 71.9807 46.4018 0.280193 76.7857 58.8002 0.232143 73.913 61.6667 0.26087 214.713 8.29 100 4 1 
28 0 75.3623 72.3819 0.246377 91.0714 89.2597 0.0892857 78.2609 78.0952 0.217391 254.495 9.01 100 10 1 
29 0 75.3623 72.3819 0.246377 91.0714 89.2597 0.0892857 78.2609 78.0952 0.217391 264.49 9.43 100 10 1 
30 0 75.3623 72.3819 0.246377 91.0714 89.2597 0.0892857 78.2609 78.0952 0.217391 265.139 9.65 100 10 1 
31 0 75.3623 72.3819 0.246377 91.0714 89.2597 0.0892857 78.2609 78.0952 0.217391 274.591 10.07 100 10 1 
32 0 75.3623 72.3819 0.246377 91.0714 89.2597 0.0892857 78.2609 78.0952 0.217391 283.687 10.49 100 10 1 
33 0 75.3623 72.3819 0.246377 91.0714 89.2597 0.0892857 78.2609 78.0952 0.217391 292.426 10.91 100 10 1 
34 0 75.3623 72.3819 0.246377 91.0714 89.2597 0.0892857 78.2609 78.0952 0.217391 300.809 11.33 100 10 1 
35 0 75.3623 72.3819 0.246377 91.0714 89.2597 0.0892857 78.2609 78.0952 0.217391 300.614 11.55 100 10 1 
36 0 75.3623 72.3819 0.246377 91.0714 89.2597 0.0892857 78.2609 78.0952 0.217391 300.32 11.77 100 10 1 
37 0 75.3623 72.3819 0.246377 91.0714 89.2597 0.0892857 78.2609 78.0952 0.217391 299.737 11.98 100 10 1 
38 0 75.3623 72.3819 0.246377 91.0714 89.2597 0.0892857 78.2609 78.0952 0.217391 307.212 12.4 100 10 1 
39 0 75.3623 72.3819 0.246377 91.0714 89.2597 0.0892857 78.2609 78.0952 0.217391 306.202 12.6 100 10 1 
40 0 75.3623 72.3819 0.246377 91.0714 89.2597 0.0892857 78.2609 78.0952 0.217391 305.442 12.82 100 10 1 
41 0 75.3623 72.3819 0.246377 91.0714 89.2597 0.0892857 78.2609 78.0952 0.217391 308.627 13.17 100 10 1 
42 0 75.3623 72.3819 0.246377 91.0714 89.2597 0.0892857 78.2609 78.0952 0.217391 315.093 13.59 100 10 1 
43 0 75.3623 72.3819 0.246377 91.0714 89.2597 0.0892857 78.2609 78.0952 0.217391 320.646 14 100 10 1 
44 0 75.3623 72.3819 0.246377 91.0714 89.2597 0.0892857 78.2609 78.0952 0.217391 319.264 14.22 100 10 1 
45 0 75.3623 72.3819 0.246377 91.0714 89.2597 0.0892857 78.2609 78.0952 0.217391 324.839 14.64 100 10 1 
46 0 75.3623 72.3819 0.246377 91.0714 89.2597 0.0892857 78.2609 78.0952 0.217391 323.172 14.86 100 10 1 
47 0 75.3623 72.3819 0.246377 91.0714 89.2597 0.0892857 78.2609 78.0952 0.217391 328.204 15.28 100 10 1 
48 0 75.3623 72.3819 0.246377 91.0714 89.2597 0.0892857 78.2609 78.0952 0.217391 326.253 15.5 100 10 1 
49 0 75.3623 72.3819 0.246377 91.0714 89.2597 0.0892857 78.2609 78.0952 0.217391 330.741 15.92 100 10 1 
50 0 75.3623 72.3819 0.246377 91.0714 89.2597 0.0892857 78.2609 78.0952 0.217391 334.873 16.34 100 10 1 
51 0 75.3623 72.3819 0.246377 91.0714 89.2597 0.0892857 78.2609 78.0952 0.217391 332.451 16.56 100 10 1 
52 0 75.3623 72.3819 0.246377 91.0714 89.2597 0.0892857 78.2609 78.0952 0.217391 329.931 16.78 100 10 1 
53 0 75.3623 72.3819 0.246377 91.0714 89.2597 0.0892857 78.2609 78.0952 0.217391 327.313 17 100 10 1 
54 0 75.3623 72.3819 0.246377 91.0714 89.2597 0.0892857 78.2609 78.0952 0.217391 330.529 17.42 100 10 1 
55 0 75.3623 72.3819 0.246377 91.0714 89.2597 0.0892857 78.2609 78.0952 0.217391 333.388 17.84 100 10 1 
56 0 75.3623 72.3819 0.246377 91.0714 89.2597 0.0892857 78.2609 78.0952 0.217391 333.743 18.21 100 10 1 
57 0 75.3623 72.3819 0.246377 91.0714 89.2597 0.0892857 78.2609 78.0952 0.217391 335.932 18.63 100 10 1 
58 0 75.3623 72.3819 0.246377 91.0714 89.2597 0.0892857 78.2609 78.0952 0.217391 332.492 18.85 100 10 1 
59 0 75.3623 72.3819 0.246377 91.0714 89.2597 0.0892857 78.2609 78.0952 0.217391 334.138 19.27 100 10 1 
60 0 75.3623 72.3819 0.246377 91.0714 89.2597 0.0892857 78.2609 78.0952 0.217391 330.414 19.49 100 10 1 
61 0 75.3623 72.3819 0.246377 91.0714 89.2597 0.0892857 78.2609 78.0952 0.217391 326.592 19.71 100 10 1 
62 0 75.3623 72.3819 0.246377 91.0714 89.2597 0.0892857 78.2609 78.0952 0.217391 322.672 19.93 100 10 1 
63 0 75.3623 72.3819 0.246377 91.0714 89.2597 0.0892857 78.2609 78.0952 0.217391 323.402 20.35 100 10 1 
64 0 75.3623 72.3819 0.246377 91.0714 89.2597 0.0892857 78.2609 78.0952 0.217391 323.775 20.77 100 10 1 
65 0 75.3623 72.3819 0.246377 91.0714 89.2597 0.0892857 78.2609 78.0952 0.217391 319.384 20.99 100 10 1 
66 0 75.3623 72.3819 0.246377 91.0714 89.2597 0.0892857 78.2609 78.0952 0.217391 314.903 21.19 100 10 1 
67 0 75.3623 72.3819 0.246377 91.0714 89.2597 0.0892857 78.2609 78.0952 0.217391 319.081 21.7 100 10 1 
68 0 75.3623 72.3819 0.246377 91.0714 89.2597 0.0892857 78.2609 78.0952 0.217391 318.309 22.12 100 10 1 
69 0 75.3623 72.3819 0.246377 91.0714 89.2597 0.0892857 78.2609 78.0952 0.217391 317.18 22.54 100 10 1 
70 0 75.3623 72.3819 0.246377 91.0714 89.2597 0.0892857 78.2609 78.0952 0.217391 312.27 22.82 100 10 1 
71 0 75.3623 72.3819 0.246377 91.0714 89.2597 0.0892857 78.2609 78.0952 0.217391 306.968 23.04 100 10 1 
72 0 75.3623 72.3819 0.246377 91.0714 89.2597 0.0892857 78.2609 78.0952 0.217391 305.059 23.46 100 10 1 
73 0 75.3623 72.3819 0.246377 91.0714 89.2597 0.0892857 78.2609 78.0952 0.217391 299.472 23.68 100 10 1 
74 0 75.3623 72.3819 0.246377 91.0714 89.2597 0.0892857 78.2609 78.0952 0.217391 296.669 24.09 100 10 1 
75 0 75.3623 72.3819 0.246377 91.0714 89.2597 0.0892857 78.2609 78.0952 0.217391 290.802 24.31 100 10 1 
76 0 75.3623 72.3819 0.246377 91.0714 89.2597 0.0892857 78.2609 78.0952 0.217391 299.552 24.94 100 10 1 
