# Created by main.cpp, 2016-06-26.14:43:42
# name: results
# type: matrix
# rows: 150
# columns: 25
0 0.264682 54.4578 36.3969 0 0 0 -1 -1 9 1 1 1 1 -1 -1 -1 55.0909 35.8911 53.4545 35.5199 0 81.8182 79.7443 20 
1 0.156852 70.753 42.8324 0 0 0 -1 -1 9 1.45 1 1 1 -1 -1 -1 71.2727 42.9257 72 43.2951 1 81.8182 79.7443 20 
2 0.156852 70.753 42.8324 0 0 0 -1 -1 9 1.45 1 1 1 -1 -1 -1 71.2727 42.9257 72 43.2951 2 81.8182 79.7443 20 
3 0.144224 71.4458 45.4059 0 0 0 -1 -1 9 1.5 1 1 1 -1 -1 -1 72.6364 46.4982 73.1818 47.1499 3 81.8182 79.7443 20 
4 0.110888 75.1205 58.2572 0 0 0 -1 -1 9 1.65 1 1 1 -1 -1 -1 76.8182 60.866 75.8182 59.2813 4 81.8182 79.7443 20 
5 0.0991325 75.8133 61.0109 0 0 0 -1 -1 9 1.7 1 1 1 -1 -1 -1 77.4545 64.1707 75.6364 62.0781 5 81.8182 79.7443 20 
6 0.090823 76.7169 64.0488 0 0 0 -1 -1 9 1.75 1 1 1 -1 -1 -1 78.6364 67.1111 76.1818 64.356 6 81.8182 79.7443 20 
7 0.0798555 77.3193 65.1835 0 0 0 -1 -1 9 1.8 1 1 1 -1 -1 -1 79.1818 68.33 76.9091 65.7734 7 81.8182 79.7443 20 
8 0.0618105 79.006 70.3372 0 0 0 -1 -1 9 1.9 1 1 1 -1 -1 -1 80.8182 73.3452 78 70.0989 8 81.8182 79.7443 20 
9 0.0609681 79.6687 71.2811 0 0 0 -1 -1 9 1.9 1 1 1 -1 -1 -1 81.5455 74.4619 78.6364 70.983 9 81.8182 79.7443 20 
10 0.0483483 79.9096 71.9798 0 0 0 -1 -1 9 1.95 1 1 1 -1 -1 -1 82.5455 75.8811 78.3636 71.2444 10 81.8182 79.7443 20 
11 0.0454536 81.9277 75.2317 0 0 0 -1 -1 9 1.95 1 1 1 -1 -1 -1 83.4545 77.4612 77.9091 71.8476 11 81.8182 79.7443 20 
12 0.0428681 83.4639 77.6393 0 0 0 -1 -1 9 1.95 1 1 1 -1 -1 -1 84.5455 79.4658 79.3636 74.5224 12 81.8182 79.7443 20 
13 0.0322155 85.3313 80.6805 0 0 0 -1 -1 9 2 1 1 1 -1 -1 -1 85.6364 82.0962 80.3636 77.1176 13 81.8182 79.7443 20 
14 0.0313742 86.2651 81.7805 0 0 0 -1 -1 9 2 1 1 1 -1 -1 -1 86.8182 83.3725 80.6364 77.5339 14 81.8182 79.7443 20 
15 0.0305129 87.1988 83.6741 0 0 0 -1 -1 9 2 1 1 1 -1 -1 -1 87.2727 84.7268 80.7273 78.2762 15 81.8182 79.7443 20 
16 0.0298903 87.9518 84.5399 0 0 0 -1 -1 9 2 1 1 1 -1 -1 -1 87.5455 85.226 81.5455 79.353 16 81.8182 79.7443 20 
17 0.0294692 88.1928 84.7173 0 0 0 -1 -1 9 2 1 1 1 -1 -1 -1 88.1818 85.9302 81.6364 79.4339 17 81.8182 79.7443 20 
18 0.0294408 88.2229 84.7762 0 0 0 -1 -1 9 2 1 1 1 -1 -1 -1 88.2727 86.0483 81.5455 79.3425 18 81.8182 79.7443 20 
19 0.0292337 88.4036 84.9496 0 0 0 -1 -1 9 2 1 1 1 -1 -1 -1 88.3636 86.1427 81.4545 79.2586 19 81.8182 79.7443 20 
20 0.0291594 88.4639 85.0088 0 0 0 -1 -1 9 2 1 1 1 -1 -1 -1 88.4545 86.2375 81.4545 79.2586 20 81.8182 79.7443 20 
21 0.0291594 88.4639 85.0088 0 0 0 -1 -1 9 2 1 1 1 -1 -1 -1 88.4545 86.2375 81.4545 79.2586 21 81.8182 79.7443 20 
22 0.0287955 88.6747 85.3027 0 0 0 -1 -1 9 2 1 1 1 -1 -1 -1 88.5455 86.3315 81.1818 79.0036 22 81.8182 79.7443 20 
23 0.0286619 88.6446 85.3301 0 0 0 -1 -1 9 2 1 1 1 -1 -1 -1 88.7273 86.5336 81 78.857 23 81.8182 79.7443 20 
24 0.0286619 88.6446 85.3301 0 0 0 -1 -1 9 2 1 1 1 -1 -1 -1 88.7273 86.5336 81 78.857 24 81.8182 79.7443 20 
25 0.0286619 88.6446 85.3301 0 0 0 -1 -1 9 2 1 1 1 -1 -1 -1 88.7273 86.5336 81 78.857 25 81.8182 79.7443 20 
26 0.0286619 88.6446 85.3301 0 0 0 -1 -1 9 2 1 1 1 -1 -1 -1 88.7273 86.5336 81 78.857 26 81.8182 79.7443 20 
27 0.0286619 88.6446 85.3301 0 0 0 -1 -1 9 2 1 1 1 -1 -1 -1 88.7273 86.5336 81 78.857 27 81.8182 79.7443 20 
28 0.0283072 88.7349 85.4451 0 0 0 -1 -1 9 2 1 1 1 -1 -1 -1 88.8182 86.6366 81 78.857 28 81.8182 79.7443 20 
29 0.0283072 88.7349 85.4451 0 0 0 -1 -1 9 2 1 1 1 -1 -1 -1 88.8182 86.6366 81 78.857 29 81.8182 79.7443 20 
30 0.0283072 88.7349 85.4451 0 0 0 -1 -1 9 2 1 1 1 -1 -1 -1 88.8182 86.6366 81 78.857 30 81.8182 79.7443 20 
31 0.0283072 88.7349 85.4451 0 0 0 -1 -1 9 2 1 1 1 -1 -1 -1 88.8182 86.6366 81 78.857 31 81.8182 79.7443 20 
32 0.0283072 88.7349 85.4451 0 0 0 -1 -1 9 2 1 1 1 -1 -1 -1 88.8182 86.6366 81 78.857 32 81.8182 79.7443 20 
33 0.028245 88.8253 85.6041 0 0 0 -1 -1 9 2.05 1 1 1 -1 -1 -1 88.9091 86.7827 81.0909 78.985 33 81.8182 79.7443 20 
34 0.028245 88.8253 85.6041 0 0 0 -1 -1 9 2.05 1 1 1 -1 -1 -1 88.9091 86.7827 81.0909 78.985 34 81.8182 79.7443 20 
35 0.0293606 88.1928 84.6287 0 0 0 -1 -1 9 2.1 1 1 1 -1 -1 -1 89 86.3105 81 78.7291 35 81.8182 79.7443 20 
36 0.0293606 88.1928 84.6287 0 0 0 -1 -1 9 2.1 1 1 1 -1 -1 -1 89 86.3105 81 78.7291 36 81.8182 79.7443 20 
37 0.0293606 88.1928 84.6287 0 0 0 -1 -1 9 2.1 1 1 1 -1 -1 -1 89 86.3105 81 78.7291 37 81.8182 79.7443 20 
38 0.0293606 88.1928 84.6287 0 0 0 -1 -1 9 2.1 1 1 1 -1 -1 -1 89 86.3105 81 78.7291 38 81.8182 79.7443 20 
39 0.0293606 88.1928 84.6287 0 0 0 -1 -1 9 2.1 1 1 1 -1 -1 -1 89 86.3105 81 78.7291 39 81.8182 79.7443 20 
40 0.0293606 88.1928 84.6287 0 0 0 -1 -1 9 2.1 1 1 1 -1 -1 -1 89 86.3105 81 78.7291 40 81.8182 79.7443 20 
41 0.0294811 88.1627 84.633 0 0 0 -1 -1 9 2.15 1 1 1 -1 -1 -1 89.0909 86.4369 80.9091 78.6346 41 81.8182 79.7443 20 
42 0.0294811 88.1627 84.633 0 0 0 -1 -1 9 2.15 1 1 1 -1 -1 -1 89.0909 86.4369 80.9091 78.6346 42 81.8182 79.7443 20 
43 0.0291698 88.4337 84.9783 0 0 0 -1 -1 9 2.25 1 1 1 -1 -1 -1 89.2727 86.7002 81.0909 78.8465 43 81.8182 79.7443 20 
44 0.0291698 88.4337 84.9783 0 0 0 -1 -1 9 2.25 1 1 1 -1 -1 -1 89.2727 86.7002 81.0909 78.8465 44 81.8182 79.7443 20 
45 0.0291698 88.4337 84.9783 0 0 0 -1 -1 9 2.25 1 1 1 -1 -1 -1 89.2727 86.7002 81.0909 78.8465 45 81.8182 79.7443 20 
46 0.0288846 88.494 85.057 0 0 0 -1 -1 9 2.3 1 1 1 -1 -1 -1 89.3636 86.9054 81.1818 79.0056 46 81.8182 79.7443 20 
47 0.0288846 88.494 85.057 0 0 0 -1 -1 9 2.3 1 1 1 -1 -1 -1 89.3636 86.9054 81.1818 79.0056 47 81.8182 79.7443 20 
48 0.0288846 88.494 85.057 0 0 0 -1 -1 9 2.3 1 1 1 -1 -1 -1 89.3636 86.9054 81.1818 79.0056 48 81.8182 79.7443 20 
49 0.0288846 88.494 85.057 0 0 0 -1 -1 9 2.3 1 1 1 -1 -1 -1 89.3636 86.9054 81.1818 79.0056 49 81.8182 79.7443 20 
50 0.0288846 88.494 85.057 0 0 0 -1 -1 9 2.3 1 1 1 -1 -1 -1 89.3636 86.9054 81.1818 79.0056 50 81.8182 79.7443 20 
51 0.0288846 88.494 85.057 0 0 0 -1 -1 9 2.3 1 1 1 -1 -1 -1 89.3636 86.9054 81.1818 79.0056 51 81.8182 79.7443 20 
52 0.0288846 88.494 85.057 0 0 0 -1 -1 9 2.3 1 1 1 -1 -1 -1 89.3636 86.9054 81.1818 79.0056 52 81.8182 79.7443 20 
53 0.0283354 88.7048 85.3311 0 0 0 -1 -1 9 2.4 1 1 1 -1 -1 -1 89.6364 87.2489 81.0909 78.9525 53 81.8182 79.7443 20 
54 0.0283354 88.7048 85.3311 0 0 0 -1 -1 9 2.4 1 1 1 -1 -1 -1 89.6364 87.2489 81.0909 78.9525 54 81.8182 79.7443 20 
55 0.0283354 88.7048 85.3311 0 0 0 -1 -1 9 2.4 1 1 1 -1 -1 -1 89.6364 87.2489 81.0909 78.9525 55 81.8182 79.7443 20 
56 0.0283354 88.7048 85.3311 0 0 0 -1 -1 9 2.4 1 1 1 -1 -1 -1 89.6364 87.2489 81.0909 78.9525 56 81.8182 79.7443 20 
57 0.0283354 88.7048 85.3311 0 0 0 -1 -1 9 2.4 1 1 1 -1 -1 -1 89.6364 87.2489 81.0909 78.9525 57 81.8182 79.7443 20 
58 0.0283354 88.7048 85.3311 0 0 0 -1 -1 9 2.4 1 1 1 -1 -1 -1 89.6364 87.2489 81.0909 78.9525 58 81.8182 79.7443 20 
59 0.0283354 88.7048 85.3311 0 0 0 -1 -1 9 2.4 1 1 1 -1 -1 -1 89.6364 87.2489 81.0909 78.9525 59 81.8182 79.7443 20 
60 0.0283354 88.7048 85.3311 0 0 0 -1 -1 9 2.4 1 1 1 -1 -1 -1 89.6364 87.2489 81.0909 78.9525 60 81.8182 79.7443 20 
61 0.0283354 88.7048 85.3311 0 0 0 -1 -1 9 2.4 1 1 1 -1 -1 -1 89.6364 87.2489 81.0909 78.9525 61 81.8182 79.7443 20 
62 0.0283354 88.7048 85.3311 0 0 0 -1 -1 9 2.4 1 1 1 -1 -1 -1 89.6364 87.2489 81.0909 78.9525 62 81.8182 79.7443 20 
63 0.0283354 88.7048 85.3311 0 0 0 -1 -1 9 2.4 1 1 1 -1 -1 -1 89.6364 87.2489 81.0909 78.9525 63 81.8182 79.7443 20 
64 0.0283354 88.7048 85.3311 0 0 0 -1 -1 9 2.4 1 1 1 -1 -1 -1 89.6364 87.2489 81.0909 78.9525 64 81.8182 79.7443 20 
65 0.0283354 88.7048 85.3311 0 0 0 -1 -1 9 2.4 1 1 1 -1 -1 -1 89.6364 87.2489 81.0909 78.9525 65 81.8182 79.7443 20 
66 0.0283354 88.7048 85.3311 0 0 0 -1 -1 9 2.4 1 1 1 -1 -1 -1 89.6364 87.2489 81.0909 78.9525 66 81.8182 79.7443 20 
67 0.0283354 88.7048 85.3311 0 0 0 -1 -1 9 2.4 1 1 1 -1 -1 -1 89.6364 87.2489 81.0909 78.9525 67 81.8182 79.7443 20 
68 0.0283354 88.7048 85.3311 0 0 0 -1 -1 9 2.4 1 1 1 -1 -1 -1 89.6364 87.2489 81.0909 78.9525 68 81.8182 79.7443 20 
