# Created by main.cpp, 2016-06-29.10:15:10
# name: results
# type: matrix
# rows: 150
# columns: 25
0 68.0723 40.5018 0.319277 0 0 0 -1 -1 9 1 1 1 1 -1 -1 -1 76.3636 43.299 0.236364 72.7273 42.1053 0.272727 0 1 
1 68.0723 40.5018 0.319277 0 0 0 -1 -1 9 1 1 1 1 -1 -1 -1 76.3636 43.299 0.236364 72.7273 42.1053 0.272727 1 1 
2 68.0723 40.5018 0.319277 0 0 0 -1 -1 9 1 1 1 1 -1 -1 -1 76.3636 43.299 0.236364 72.7273 42.1053 0.272727 2 1 
3 68.0723 40.5018 0.319277 0 0 0 -1 -1 9 1 1 1 1 -1 -1 -1 76.3636 43.299 0.236364 72.7273 42.1053 0.272727 3 1 
4 77.7108 72.7204 0.222892 0 0 0 -1 -1 9 2 1 1 1 -1 -1 -1 83.6364 77.9116 0.163636 81.8182 77.9647 0.181818 4 1 
5 77.7108 72.7204 0.222892 0 0 0 -1 -1 9 2 1 1 1 -1 -1 -1 83.6364 77.9116 0.163636 81.8182 77.9647 0.181818 5 1 
6 77.7108 72.7204 0.222892 0 0 0 -1 -1 9 2 1 1 1 -1 -1 -1 83.6364 77.9116 0.163636 81.8182 77.9647 0.181818 6 1 
7 78.3133 75.7468 0.216867 0 0 0 -1 -1 9 2 1 1 1 -1 -1 -1 85.4545 82.3718 0.145455 78.1818 75.8772 0.218182 7 1 
8 78.3133 75.7468 0.216867 0 0 0 -1 -1 9 2 1 1 1 -1 -1 -1 85.4545 82.3718 0.145455 78.1818 75.8772 0.218182 8 1 
9 78.3133 75.7468 0.216867 0 0 0 -1 -1 9 2 1 1 1 -1 -1 -1 85.4545 82.3718 0.145455 78.1818 75.8772 0.218182 9 1 
10 78.3133 75.7468 0.216867 0 0 0 -1 -1 9 2 1 1 1 -1 -1 -1 85.4545 82.3718 0.145455 78.1818 75.8772 0.218182 10 1 
11 78.3133 75.7468 0.216867 0 0 0 -1 -1 9 2 1 1 1 -1 -1 -1 85.4545 82.3718 0.145455 78.1818 75.8772 0.218182 11 1 
12 88.5542 86.1636 0.114458 0 0 0 -1 -1 9 2 1 1 1 -1 -1 -1 87.2727 84.2793 0.127273 80 78.6144 0.2 12 1 
13 86.1446 82.3461 0.138554 0 0 0 -1 -1 9 2 1 1 1 -1 -1 -1 89.0909 86.25 0.109091 87.2727 85.746 0.127273 13 1 
14 86.1446 82.3461 0.138554 0 0 0 -1 -1 9 2 1 1 1 -1 -1 -1 89.0909 86.25 0.109091 87.2727 85.746 0.127273 14 1 
15 86.1446 82.3461 0.138554 0 0 0 -1 -1 9 2 1 1 1 -1 -1 -1 89.0909 86.25 0.109091 87.2727 85.746 0.127273 15 1 
16 86.1446 82.3461 0.138554 0 0 0 -1 -1 9 2 1 1 1 -1 -1 -1 89.0909 86.25 0.109091 87.2727 85.746 0.127273 16 1 
17 86.1446 82.3461 0.138554 0 0 0 -1 -1 9 2 1 1 1 -1 -1 -1 89.0909 86.25 0.109091 87.2727 85.746 0.127273 17 1 
18 86.1446 82.3461 0.138554 0 0 0 -1 -1 9 2 1 1 1 -1 -1 -1 89.0909 86.25 0.109091 87.2727 85.746 0.127273 18 1 
19 86.1446 82.3461 0.138554 0 0 0 -1 -1 9 2 1 1 1 -1 -1 -1 89.0909 86.25 0.109091 87.2727 85.746 0.127273 19 1 
20 86.1446 82.3461 0.138554 0 0 0 -1 -1 9 2 1 1 1 -1 -1 -1 89.0909 86.25 0.109091 87.2727 85.746 0.127273 20 1 
21 86.1446 82.3461 0.138554 0 0 0 -1 -1 9 2 1 1 1 -1 -1 -1 89.0909 86.25 0.109091 87.2727 85.746 0.127273 21 1 
22 86.1446 82.3461 0.138554 0 0 0 -1 -1 9 2 1 1 1 -1 -1 -1 89.0909 86.25 0.109091 87.2727 85.746 0.127273 22 1 
23 86.1446 82.3461 0.138554 0 0 0 -1 -1 9 2 1 1 1 -1 -1 -1 89.0909 86.25 0.109091 87.2727 85.746 0.127273 23 1 
24 86.1446 82.3461 0.138554 0 0 0 -1 -1 9 2 1 1 1 -1 -1 -1 89.0909 86.25 0.109091 87.2727 85.746 0.127273 24 1 
25 86.1446 82.3461 0.138554 0 0 0 -1 -1 9 2 1 1 1 -1 -1 -1 89.0909 86.25 0.109091 87.2727 85.746 0.127273 25 1 
26 86.1446 82.3461 0.138554 0 0 0 -1 -1 9 2 1 1 1 -1 -1 -1 89.0909 86.25 0.109091 87.2727 85.746 0.127273 26 1 
27 86.1446 82.3461 0.138554 0 0 0 -1 -1 9 2 1 1 1 -1 -1 -1 89.0909 86.25 0.109091 87.2727 85.746 0.127273 27 1 
28 86.1446 82.3461 0.138554 0 0 0 -1 -1 9 2 1 1 1 -1 -1 -1 89.0909 86.25 0.109091 87.2727 85.746 0.127273 28 1 
29 86.1446 82.3461 0.138554 0 0 0 -1 -1 9 2 1 1 1 -1 -1 -1 89.0909 86.25 0.109091 87.2727 85.746 0.127273 29 1 
30 86.1446 82.3461 0.138554 0 0 0 -1 -1 9 2 1 1 1 -1 -1 -1 89.0909 86.25 0.109091 87.2727 85.746 0.127273 30 1 
31 86.1446 82.3461 0.138554 0 0 0 -1 -1 9 2 1 1 1 -1 -1 -1 89.0909 86.25 0.109091 87.2727 85.746 0.127273 31 1 
32 86.1446 82.3461 0.138554 0 0 0 -1 -1 9 2 1 1 1 -1 -1 -1 89.0909 86.25 0.109091 87.2727 85.746 0.127273 32 1 
33 86.1446 82.3461 0.138554 0 0 0 -1 -1 9 2 1 1 1 -1 -1 -1 89.0909 86.25 0.109091 87.2727 85.746 0.127273 33 1 
34 86.1446 82.3461 0.138554 0 0 0 -1 -1 9 2 1 1 1 -1 -1 -1 89.0909 86.25 0.109091 87.2727 85.746 0.127273 34 1 
35 86.1446 82.3461 0.138554 0 0 0 -1 -1 9 2 1 1 1 -1 -1 -1 89.0909 86.25 0.109091 87.2727 85.746 0.127273 35 1 
36 86.1446 82.3461 0.138554 0 0 0 -1 -1 9 2 1 1 1 -1 -1 -1 89.0909 86.25 0.109091 87.2727 85.746 0.127273 36 1 
37 86.1446 82.3461 0.138554 0 0 0 -1 -1 9 2 1 1 1 -1 -1 -1 89.0909 86.25 0.109091 87.2727 85.746 0.127273 37 1 
38 86.1446 82.3461 0.138554 0 0 0 -1 -1 9 2 1 1 1 -1 -1 -1 89.0909 86.25 0.109091 87.2727 85.746 0.127273 38 1 
39 86.1446 82.3461 0.138554 0 0 0 -1 -1 9 2 1 1 1 -1 -1 -1 89.0909 86.25 0.109091 87.2727 85.746 0.127273 39 1 
40 86.1446 82.3461 0.138554 0 0 0 -1 -1 9 2 1 1 1 -1 -1 -1 89.0909 86.25 0.109091 87.2727 85.746 0.127273 40 1 
41 86.1446 82.3461 0.138554 0 0 0 -1 -1 9 2 1 1 1 -1 -1 -1 89.0909 86.25 0.109091 87.2727 85.746 0.127273 41 1 
42 86.1446 82.3461 0.138554 0 0 0 -1 -1 9 2 1 1 1 -1 -1 -1 89.0909 86.25 0.109091 87.2727 85.746 0.127273 42 1 
43 86.1446 82.3461 0.138554 0 0 0 -1 -1 9 2 1 1 1 -1 -1 -1 89.0909 86.25 0.109091 87.2727 85.746 0.127273 43 1 
44 86.1446 82.3461 0.138554 0 0 0 -1 -1 9 2 1 1 1 -1 -1 -1 89.0909 86.25 0.109091 87.2727 85.746 0.127273 44 1 
45 86.1446 82.3461 0.138554 0 0 0 -1 -1 9 2 1 1 1 -1 -1 -1 89.0909 86.25 0.109091 87.2727 85.746 0.127273 45 1 
46 86.1446 82.3461 0.138554 0 0 0 -1 -1 9 2 1 1 1 -1 -1 -1 89.0909 86.25 0.109091 87.2727 85.746 0.127273 46 1 
47 86.1446 82.3461 0.138554 0 0 0 -1 -1 9 2 1 1 1 -1 -1 -1 89.0909 86.25 0.109091 87.2727 85.746 0.127273 47 1 
48 86.1446 82.3461 0.138554 0 0 0 -1 -1 9 2 1 1 1 -1 -1 -1 89.0909 86.25 0.109091 87.2727 85.746 0.127273 48 1 
49 86.1446 82.3461 0.138554 0 0 0 -1 -1 9 2 1 1 1 -1 -1 -1 89.0909 86.25 0.109091 87.2727 85.746 0.127273 49 1 
50 86.1446 82.3461 0.138554 0 0 0 -1 -1 9 2 1 1 1 -1 -1 -1 89.0909 86.25 0.109091 87.2727 85.746 0.127273 50 1 
51 86.1446 82.3461 0.138554 0 0 0 -1 -1 9 2 1 1 1 -1 -1 -1 89.0909 86.25 0.109091 87.2727 85.746 0.127273 51 1 
52 86.1446 82.3461 0.138554 0 0 0 -1 -1 9 2 1 1 1 -1 -1 -1 89.0909 86.25 0.109091 87.2727 85.746 0.127273 52 1 
53 86.1446 82.3461 0.138554 0 0 0 -1 -1 9 2 1 1 1 -1 -1 -1 89.0909 86.25 0.109091 87.2727 85.746 0.127273 53 1 
54 86.1446 82.3461 0.138554 0 0 0 -1 -1 9 2 1 1 1 -1 -1 -1 89.0909 86.25 0.109091 87.2727 85.746 0.127273 54 1 
55 86.1446 82.3461 0.138554 0 0 0 -1 -1 9 2 1 1 1 -1 -1 -1 89.0909 86.25 0.109091 87.2727 85.746 0.127273 55 1 
56 86.1446 82.3461 0.138554 0 0 0 -1 -1 9 2 1 1 1 -1 -1 -1 89.0909 86.25 0.109091 87.2727 85.746 0.127273 56 1 
57 86.1446 82.3461 0.138554 0 0 0 -1 -1 9 2 1 1 1 -1 -1 -1 89.0909 86.25 0.109091 87.2727 85.746 0.127273 57 1 
58 86.1446 82.3461 0.138554 0 0 0 -1 -1 9 2 1 1 1 -1 -1 -1 89.0909 86.25 0.109091 87.2727 85.746 0.127273 58 1 
59 86.1446 82.3461 0.138554 0 0 0 -1 -1 9 2 1 1 1 -1 -1 -1 89.0909 86.25 0.109091 87.2727 85.746 0.127273 59 1 
60 86.1446 82.3461 0.138554 0 0 0 -1 -1 9 2 1 1 1 -1 -1 -1 89.0909 86.25 0.109091 87.2727 85.746 0.127273 60 1 
61 86.1446 82.3461 0.138554 0 0 0 -1 -1 9 2 1 1 1 -1 -1 -1 89.0909 86.25 0.109091 87.2727 85.746 0.127273 61 1 
62 86.1446 82.3461 0.138554 0 0 0 -1 -1 9 2 1 1 1 -1 -1 -1 89.0909 86.25 0.109091 87.2727 85.746 0.127273 62 1 
63 86.1446 82.3461 0.138554 0 0 0 -1 -1 9 2 1 1 1 -1 -1 -1 89.0909 86.25 0.109091 87.2727 85.746 0.127273 63 1 
64 86.1446 82.3461 0.138554 0 0 0 -1 -1 9 2 1 1 1 -1 -1 -1 89.0909 86.25 0.109091 87.2727 85.746 0.127273 64 1 
65 86.1446 82.3461 0.138554 0 0 0 -1 -1 9 2 1 1 1 -1 -1 -1 89.0909 86.25 0.109091 87.2727 85.746 0.127273 65 1 
66 86.1446 82.3461 0.138554 0 0 0 -1 -1 9 2 1 1 1 -1 -1 -1 89.0909 86.25 0.109091 87.2727 85.746 0.127273 66 1 
67 86.1446 82.3461 0.138554 0 0 0 -1 -1 9 2 1 1 1 -1 -1 -1 89.0909 86.25 0.109091 87.2727 85.746 0.127273 67 1 
68 86.1446 82.3461 0.138554 0 0 0 -1 -1 9 2 1 1 1 -1 -1 -1 89.0909 86.25 0.109091 87.2727 85.746 0.127273 68 1 
69 86.1446 82.3461 0.138554 0 0 0 -1 -1 9 2 1 1 1 -1 -1 -1 89.0909 86.25 0.109091 87.2727 85.746 0.127273 69 1 
