# Created by main.cpp, 2016-06-29.10:15:11
# name: results
# type: matrix
# rows: 150
# columns: 16
1 0 29.9517 23.0483 0.700483 26.7857 21.1268 0.732143 17.3913 14.8148 0.826087 5.29 0.23 100 1 1 
2 0 29.9517 23.0483 0.700483 26.7857 21.1268 0.732143 17.3913 14.8148 0.826087 10.4731 0.46 100 6 1 
3 0 29.9517 23.0483 0.700483 26.7857 21.1268 0.732143 17.3913 14.8148 0.826087 15.5494 0.69 100 1 1 
4 0 29.9517 23.0483 0.700483 26.7857 21.1268 0.732143 17.3913 14.8148 0.826087 20.5188 0.92 100 9 1 
5 0 29.9517 23.0483 0.700483 26.7857 21.1268 0.732143 17.3913 14.8148 0.826087 23.0928 1.09 100 6 1 
6 0 29.9517 23.0483 0.700483 26.7857 21.1268 0.732143 17.3913 14.8148 0.826087 27.8764 1.32 100 10 1 
7 0 29.9517 23.0483 0.700483 26.7857 21.1268 0.732143 17.3913 14.8148 0.826087 32.553 1.55 100 1 1 
8 0 70.0483 41.1932 0.299517 73.2143 42.268 0.267857 82.6087 45.2381 0.173913 48.0792 1.96 100 3 1 
9 0 72.4638 50.4348 0.275362 76.7857 54.9226 0.232143 82.6087 45.2381 0.173913 71.0994 2.46 100 4 1 
10 0 72.4638 50.4348 0.275362 76.7857 54.9226 0.232143 82.6087 45.2381 0.173913 75.2464 2.69 100 4 1 
11 0 72.4638 50.4348 0.275362 76.7857 54.9226 0.232143 82.6087 45.2381 0.173913 79.2865 2.92 100 4 1 
12 0 72.4638 50.4348 0.275362 76.7857 54.9226 0.232143 82.6087 45.2381 0.173913 93.6779 3.33 100 4 1 
13 0 72.4638 50.4348 0.275362 76.7857 54.9226 0.232143 82.6087 45.2381 0.173913 97.4206 3.56 100 4 1 
14 0 72.4638 50.4348 0.275362 76.7857 54.9226 0.232143 82.6087 45.2381 0.173913 111.282 3.97 100 4 1 
15 0 72.4638 50.4348 0.275362 76.7857 54.9226 0.232143 82.6087 45.2381 0.173913 124.804 4.38 100 4 1 
16 0 72.4638 50.4348 0.275362 76.7857 54.9226 0.232143 82.6087 45.2381 0.173913 128.058 4.61 100 4 1 
17 0 72.4638 50.4348 0.275362 76.7857 54.9226 0.232143 82.6087 45.2381 0.173913 135.875 4.94 100 4 1 
18 0 72.4638 50.4348 0.275362 76.7857 54.9226 0.232143 82.6087 45.2381 0.173913 148.593 5.35 100 4 1 
19 0 72.4638 50.4348 0.275362 76.7857 54.9226 0.232143 82.6087 45.2381 0.173913 160.972 5.76 100 4 1 
20 0 72.4638 50.4348 0.275362 76.7857 54.9226 0.232143 82.6087 45.2381 0.173913 163.586 5.99 100 4 1 
21 0 72.4638 50.4348 0.275362 76.7857 54.9226 0.232143 82.6087 45.2381 0.173913 166.093 6.22 100 4 1 
22 0 72.4638 50.4348 0.275362 76.7857 54.9226 0.232143 82.6087 45.2381 0.173913 177.751 6.63 100 4 1 
23 0 72.4638 50.4348 0.275362 76.7857 54.9226 0.232143 82.6087 45.2381 0.173913 189.069 7.04 100 4 1 
24 0 72.4638 50.4348 0.275362 76.7857 54.9226 0.232143 82.6087 45.2381 0.173913 200.048 7.45 100 4 1 
25 0 72.4638 50.4348 0.275362 76.7857 54.9226 0.232143 82.6087 45.2381 0.173913 210.687 7.86 100 4 1 
26 0 72.4638 50.4348 0.275362 76.7857 54.9226 0.232143 82.6087 45.2381 0.173913 212.325 8.09 100 4 1 
27 0 72.4638 50.4348 0.275362 76.7857 54.9226 0.232143 82.6087 45.2381 0.173913 213.856 8.32 100 4 1 
28 0 81.1594 78.8803 0.188406 75 70.4374 0.25 86.9565 82.0779 0.130435 262.988 9.11 100 10 1 
29 0 81.1594 78.8803 0.188406 75 70.4374 0.25 86.9565 82.0779 0.130435 272.252 9.52 100 10 1 
30 0 81.1594 78.8803 0.188406 75 70.4374 0.25 86.9565 82.0779 0.130435 273.119 9.75 100 10 1 
31 0 81.1594 78.8803 0.188406 75 70.4374 0.25 86.9565 82.0779 0.130435 281.853 10.16 100 10 1 
32 0 81.1594 78.8803 0.188406 75 70.4374 0.25 86.9565 82.0779 0.130435 290.248 10.57 100 10 1 
33 0 81.1594 78.8803 0.188406 75 70.4374 0.25 86.9565 82.0779 0.130435 298.303 10.98 100 10 1 
34 0 81.1594 78.8803 0.188406 75 70.4374 0.25 86.9565 82.0779 0.130435 306.018 11.39 100 10 1 
35 0 81.1594 78.8803 0.188406 75 70.4374 0.25 86.9565 82.0779 0.130435 306.016 11.62 100 10 1 
36 0 81.1594 78.8803 0.188406 75 70.4374 0.25 86.9565 82.0779 0.130435 305.907 11.85 100 10 1 
37 0 81.1594 78.8803 0.188406 75 70.4374 0.25 86.9565 82.0779 0.130435 304.727 12.02 100 10 1 
38 0 81.1594 78.8803 0.188406 75 70.4374 0.25 86.9565 82.0779 0.130435 311.581 12.43 100 10 1 
39 0 81.1594 78.8803 0.188406 75 70.4374 0.25 86.9565 82.0779 0.130435 310.718 12.64 100 10 1 
40 0 81.1594 78.8803 0.188406 75 70.4374 0.25 86.9565 82.0779 0.130435 310.134 12.87 100 10 1 
41 0 81.1594 78.8803 0.188406 75 70.4374 0.25 86.9565 82.0779 0.130435 311.334 13.17 100 10 1 
42 0 81.1594 78.8803 0.188406 75 70.4374 0.25 86.9565 82.0779 0.130435 317.236 13.58 100 10 1 
43 0 81.1594 78.8803 0.188406 75 70.4374 0.25 86.9565 82.0779 0.130435 322.262 13.98 100 10 1 
44 0 81.1594 78.8803 0.188406 75 70.4374 0.25 86.9565 82.0779 0.130435 321.056 14.21 100 10 1 
45 0 81.1594 78.8803 0.188406 75 70.4374 0.25 86.9565 82.0779 0.130435 326.097 14.62 100 10 1 
46 0 81.1594 78.8803 0.188406 75 70.4374 0.25 86.9565 82.0779 0.130435 324.593 14.85 100 10 1 
47 0 81.1594 78.8803 0.188406 75 70.4374 0.25 86.9565 82.0779 0.130435 329.103 15.26 100 10 1 
48 0 81.1594 78.8803 0.188406 75 70.4374 0.25 86.9565 82.0779 0.130435 327.303 15.49 100 10 1 
49 0 81.1594 78.8803 0.188406 75 70.4374 0.25 86.9565 82.0779 0.130435 331.283 15.9 100 10 1 
50 0 81.1594 78.8803 0.188406 75 70.4374 0.25 86.9565 82.0779 0.130435 334.923 16.31 100 10 1 
51 0 81.1594 78.8803 0.188406 75 70.4374 0.25 86.9565 82.0779 0.130435 332.635 16.54 100 10 1 
52 0 81.1594 78.8803 0.188406 75 70.4374 0.25 86.9565 82.0779 0.130435 330.239 16.77 100 10 1 
53 0 81.1594 78.8803 0.188406 75 70.4374 0.25 86.9565 82.0779 0.130435 327.737 17 100 10 1 
54 0 81.1594 78.8803 0.188406 75 70.4374 0.25 86.9565 82.0779 0.130435 330.467 17.41 100 10 1 
55 0 81.1594 78.8803 0.188406 75 70.4374 0.25 86.9565 82.0779 0.130435 332.856 17.82 100 10 1 
56 0 81.1594 78.8803 0.188406 75 70.4374 0.25 86.9565 82.0779 0.130435 332.176 18.16 100 10 1 
57 0 81.1594 78.8803 0.188406 75 70.4374 0.25 86.9565 82.0779 0.130435 333.945 18.57 100 10 1 
58 0 81.1594 78.8803 0.188406 75 70.4374 0.25 86.9565 82.0779 0.130435 330.606 18.8 100 10 1 
59 0 81.1594 78.8803 0.188406 75 70.4374 0.25 86.9565 82.0779 0.130435 331.844 19.21 100 10 1 
60 0 81.1594 78.8803 0.188406 75 70.4374 0.25 86.9565 82.0779 0.130435 328.208 19.44 100 10 1 
61 0 81.1594 78.8803 0.188406 75 70.4374 0.25 86.9565 82.0779 0.130435 324.466 19.67 100 10 1 
62 0 81.1594 78.8803 0.188406 75 70.4374 0.25 86.9565 82.0779 0.130435 320.616 19.9 100 10 1 
63 0 81.1594 78.8803 0.188406 75 70.4374 0.25 86.9565 82.0779 0.130435 320.943 20.31 100 10 1 
64 0 81.1594 78.8803 0.188406 75 70.4374 0.25 86.9565 82.0779 0.130435 320.931 20.72 100 10 1 
65 0 81.1594 78.8803 0.188406 75 70.4374 0.25 86.9565 82.0779 0.130435 316.593 20.95 100 10 1 
66 0 81.1594 78.8803 0.188406 75 70.4374 0.25 86.9565 82.0779 0.130435 312.116 21.16 100 10 1 
67 0 81.1594 78.8803 0.188406 75 70.4374 0.25 86.9565 82.0779 0.130435 307.574 21.39 100 10 1 
68 0 81.1594 78.8803 0.188406 75 70.4374 0.25 86.9565 82.0779 0.130435 306.667 21.8 100 10 1 
69 0 81.1594 78.8803 0.188406 75 70.4374 0.25 86.9565 82.0779 0.130435 301.827 22.03 100 10 1 
70 0 81.1594 78.8803 0.188406 75 70.4374 0.25 86.9565 82.0779 0.130435 297.331 22.32 100 10 1 
71 0 81.1594 78.8803 0.188406 75 70.4374 0.25 86.9565 82.0779 0.130435 295.654 22.73 100 10 1 
72 0 81.1594 78.8803 0.188406 75 70.4374 0.25 86.9565 82.0779 0.130435 293.637 23.14 100 10 1 
73 0 81.1594 78.8803 0.188406 75 70.4374 0.25 86.9565 82.0779 0.130435 288.175 23.37 100 10 1 
74 0 81.1594 78.8803 0.188406 75 70.4374 0.25 86.9565 82.0779 0.130435 285.628 23.78 100 10 1 
75 0 81.1594 78.8803 0.188406 75 70.4374 0.25 86.9565 82.0779 0.130435 279.869 24.01 100 10 1 
76 0 81.1594 78.8803 0.188406 75 70.4374 0.25 86.9565 82.0779 0.130435 293.125 24.69 100 10 1 
77 0 81.1594 78.8803 0.188406 75 70.4374 0.25 86.9565 82.0779 0.130435 286.943 24.92 100 10 1 
78 0 81.1594 78.8803 0.188406 75 70.4374 0.25 86.9565 82.0779 0.130435 283.112 25.33 100 10 1 
79 0 81.1594 78.8803 0.188406 75 70.4374 0.25 86.9565 82.0779 0.130435 276.633 25.56 100 10 1 
80 0 81.1594 78.8803 0.188406 75 70.4374 0.25 86.9565 82.0779 0.130435 272.272 25.97 100 10 1 
81 0 81.1594 78.8803 0.188406 75 70.4374 0.25 86.9565 82.0779 0.130435 265.495 26.2 100 10 1 
