# Created by main.cpp, 2016-06-26.14:44:16
# name: results
# type: matrix
# rows: 150
# columns: 26
1 0.569324 43.0676 31.8551 12.2185 3.175 0.3175 0 100 9 5.25 2 1 1 -1 0 0 47.1739 35.1815 6.94111e-310 33.7497 1 76.0714 72.6175 1 20 
2 0.439614 56.0386 38.5788 22.9043 4.61194 0.6305 0 100 9 6.1 2 1 1 -1 0 0 55.4348 39.433 6.94111e-310 39.1759 2 76.0714 72.6175 1 20 
3 0.377536 62.2464 41.4258 34.1983 5.72231 0.956 0 100 9 5.65 2 1 1 -1 0 0 59.1304 41.127 6.94111e-310 40.9527 3 76.0714 72.6175 1 20 
4 0.354106 64.5894 42.4931 43.8258 6.49304 1.2555 0 100 9 6.35 2 1 1 -1 0 0 60.6522 41.8104 6.94111e-310 41.7578 4 76.0714 72.6175 1 20 
5 0.31087 68.913 50.4799 63.5464 7.81836 1.6665 0 100 9 5.85 2 1 1 -1 0 0 65 49.0019 6.94111e-310 49.099 5 76.0714 72.6175 1 20 
6 0.294444 70.5556 50.8826 74.5832 8.49658 1.982 0 100 9 6.15 2 1 1 -1 0 0 65.6522 48.3414 6.94111e-310 50.1671 6 76.0714 72.6175 1 20 
7 0.269807 73.0193 53.5336 86.0539 9.18056 2.306 0 100 9 6.3 2 1 1 -1 0 0 67.8261 50.8847 6.94111e-310 52.4753 7 76.0714 72.6175 1 20 
8 0.269807 73.0193 53.5336 94.3988 9.63168 2.6 0 100 9 5.75 2 1 1 -1 0 0 67.8261 50.8847 6.94111e-310 52.4753 8 76.0714 72.6175 1 20 
9 0.269807 73.0193 53.5336 103.664 10.0906 2.9105 0 100 9 6.3 2 1 1 -1 0 0 67.8261 50.8847 6.94111e-310 52.4753 9 76.0714 72.6175 1 20 
10 0.263768 73.6232 54.1325 112.492 10.5374 3.2145 0 100 9 5.4 2 1 1 -1 0 0 68.0435 51.1249 6.94111e-310 52.3708 10 76.0714 72.6175 1 20 
11 0.279469 72.0531 55.5828 122.134 10.9804 3.525 0 100 9 6.4 2 1 1 -1 0 0 68.6957 54.3398 6.94111e-310 54.7787 11 76.0714 72.6175 1 20 
12 0.275845 72.4155 57.1817 132.494 11.4412 3.848 0 100 9 5.9 2 1 1 -1 0 0 68.913 55.4897 6.94111e-310 56.3078 12 76.0714 72.6175 1 20 
13 0.26087 73.913 60.5216 150.056 12.182 4.2795 0 100 9 6.5 2 1 1 -1 0 0 69.7826 57.8059 6.94111e-310 58.9643 13 76.0714 72.6175 1 20 
14 0.270531 72.9469 61.1534 165.348 12.7809 4.678 0 100 9 6.15 2 1 1 -1 0 0 69.7826 59.1319 6.94111e-310 59.2145 14 76.0714 72.6175 1 20 
15 0.262319 73.7681 61.8966 174.473 13.1164 4.996 0 100 9 6.45 2 1 1 -1 0 0 70.6522 59.9617 6.94111e-310 60.151 15 76.0714 72.6175 1 20 
16 0.262319 73.7681 61.8966 183.481 13.4664 5.322 0 100 9 6.6 2 1 1 -1 0 0 70.6522 59.9617 6.94111e-310 60.151 16 76.0714 72.6175 1 20 
17 0.262319 73.7681 61.8966 190.884 13.7448 5.6325 0 100 9 7.4 2 1 1 -1 0 0 70.6522 59.9617 6.94111e-310 60.151 17 76.0714 72.6175 1 20 
18 0.252174 74.7826 63.8896 202.194 14.1503 5.989 0 100 9 6.55 2 1 1 -1 0 0 70.6522 60.4521 6.94111e-310 61.2881 18 76.0714 72.6175 1 20 
19 0.263768 73.6232 64.2826 210.128 14.4309 6.318 0 100 9 7.1 2 1 1 -1 0 0 70.2174 61.2669 6.94111e-310 62.1129 19 76.0714 72.6175 1 20 
20 0.263527 73.6473 65.7622 220.4 14.7904 6.6825 0 100 9 7.25 2 1 1 -1 0 0 71.087 63.3349 6.94111e-310 63.7815 20 76.0714 72.6175 1 20 
21 0.263527 73.6473 65.7622 227.693 15.0396 7.009 0 100 9 7.3 2 1 1 -1 0 0 71.087 63.3349 6.94111e-310 63.7815 21 76.0714 72.6175 1 20 
22 0.255797 74.4203 67.8008 237.47 15.3648 7.3465 0 100 9 7.4 2 1 1 -1 0 0 71.087 64.1519 6.94111e-310 64.981 22 76.0714 72.6175 1 20 
23 0.255797 74.4203 67.8008 244.652 15.5928 7.666 0 100 9 7.35 2 1 1 -1 0 0 71.087 64.1519 6.94111e-310 64.981 23 76.0714 72.6175 1 20 
24 0.253865 74.6135 67.9512 256.706 15.9681 8.0495 0 100 9 7.3 2 1 1 -1 0 0 70.8696 63.8 6.94111e-310 64.6487 24 76.0714 72.6175 1 20 
25 0.253865 74.6135 67.9512 263.4 16.1671 8.364 0 100 9 7.7 2 1 1 -1 0 0 70.8696 63.8 6.94111e-310 64.6487 25 76.0714 72.6175 1 20 
26 0.251932 74.8068 68.0828 273.273 16.4747 8.741 0 100 9 7.45 2 1 1 -1 0 0 70.4348 63.2351 6.94111e-310 64.9295 26 76.0714 72.6175 1 20 
27 0.233575 76.6425 70.0182 283.05 16.7722 9.103 0 100 9 7.55 2 1 1 -1 0 0 71.5217 64.4792 6.94111e-310 66.0739 27 76.0714 72.6175 1 20 
28 0.233575 76.6425 70.0182 288.136 16.9247 9.4165 0 100 9 7.45 2 1 1 -1 0 0 71.5217 64.4792 6.94111e-310 66.0739 28 76.0714 72.6175 1 20 
29 0.233575 76.6425 70.0182 294.265 17.1028 9.731 0 100 9 7.15 2 1 1 -1 0 0 71.5217 64.4792 6.94111e-310 66.0739 29 76.0714 72.6175 1 20 
30 0.233575 76.6425 70.0182 301.242 17.3018 10.066 0 100 9 7.35 2 1 1 -1 0 0 71.5217 64.4792 6.94111e-310 66.0739 30 76.0714 72.6175 1 20 
31 0.236473 76.3527 70.2902 311.221 17.5898 10.4385 0 100 9 6.8 2 1 1 -1 0 0 72.6087 66.1546 6.94111e-310 66.2855 31 76.0714 72.6175 1 20 
32 0.239614 76.0386 70.3073 320.404 17.849 10.8255 0 100 9 6.95 2 1 1 -1 0 0 73.4783 67.7975 6.94111e-310 66.1721 32 76.0714 72.6175 1 20 
33 0.239614 76.0386 70.3073 324.274 17.9576 11.1325 0 100 9 6.95 2 1 1 -1 0 0 73.4783 67.7975 6.94111e-310 66.1721 33 76.0714 72.6175 1 20 
34 0.238164 76.1836 70.7436 332.349 18.1799 11.5055 0 100 9 6.75 2 1 1 -1 0 0 73.2609 67.6335 6.94111e-310 66.6806 34 76.0714 72.6175 1 20 
35 0.238164 76.1836 70.7436 338.469 18.3432 11.858 0 100 9 6.75 2 1 1 -1 0 0 73.2609 67.6335 6.94111e-310 66.6806 35 76.0714 72.6175 1 20 
36 0.223188 77.6812 71.907 347.079 18.5767 12.254 0 100 9 6.65 2 1 1 -1 0 0 73.4783 67.285 6.94111e-310 67.1858 36 76.0714 72.6175 1 20 
37 0.223188 77.6812 71.907 351.497 18.6985 12.596 0 100 9 6.85 2 1 1 -1 0 0 73.4783 67.285 6.94111e-310 67.1858 37 76.0714 72.6175 1 20 
38 0.216667 78.3333 72.2638 356.271 18.8278 12.9305 0 100 9 7.2 2 1 1 -1 0 0 72.8261 66.0787 6.94111e-310 67.2795 38 76.0714 72.6175 1 20 
39 0.216667 78.3333 72.2638 359.192 18.9078 13.2515 0 100 9 7.2 2 1 1 -1 0 0 72.8261 66.0787 6.94111e-310 67.2795 39 76.0714 72.6175 1 20 
40 0.211353 78.8647 72.6312 365.564 19.0708 13.6285 0 100 9 7.05 2 1 1 -1 0 0 72.6087 65.5084 6.94111e-310 66.9899 40 76.0714 72.6175 1 20 
41 0.211353 78.8647 72.6312 369.439 19.1702 13.968 0 100 9 6.85 2 1 1 -1 0 0 72.6087 65.5084 6.94111e-310 66.9899 41 76.0714 72.6175 1 20 
42 0.197826 80.2174 73.7648 374.233 19.3024 14.31 0 100 9 6.7 2 1 1 -1 0 0 73.2609 65.9396 6.94111e-310 68.0062 42 76.0714 72.6175 1 20 
43 0.197585 80.2415 73.772 378.763 19.4213 14.6435 0 100 9 6.8 2 1 1 -1 0 0 73.4783 66.4904 6.94111e-310 68.5245 43 76.0714 72.6175 1 20 
44 0.197585 80.2415 73.8285 380.392 19.4597 14.9275 0 100 9 6.85 2 1 1 -1 0 0 73.913 67.2051 6.94111e-310 68.2833 44 76.0714 72.6175 1 20 
45 0.194444 80.5556 74.8337 383.136 19.533 15.268 0 100 9 6.85 2 1 1 -1 0 0 74.1304 67.814 6.94111e-310 69.7593 45 76.0714 72.6175 1 20 
46 0.208213 79.1787 74.9971 389.331 19.6846 15.6615 0 100 9 6.95 2 1 1 -1 0 0 73.4783 68.3744 6.94111e-310 70.3897 46 76.0714 72.6175 1 20 
47 0.208213 79.1787 74.9971 392.688 19.7695 16.014 0 100 9 6.95 2 1 1 -1 0 0 73.4783 68.3744 6.94111e-310 70.3897 47 76.0714 72.6175 1 20 
48 0.211353 78.8647 75.1691 398.191 19.9131 16.3945 0 100 9 6.7 2 1 1 -1 0 0 73.913 69.5334 6.94111e-310 70.9537 48 76.0714 72.6175 1 20 
49 0.211353 78.8647 75.1691 399.139 19.937 16.719 0 100 9 6.7 2 1 1 -1 0 0 73.913 69.5334 6.94111e-310 70.9537 49 76.0714 72.6175 1 20 
50 0.211353 78.8647 75.1691 401.484 20.0009 17.07 8.775 100 9 6.7 2 1 1 -1 0 0 73.913 69.5334 6.94111e-310 70.9537 50 76.0714 72.6175 1 20 
51 0.211353 78.8647 75.1691 404.765 20.0798 17.4295 18.55 100 9 6.7 2 1 1 -1 0 0 73.913 69.5334 6.94111e-310 70.9537 51 76.0714 72.6175 1 20 
52 0.210628 78.9372 75.1697 408.088 20.158 17.7795 19.9 100 9 6.85 2 1 1 -1 0 0 73.6957 69.2297 6.94111e-310 71.3347 52 76.0714 72.6175 1 20 
53 0.210628 78.9372 75.1697 409.451 20.1904 18.1115 20.525 100 9 6.85 2 1 1 -1 0 0 73.6957 69.2297 6.94111e-310 71.3347 53 76.0714 72.6175 1 20 
54 0.211353 78.8647 75.1712 411.064 20.2322 18.4415 20.775 100 9 6.75 2 1 1 -1 0 0 73.4783 69.0658 6.94111e-310 71.4507 54 76.0714 72.6175 1 20 
55 0.211353 78.8647 75.1712 411.353 20.2403 18.7855 20.95 100 9 6.75 2 1 1 -1 0 0 73.4783 69.0658 6.94111e-310 71.4507 55 76.0714 72.6175 1 20 
56 0.211353 78.8647 75.1712 410.255 20.2139 19.096 21 100 9 6.75 2 1 1 -1 0 0 73.4783 69.0658 6.94111e-310 71.4507 56 76.0714 72.6175 1 20 
57 0.211353 78.8647 75.1712 408.362 20.1678 19.3765 21 100 9 6.75 2 1 1 -1 0 0 73.4783 69.0658 6.94111e-310 71.4507 57 76.0714 72.6175 1 20 
