# Created by main.cpp, 2016-06-26.14:43:55
# name: results
# type: matrix
# rows: 150
# columns: 25
1 0.475301 52.4699 37.4472 14.6984 3.72595 0.374472 -1 100 9 11 2 -1 1 0 -1 -1 53.3636 37.1823 52.3636 36.022 1 64 56.7347 20 
2 0.431024 56.8976 43.1633 31.7812 5.50437 0.777382 -1 100 9 11 2 -1 1 0 -1 -1 56.0909 41.0564 58.1818 41.6452 1 64 56.7347 20 
3 0.385843 61.4157 47.687 47.3665 6.81624 1.17145 -1 100 9 11 2 -1 1 0 -1 -1 61.0909 45.7165 64.7273 48.2166 1 64 56.7347 20 
4 0.39759 60.241 49.6137 62.9791 7.88022 1.57085 -1 100 9 11 2 -1 1 0 -1 -1 57.9091 47.0228 61.7273 50.6113 1 64 56.7347 20 
5 0.400301 59.9699 49.9243 74.5799 8.58565 1.91801 -1 100 9 11 2 -1 1 0 -1 -1 57.9091 47.32 61.6364 51.0856 1 64 56.7347 20 
6 0.385241 61.4759 52.4958 90.5832 9.47728 2.32113 -1 100 9 11 2 -1 1 0 -1 -1 60.2727 50.692 62.4545 52.6234 1 64 56.7347 20 
7 0.388554 61.1446 53.0302 102.942 10.0956 2.68016 -1 100 9 11 2 -1 1 0 -1 -1 60.5455 51.7161 62.5455 53.6354 1 64 56.7347 20 
8 0.386747 61.3253 53.107 114.36 10.6362 3.03367 -1 100 9 11 2 -1 1 0 -1 -1 60.9091 51.4105 61.5455 52.5827 1 64 56.7347 20 
9 0.386747 61.3253 53.107 125.336 11.1394 3.38517 -1 100 9 11 2 -1 1 0 -1 -1 60.9091 51.4105 61.5455 52.5827 1 64 56.7347 20 
10 0.38253 61.747 53.8233 136.427 11.6372 3.73942 -1 100 9 11 2 -1 1 0 -1 -1 59.9091 51.4746 61.1818 51.9295 1 64 56.7347 20 
11 0.379217 62.0783 55.4484 149.753 12.1953 4.12817 -1 100 9 11 2 -1 1 0 -1 -1 59.2727 51.6378 59.0909 50.9338 1 64 56.7347 20 
12 0.371386 62.8614 55.6417 160.704 12.6385 4.48719 -1 100 9 11 2 -1 1 0 -1 -1 60 51.8604 59.1818 50.1883 1 64 56.7347 20 
13 0.371386 62.8614 55.6417 171.014 13.0335 4.84674 -1 100 9 11 2 -1 1 0 -1 -1 60 51.8604 59.1818 50.1883 1 64 56.7347 20 
14 0.371386 62.8614 55.6417 181.189 13.4206 5.2047 -1 100 9 11 2 -1 1 0 -1 -1 60 51.8604 59.1818 50.1883 1 64 56.7347 20 
15 0.371386 62.8614 55.6417 192.586 13.8364 5.58409 -1 100 9 11 2 -1 1 0 -1 -1 60 51.8604 59.1818 50.1883 1 64 56.7347 20 
16 0.371084 62.8916 55.7184 204.695 14.2695 5.98326 -1 100 9 11 2 -1 1 0 -1 -1 59.4545 51.1771 58.8182 49.8024 1 64 56.7347 20 
17 0.371084 62.8916 55.7184 215.295 14.6362 6.3589 -1 100 9 11 2 -1 1 0 -1 -1 59.4545 51.1771 58.8182 49.8024 1 64 56.7347 20 
18 0.378313 62.1687 56.073 227.242 15.0309 6.7574 -1 100 9 11 2 -1 1 0 -1 -1 59.3636 52.6306 59.3636 51.2327 1 64 56.7347 20 
19 0.375602 62.4398 56.507 241.226 15.4948 7.19372 -1 100 9 11 2 -1 1 0 -1 -1 58.9091 52.4903 60.5455 52.3778 1 64 56.7347 20 
20 0.373795 62.6205 56.5749 248.693 15.7398 7.53259 -1 100 9 11 2 -1 1 0 -1 -1 59.8182 53.2276 61.4545 53.2777 1 64 56.7347 20 
21 0.366867 63.3133 56.725 258.897 16.0619 7.93287 -1 100 9 11 2 -1 1 0 -1 -1 60.9091 54.0855 61.9091 53.1923 1 64 56.7347 20 
22 0.361446 63.8554 56.8211 268.612 16.3625 8.32282 -1 100 9 11 2 -1 1 0 -1 -1 61.9091 54.9161 62 53.1646 1 64 56.7347 20 
23 0.361446 63.8554 56.8211 278.908 16.6776 8.7299 -1 100 9 11 2 -1 1 0 -1 -1 61.9091 54.9161 62 53.1646 1 64 56.7347 20 
24 0.36988 63.012 56.8695 287.083 16.9238 9.10745 -1 100 9 11 2 -1 1 0 -1 -1 61.6364 55.4173 62 54.1151 1 64 56.7347 20 
25 0.36988 63.012 56.8695 293.035 17.0992 9.44634 -1 100 9 11 2 -1 1 0 -1 -1 61.6364 55.4173 62 54.1151 1 64 56.7347 20 
26 0.359337 64.0663 57.471 301.1 17.3312 9.82008 -1 100 9 11 2 -1 1 0 -1 -1 63.3636 57.254 62.9091 54.6041 1 64 56.7347 20 
27 0.359337 64.0663 57.471 307.814 17.5239 10.1876 -1 100 9 11 2 -1 1 0 -1 -1 63.3636 57.254 62.9091 54.6041 1 64 56.7347 20 
28 0.360843 63.9157 57.6343 316.196 17.763 10.5855 -1 100 9 11 2 -1 1 0 -1 -1 62.9091 56.9962 62.9091 54.6839 1 64 56.7347 20 
29 0.354819 64.5181 58.1482 325.29 18.0161 10.9927 -1 100 9 11 2 -1 1 0 -1 -1 64.0909 58.1861 62.6364 54.2507 1 64 56.7347 20 
30 0.354819 64.5181 58.1482 330.086 18.1493 11.3337 -1 100 9 11 2 -1 1 0 -1 -1 64.0909 58.1861 62.6364 54.2507 1 64 56.7347 20 
31 0.354819 64.5181 58.1482 335.823 18.3076 11.6934 -1 100 9 11 2 -1 1 0 -1 -1 64.0909 58.1861 62.6364 54.2507 1 64 56.7347 20 
32 0.35241 64.759 58.3063 341.462 18.4617 12.0576 -1 100 9 11 2 -1 1 0 -1 -1 64.4545 58.3948 62.3636 53.88 1 64 56.7347 20 
33 0.35241 64.759 58.3063 344.794 18.5517 12.3858 -1 100 9 11 2 -1 1 0 -1 -1 64.4545 58.3948 62.3636 53.88 1 64 56.7347 20 
34 0.348193 65.1807 58.5704 350.809 18.7149 12.7656 -1 100 9 11 2 -1 1 0 -1 -1 64.0909 58.2874 62.1818 53.7408 1 64 56.7347 20 
35 0.343675 65.6325 59.116 357.165 18.8855 13.1554 -1 100 9 11 2 -1 1 0 -1 -1 64.3636 58.5718 62.8182 54.8542 1 64 56.7347 20 
36 0.343675 65.6325 59.116 362.424 19.0246 13.5448 -1 100 9 11 2 -1 1 0 -1 -1 64.3636 58.5718 62.8182 54.8542 1 64 56.7347 20 
37 0.331928 66.8072 59.4133 366.904 19.1423 13.914 -1 100 9 11 2 -1 1 0 -1 -1 65.2727 58.5816 63.5455 54.939 1 64 56.7347 20 
38 0.331928 66.8072 59.4133 370.73 19.2435 14.2716 -1 100 9 11 2 -1 1 0 -1 -1 65.2727 58.5816 63.5455 54.939 1 64 56.7347 20 
39 0.331928 66.8072 59.4133 374.064 19.3293 14.631 -1 100 9 11 2 -1 1 0 -1 -1 65.2727 58.5816 63.5455 54.939 1 64 56.7347 20 
40 0.331928 66.8072 59.4133 379.119 19.4603 15.0278 -1 100 9 11 2 -1 1 0 -1 -1 65.2727 58.5816 63.5455 54.939 1 64 56.7347 20 
41 0.331928 66.8072 59.4133 384.397 19.5954 15.4344 -1 100 9 11 2 -1 1 0 -1 -1 65.2727 58.5816 63.5455 54.939 1 64 56.7347 20 
42 0.331928 66.8072 59.4133 388.794 19.7077 15.8376 -1 100 9 11 2 -1 1 0 -1 -1 65.2727 58.5816 63.5455 54.939 1 64 56.7347 20 
43 0.32741 67.259 59.675 391.567 19.7773 16.1967 -1 100 9 11 2 -1 1 0 -1 -1 65.8182 59.13 63.4545 54.859 1 64 56.7347 20 
44 0.32741 67.259 59.675 393.16 19.8186 16.5441 -1 100 9 11 2 -1 1 0 -1 -1 65.8182 59.13 63.4545 54.859 1 64 56.7347 20 
45 0.32741 67.259 59.675 395.305 19.8728 16.9073 -1 100 9 11 2 -1 1 0 -1 -1 65.8182 59.13 63.4545 54.859 1 64 56.7347 20 
46 0.324398 67.5602 59.8733 398.231 19.9459 17.2883 -1 100 9 11 2 -1 1 0 -1 -1 65.5455 58.9071 64.2727 55.5345 1 64 56.7347 20 
47 0.324398 67.5602 59.8733 399.755 19.9847 17.6544 -1 100 9 11 2 -1 1 0 -1 -1 65.5455 58.9071 64.2727 55.5345 1 64 56.7347 20 
48 0.324398 67.5602 59.8733 402.082 20.043 18.0529 -1 100 9 11 2 -1 1 0 -1 -1 65.5455 58.9071 64.2727 55.5345 1 64 56.7347 20 
49 0.324398 67.5602 59.8733 402.855 20.0627 18.4214 -1 100 9 11 2 -1 1 0 -1 -1 65.5455 58.9071 64.2727 55.5345 1 64 56.7347 20 
50 0.326807 67.3193 59.9958 404.192 20.0971 18.7931 -1 100 9 11 2 -1 1 0 -1 -1 64.8182 58.3624 63.6364 55.2644 1 64 56.7347 20 
51 0.326807 67.3193 59.9958 405.091 20.1201 19.1673 -1 100 9 11 2 -1 1 0 -1 -1 64.8182 58.3624 63.6364 55.2644 1 64 56.7347 20 
52 0.326807 67.3193 59.9958 405.713 20.1359 19.542 -1 100 9 11 2 -1 1 0 -1 -1 64.8182 58.3624 63.6364 55.2644 1 64 56.7347 20 
53 0.326807 67.3193 59.9958 406.678 20.1599 19.9443 -1 100 9 11 2 -1 1 0 -1 -1 64.8182 58.3624 63.6364 55.2644 1 64 56.7347 20 
54 0.326807 67.3193 59.9958 406.101 20.1455 20.3095 -1 100 9 11 2 -1 1 0 -1 -1 64.8182 58.3624 63.6364 55.2644 1 64 56.7347 20 
55 0.326807 67.3193 59.9958 404.935 20.1167 20.6598 -1 100 9 11 2 -1 1 0 -1 -1 64.8182 58.3624 63.6364 55.2644 1 64 56.7347 20 
56 0.329819 67.0181 60.0443 404.224 20.0997 21.0384 -1 100 9 11 2 -1 1 0 -1 -1 63.8182 57.0228 63.4545 55.1252 1 64 56.7347 20 
57 0.329819 67.0181 60.0443 403.092 20.0711 21.4004 -1 100 9 11 2 -1 1 0 -1 -1 63.8182 57.0228 63.4545 55.1252 1 64 56.7347 20 
58 0.329819 67.0181 60.0443 400.981 20.0185 21.7433 -1 100 9 11 2 -1 1 0 -1 -1 63.8182 57.0228 63.4545 55.1252 1 64 56.7347 20 
59 0.329819 67.0181 60.0443 399.639 19.9846 22.116 -1 100 9 11 2 -1 1 0 -1 -1 63.8182 57.0228 63.4545 55.1252 1 64 56.7347 20 
60 0.329819 67.0181 60.0443 398.655 19.9594 22.5015 -1 100 9 11 2 -1 1 0 -1 -1 63.8182 57.0228 63.4545 55.1252 1 64 56.7347 20 
61 0.329819 67.0181 60.3121 396.416 19.9039 22.8532 -1 100 9 11 2 -1 1 0 -1 -1 63.0909 56.2856 63 54.9403 1 64 56.7347 20 
62 0.329819 67.0181 60.3121 394.389 19.853 23.2425 -1 100 9 11 2 -1 1 0 -1 -1 63.0909 56.2856 63 54.9403 1 64 56.7347 20 
