# Created by main.cpp, 2016-06-29.10:15:12
# name: results
# type: matrix
# rows: 150
# columns: 16
1 0 25.6039 20.3846 0.743961 39.2857 28.2051 0.607143 39.1304 28.125 0.608696 4 0.2 100 1 1 
2 0 25.6039 20.3846 0.743961 39.2857 28.2051 0.607143 39.1304 28.125 0.608696 7.91919 0.4 100 6 1 
3 0 25.6039 20.3846 0.743961 39.2857 28.2051 0.607143 39.1304 28.125 0.608696 11.7576 0.6 100 1 1 
4 0 25.6039 20.3846 0.743961 39.2857 28.2051 0.607143 39.1304 28.125 0.608696 15.5152 0.8 100 9 1 
5 0 25.6039 20.3846 0.743961 39.2857 28.2051 0.607143 39.1304 28.125 0.608696 18.8181 0.99 100 6 1 
6 0 25.6039 20.3846 0.743961 39.2857 28.2051 0.607143 39.1304 28.125 0.608696 22.4181 1.19 100 10 1 
7 0 25.6039 20.3846 0.743961 39.2857 28.2051 0.607143 39.1304 28.125 0.608696 25.9373 1.39 100 1 1 
8 0 74.3961 42.6593 0.256039 60.7143 37.7778 0.392857 60.8696 37.8378 0.391304 43.2198 1.82 100 3 1 
9 0 75.8454 49.8741 0.241546 64.2857 46.9697 0.357143 69.5652 58.1818 0.304348 66.3814 2.32 100 4 1 
10 0 75.8454 49.8741 0.241546 64.2857 46.9697 0.357143 69.5652 58.1818 0.304348 69.444 2.52 100 4 1 
11 0 75.8454 49.8741 0.241546 64.2857 46.9697 0.357143 69.5652 58.1818 0.304348 72.4259 2.72 100 4 1 
12 0 75.8454 49.8741 0.241546 64.2857 46.9697 0.357143 69.5652 58.1818 0.304348 88.553 3.15 100 4 1 
13 0 75.8454 49.8741 0.241546 64.2857 46.9697 0.357143 69.5652 58.1818 0.304348 91.2803 3.35 100 4 1 
14 0 75.8454 49.8741 0.241546 64.2857 46.9697 0.357143 69.5652 58.1818 0.304348 106.86 3.78 100 4 1 
15 0 75.8454 49.8741 0.241546 64.2857 46.9697 0.357143 69.5652 58.1818 0.304348 122.067 4.21 100 4 1 
16 0 75.8454 49.8741 0.241546 64.2857 46.9697 0.357143 69.5652 58.1818 0.304348 124.366 4.41 100 4 1 
17 0 75.8454 49.8741 0.241546 64.2857 46.9697 0.357143 69.5652 58.1818 0.304348 132.896 4.75 100 4 1 
18 0 75.8454 49.8741 0.241546 64.2857 46.9697 0.357143 69.5652 58.1818 0.304348 146.506 5.17 100 4 1 
19 0 75.8454 49.8741 0.241546 64.2857 46.9697 0.357143 69.5652 58.1818 0.304348 160.505 5.6 100 4 1 
20 0 75.8454 49.8741 0.241546 64.2857 46.9697 0.357143 69.5652 58.1818 0.304348 162.242 5.8 100 4 1 
21 0 75.8454 49.8741 0.241546 64.2857 46.9697 0.357143 69.5652 58.1818 0.304348 163.899 6 100 4 1 
22 0 75.8454 49.8741 0.241546 64.2857 46.9697 0.357143 69.5652 58.1818 0.304348 177.177 6.43 100 4 1 
23 0 75.8454 49.8741 0.241546 64.2857 46.9697 0.357143 69.5652 58.1818 0.304348 190.081 6.86 100 4 1 
24 0 75.8454 49.8741 0.241546 64.2857 46.9697 0.357143 69.5652 58.1818 0.304348 191.309 7.06 100 4 1 
25 0 75.8454 49.8741 0.241546 64.2857 46.9697 0.357143 69.5652 58.1818 0.304348 192.457 7.26 100 4 1 
26 0 75.8454 49.8741 0.241546 64.2857 46.9697 0.357143 69.5652 58.1818 0.304348 204.64 7.69 100 4 1 
27 0 75.8454 49.8741 0.241546 64.2857 46.9697 0.357143 69.5652 58.1818 0.304348 216.45 8.12 100 4 1 
28 0 75.8454 49.8741 0.241546 64.2857 46.9697 0.357143 69.5652 58.1818 0.304348 227.886 8.55 100 4 1 
29 0 75.8454 49.8741 0.241546 64.2857 46.9697 0.357143 69.5652 58.1818 0.304348 238.949 8.98 100 4 1 
30 0 75.8454 49.8741 0.241546 64.2857 46.9697 0.357143 69.5652 58.1818 0.304348 249.638 9.41 100 4 1 
31 0 75.8454 49.8741 0.241546 64.2857 46.9697 0.357143 69.5652 58.1818 0.304348 249.836 9.61 100 4 1 
32 0 75.8454 49.8741 0.241546 64.2857 46.9697 0.357143 69.5652 58.1818 0.304348 249.953 9.81 100 4 1 
33 0 75.8454 49.8741 0.241546 64.2857 46.9697 0.357143 69.5652 58.1818 0.304348 259.922 10.24 100 4 1 
34 0 79.2271 74.8935 0.207729 85.7143 85.4167 0.142857 69.5652 69.3333 0.304348 300.656 10.99 100 10 1 
35 0 79.2271 74.8935 0.207729 85.7143 85.4167 0.142857 69.5652 69.3333 0.304348 309.6 11.42 100 10 1 
36 0 79.2271 74.8935 0.207729 85.7143 85.4167 0.142857 69.5652 69.3333 0.304348 310.661 11.69 100 10 1 
37 0 79.2271 74.8935 0.207729 85.7143 85.4167 0.142857 69.5652 69.3333 0.304348 318.996 12.12 100 10 1 
38 0 79.2271 74.8935 0.207729 85.7143 85.4167 0.142857 69.5652 69.3333 0.304348 318.099 12.32 100 10 1 
39 0 79.2271 74.8935 0.207729 85.7143 85.4167 0.142857 69.5652 69.3333 0.304348 325.886 12.75 100 10 1 
40 0 79.2271 74.8935 0.207729 85.7143 85.4167 0.142857 69.5652 69.3333 0.304348 333.301 13.18 100 10 1 
41 0 79.2271 74.8935 0.207729 85.7143 85.4167 0.142857 69.5652 69.3333 0.304348 333.989 13.47 100 10 1 
42 0 79.2271 74.8935 0.207729 85.7143 85.4167 0.142857 69.5652 69.3333 0.304348 340.778 13.9 100 10 1 
43 0 79.2271 74.8935 0.207729 85.7143 85.4167 0.142857 69.5652 69.3333 0.304348 346.624 14.32 100 10 1 
44 0 79.2271 74.8935 0.207729 85.7143 85.4167 0.142857 69.5652 69.3333 0.304348 352.674 14.75 100 10 1 
45 0 79.2271 74.8935 0.207729 85.7143 85.4167 0.142857 69.5652 69.3333 0.304348 350.715 14.95 100 10 1 
46 0 79.2271 74.8935 0.207729 85.7143 85.4167 0.142857 69.5652 69.3333 0.304348 356.218 15.38 100 10 1 
47 0 79.2271 74.8935 0.207729 85.7143 85.4167 0.142857 69.5652 69.3333 0.304348 354.004 15.58 100 10 1 
48 0 79.2271 74.8935 0.207729 85.7143 85.4167 0.142857 69.5652 69.3333 0.304348 351.709 15.78 100 10 1 
49 0 79.2271 74.8935 0.207729 85.7143 85.4167 0.142857 69.5652 69.3333 0.304348 349.333 15.98 100 10 1 
50 0 79.2271 74.8935 0.207729 85.7143 85.4167 0.142857 69.5652 69.3333 0.304348 353.941 16.41 100 10 1 
51 0 79.2271 74.8935 0.207729 85.7143 85.4167 0.142857 69.5652 69.3333 0.304348 351.311 16.61 100 10 1 
52 0 79.2271 74.8935 0.207729 85.7143 85.4167 0.142857 69.5652 69.3333 0.304348 355.372 17.04 100 10 1 
53 0 79.2271 74.8935 0.207729 85.7143 85.4167 0.142857 69.5652 69.3333 0.304348 352.487 17.24 100 10 1 
54 0 79.2271 74.8935 0.207729 85.7143 85.4167 0.142857 69.5652 69.3333 0.304348 349.522 17.44 100 10 1 
55 0 79.2271 74.8935 0.207729 85.7143 85.4167 0.142857 69.5652 69.3333 0.304348 352.862 17.87 100 10 1 
56 0 79.2271 74.8935 0.207729 85.7143 85.4167 0.142857 69.5652 69.3333 0.304348 353.194 18.24 100 10 1 
57 0 79.2271 74.8935 0.207729 85.7143 85.4167 0.142857 69.5652 69.3333 0.304348 349.825 18.44 100 10 1 
58 0 79.2271 74.8935 0.207729 85.7143 85.4167 0.142857 69.5652 69.3333 0.304348 346.374 18.64 100 10 1 
59 0 79.2271 74.8935 0.207729 85.7143 85.4167 0.142857 69.5652 69.3333 0.304348 348.672 19.07 100 10 1 
60 0 79.2271 74.8935 0.207729 85.7143 85.4167 0.142857 69.5652 69.3333 0.304348 350.596 19.5 100 10 1 
61 0 79.2271 74.8935 0.207729 85.7143 85.4167 0.142857 69.5652 69.3333 0.304348 346.733 19.71 100 10 1 
62 0 79.2271 74.8935 0.207729 85.7143 85.4167 0.142857 69.5652 69.3333 0.304348 348.101 20.14 100 10 1 
63 0 79.2271 74.8935 0.207729 85.7143 85.4167 0.142857 69.5652 69.3333 0.304348 343.964 20.34 100 10 1 
64 0 79.2271 74.8935 0.207729 85.7143 85.4167 0.142857 69.5652 69.3333 0.304348 344.785 20.77 100 10 1 
65 0 79.2271 74.8935 0.207729 85.7143 85.4167 0.142857 69.5652 69.3333 0.304348 345.232 21.2 100 10 1 
66 0 79.2271 74.8935 0.207729 85.7143 85.4167 0.142857 69.5652 69.3333 0.304348 345.306 21.63 100 10 1 
67 0 79.2271 74.8935 0.207729 85.7143 85.4167 0.142857 69.5652 69.3333 0.304348 345.006 22.06 100 10 1 
68 0 79.2271 74.8935 0.207729 85.7143 85.4167 0.142857 69.5652 69.3333 0.304348 344.333 22.49 100 10 1 
69 0 79.2271 74.8935 0.207729 85.7143 85.4167 0.142857 69.5652 69.3333 0.304348 343.286 22.92 100 10 1 
70 0 79.2271 74.8935 0.207729 85.7143 85.4167 0.142857 69.5652 69.3333 0.304348 341.866 23.35 100 10 1 
71 0 79.2271 74.8935 0.207729 85.7143 85.4167 0.142857 69.5652 69.3333 0.304348 336.432 23.55 100 10 1 
72 0 79.2271 74.8935 0.207729 85.7143 85.4167 0.142857 69.5652 69.3333 0.304348 330.917 23.75 100 10 1 
73 0 79.2271 74.8935 0.207729 85.7143 85.4167 0.142857 69.5652 69.3333 0.304348 333.577 24.28 100 10 1 
74 0 79.2271 74.8935 0.207729 85.7143 85.4167 0.142857 69.5652 69.3333 0.304348 330.976 24.71 100 10 1 
75 0 79.2271 74.8935 0.207729 85.7143 85.4167 0.142857 69.5652 69.3333 0.304348 324.992 24.91 100 10 1 
76 0 79.2271 74.8935 0.207729 85.7143 85.4167 0.142857 69.5652 69.3333 0.304348 318.927 25.11 100 10 1 
