# Created by main.cpp, 2016-06-26.14:44:55
# name: results
# type: matrix
# rows: 150
# columns: 26
1 0.556522 44.3478 32.9179 12.595 3.28 0.328 0 100 9 6.05 2 1 1 -1 0 0 41.5217 30.2765 6.94111e-310 34.4222 1 86.6964 84.9607 4.29497e+09 20 
2 0.46256 53.744 38.8106 23.4049 4.69246 0.646 0 100 9 6.05 2 1 1 -1 0 0 52.3913 36.0343 6.94111e-310 39.5249 2 86.6964 84.9607 4.29497e+09 20 
3 0.422464 57.7536 40.625 32.8285 5.61767 0.9475 0 100 9 6.3 2 1 1 -1 0 0 57.1739 38.2154 6.94111e-310 41.3014 3 86.6964 84.9607 4.29497e+09 20 
4 0.383816 61.6184 43.3943 46.8136 6.69637 1.3075 0 100 9 6.1 2 1 1 -1 0 0 61.087 40.6708 6.94111e-310 44.4383 4 86.6964 84.9607 4.29497e+09 20 
5 0.342754 65.7246 46.5089 60.8177 7.65117 1.664 0 100 9 6.3 2 1 1 -1 0 0 65.8696 43.4571 6.94111e-310 48.2518 5 86.6964 84.9607 4.29497e+09 20 
6 0.328019 67.1981 47.397 72.5227 8.36277 1.994 0 100 9 6.45 2 1 1 -1 0 0 68.913 45.5309 6.94111e-310 48.6075 6 86.6964 84.9607 4.29497e+09 20 
7 0.330193 66.9807 48.3613 83.3368 8.99481 2.32 0 100 9 5.85 2 1 1 -1 0 0 67.6087 45.7923 6.94111e-310 49.9497 7 86.6964 84.9607 4.29497e+09 20 
8 0.307729 69.2271 49.2077 92.9787 9.53127 2.6425 0 100 9 5.75 2 1 1 -1 0 0 70 46.7282 6.94111e-310 51.3378 8 86.6964 84.9607 4.29497e+09 20 
9 0.307729 69.2271 49.2077 101.65 9.96881 2.9525 0 100 9 5.9 2 1 1 -1 0 0 70 46.7282 6.94111e-310 51.3378 9 86.6964 84.9607 4.29497e+09 20 
10 0.30314 69.686 49.6778 112.099 10.4628 3.278 0 100 9 4.95 2 1 1 -1 0 0 70.6522 47.3861 6.94111e-310 51.5164 10 86.6964 84.9607 4.29497e+09 20 
11 0.309662 69.0338 51.197 123.501 11.0021 3.626 0 100 9 5.7 2 1 1 -1 0 0 69.1304 47.9599 6.94111e-310 53.0559 11 86.6964 84.9607 4.29497e+09 20 
12 0.305797 69.4203 52.7601 134.84 11.5076 3.9745 0 100 9 5.25 2 1 1 -1 0 0 69.3478 49.3414 6.94111e-310 54.6612 12 86.6964 84.9607 4.29497e+09 20 
13 0.292754 70.7246 56.1569 151.421 12.1994 4.395 0 100 9 6.7 2 1 1 -1 0 0 69.3478 51.5353 6.94111e-310 58.9133 13 86.6964 84.9607 4.29497e+09 20 
14 0.292754 70.7246 56.1569 159.572 12.5294 4.708 0 100 9 5.5 2 1 1 -1 0 0 69.3478 51.5353 6.94111e-310 58.9133 14 86.6964 84.9607 4.29497e+09 20 
15 0.281159 71.8841 58.5393 171.333 12.9774 5.0635 0 100 9 6.05 2 1 1 -1 0 0 70.6522 53.7926 6.94111e-310 61.747 15 86.6964 84.9607 4.29497e+09 20 
16 0.281159 71.8841 58.5393 179.76 13.3012 5.39 0 100 9 6.55 2 1 1 -1 0 0 70.6522 53.7926 6.94111e-310 61.747 16 86.6964 84.9607 4.29497e+09 20 
17 0.278986 72.1014 60.7427 191.518 13.7312 5.757 0 100 9 6.3 2 1 1 -1 0 0 70.4348 55.821 6.94111e-310 65.4242 17 86.6964 84.9607 4.29497e+09 20 
18 0.278986 72.1014 60.7427 198.257 13.9767 6.066 0 100 9 6.35 2 1 1 -1 0 0 70.4348 55.821 6.94111e-310 65.4242 18 86.6964 84.9607 4.29497e+09 20 
19 0.278986 72.1014 60.7427 205.685 14.2477 6.393 0 100 9 6 2 1 1 -1 0 0 70.4348 55.821 6.94111e-310 65.4242 19 86.6964 84.9607 4.29497e+09 20 
20 0.28285 71.715 63.1824 215.319 14.5981 6.743 0 100 9 6.6 2 1 1 -1 0 0 68.6957 57.0406 6.94111e-310 68.6454 20 86.6964 84.9607 4.29497e+09 20 
21 0.278019 72.1981 63.4416 223.253 14.8744 7.076 0 100 9 6.65 2 1 1 -1 0 0 69.3478 57.4285 6.94111e-310 68.6574 21 86.6964 84.9607 4.29497e+09 20 
22 0.272464 72.7536 65.1489 232.681 15.1906 7.4215 0 100 9 6.95 2 1 1 -1 0 0 70.2174 59.5049 6.94111e-310 70.6644 22 86.6964 84.9607 4.29497e+09 20 
23 0.250242 74.9758 66.2118 240.423 15.4476 7.744 0 100 9 6.9 2 1 1 -1 0 0 72.8261 59.7477 6.94111e-310 70.7095 23 86.6964 84.9607 4.29497e+09 20 
24 0.250242 74.9758 66.2118 251.812 15.7973 8.1245 0 100 9 6.3 2 1 1 -1 0 0 72.8261 59.7477 6.94111e-310 70.7095 24 86.6964 84.9607 4.29497e+09 20 
25 0.250242 74.9758 66.2118 259.654 16.0408 8.463 0 100 9 7.05 2 1 1 -1 0 0 72.8261 59.7477 6.94111e-310 70.7095 25 86.6964 84.9607 4.29497e+09 20 
26 0.249275 75.0725 66.4607 268.581 16.3171 8.832 0 100 9 7 2 1 1 -1 0 0 73.4783 60.9814 6.94111e-310 71.3595 26 86.6964 84.9607 4.29497e+09 20 
27 0.246618 75.3382 67.5642 279.628 16.6509 9.216 0 100 9 7.05 2 1 1 -1 0 0 73.4783 62.252 6.94111e-310 73.2921 27 86.6964 84.9607 4.29497e+09 20 
28 0.242754 75.7246 69.215 285.446 16.8373 9.5325 0 100 9 7.05 2 1 1 -1 0 0 73.913 63.9995 6.94111e-310 75.6059 28 86.6964 84.9607 4.29497e+09 20 
29 0.242754 75.7246 69.215 291.48 17.0105 9.858 0 100 9 7.15 2 1 1 -1 0 0 73.913 63.9995 6.94111e-310 75.6059 29 86.6964 84.9607 4.29497e+09 20 
30 0.235507 76.4493 70.715 300.81 17.2866 10.233 0 100 9 6.9 2 1 1 -1 0 0 74.3478 65.3347 6.94111e-310 77.8976 30 86.6964 84.9607 4.29497e+09 20 
31 0.23744 76.256 71.0643 307.492 17.4755 10.563 0 100 9 6.55 2 1 1 -1 0 0 73.913 65.8352 6.94111e-310 77.9495 31 86.6964 84.9607 4.29497e+09 20 
32 0.239614 76.0386 71.1514 313.146 17.632 10.8975 0 100 9 6.7 2 1 1 -1 0 0 73.0435 65.5229 6.94111e-310 78.4326 32 86.6964 84.9607 4.29497e+09 20 
33 0.239614 76.0386 71.1514 317.624 17.7563 11.224 0 100 9 7.1 2 1 1 -1 0 0 73.0435 65.5229 6.94111e-310 78.4326 33 86.6964 84.9607 4.29497e+09 20 
34 0.239614 76.0386 71.1514 320.395 17.837 11.5185 0 100 9 6.7 2 1 1 -1 0 0 73.0435 65.5229 6.94111e-310 78.4326 34 86.6964 84.9607 4.29497e+09 20 
35 0.239614 76.0386 71.1514 323.327 17.9189 11.8195 0 100 9 7.1 2 1 1 -1 0 0 73.0435 65.5229 6.94111e-310 78.4326 35 86.6964 84.9607 4.29497e+09 20 
36 0.239614 76.0386 71.1514 327.211 18.028 12.146 0 100 9 6.85 2 1 1 -1 0 0 73.0435 65.5229 6.94111e-310 78.4012 36 86.6964 84.9607 4.29497e+09 20 
37 0.239614 76.0386 71.1514 331.762 18.1539 12.4875 0 100 9 7.1 2 1 1 -1 0 0 73.0435 65.5229 6.94111e-310 78.4326 37 86.6964 84.9607 4.29497e+09 20 
38 0.239614 76.0386 71.1514 334.277 18.2209 12.7965 0 100 9 7 2 1 1 -1 0 0 73.0435 65.5229 6.94111e-310 78.4326 38 86.6964 84.9607 4.29497e+09 20 
39 0.239614 76.0386 71.1514 338.531 18.3357 13.134 0 100 9 7.1 2 1 1 -1 0 0 73.0435 65.5229 6.94111e-310 78.4326 39 86.6964 84.9607 4.29497e+09 20 
40 0.237198 76.2802 71.2038 345.603 18.5245 13.518 0 100 9 6.9 2 1 1 -1 0 0 73.913 66.047 6.94111e-310 78.599 40 86.6964 84.9607 4.29497e+09 20 
41 0.237198 76.2802 71.2038 349.519 18.6307 13.882 0 100 9 6.55 2 1 1 -1 0 0 73.913 66.047 6.94111e-310 78.599 41 86.6964 84.9607 4.29497e+09 20 
42 0.237198 76.2802 71.2038 351.612 18.6901 14.201 0 100 9 6.55 2 1 1 -1 0 0 73.913 66.047 6.94111e-310 78.599 42 86.6964 84.9607 4.29497e+09 20 
43 0.237198 76.2802 71.2038 356.77 18.8355 14.575 0 100 9 6.9 2 1 1 -1 0 0 73.913 66.047 6.94111e-310 78.599 43 86.6964 84.9607 4.29497e+09 20 
44 0.23285 76.715 72.0417 358.443 18.8839 14.8795 0 100 9 7.1 2 1 1 -1 0 0 73.913 66.047 6.94111e-310 78.8455 44 86.6964 84.9607 4.29497e+09 20 
45 0.23285 76.715 72.0417 359.891 18.9221 15.2 0 100 9 7.1 2 1 1 -1 0 0 73.913 66.047 6.94111e-310 78.8455 45 86.6964 84.9607 4.29497e+09 20 
46 0.243237 75.6763 72.4168 361.282 18.9601 15.525 0 100 9 7.2 2 1 1 -1 0 0 72.1739 65.8258 6.94111e-310 79.3627 46 86.6964 84.9607 4.29497e+09 20 
47 0.243237 75.6763 72.4168 365.613 19.0734 15.8985 0 100 9 7.2 2 1 1 -1 0 0 72.1739 65.8258 6.94111e-310 79.3627 47 86.6964 84.9607 4.29497e+09 20 
48 0.243961 75.6039 72.6911 370.841 19.2095 16.3035 0 100 9 7.2 2 1 1 -1 0 0 71.7391 66.2701 6.94111e-310 79.1555 48 86.6964 84.9607 4.29497e+09 20 
49 0.243961 75.6039 72.6911 374.866 19.3177 16.683 0 100 9 7.2 2 1 1 -1 0 0 71.7391 66.2701 6.94111e-310 79.1555 49 86.6964 84.9607 4.29497e+09 20 
50 0.242271 75.7729 72.8813 376.576 19.3676 17.0095 9.875 100 9 7.2 2 1 1 -1 0 0 72.3913 66.8048 6.94111e-310 79.6499 50 86.6964 84.9607 4.29497e+09 20 
51 0.242512 75.7488 72.8941 378.484 19.4137 17.349 20.475 100 9 7.05 2 1 1 -1 0 0 72.3913 66.8048 6.94111e-310 79.5523 51 86.6964 84.9607 4.29497e+09 20 
52 0.238647 76.1353 73.0299 383.41 19.5405 17.749 21.575 100 9 7.3 2 1 1 -1 0 0 73.0435 66.8473 6.94111e-310 79.8784 52 86.6964 84.9607 4.29497e+09 20 
53 0.238647 76.1353 73.0299 384.735 19.5763 18.0895 22.075 100 9 7.3 2 1 1 -1 0 0 73.0435 66.8473 6.94111e-310 79.8784 53 86.6964 84.9607 4.29497e+09 20 
