# Created by main.cpp, 2016-06-29.10:15:13
# name: results
# type: matrix
# rows: 150
# columns: 16
1 0 59.2593 49.697 0.407407 63.8889 52.0307 0.361111 73.3333 52.2222 0.266667 25 0.5 100 2 1 
2 0 59.2593 49.697 0.407407 63.8889 52.0307 0.361111 73.3333 52.2222 0.266667 26.5587 0.63 100 2 1 
3 0 59.2593 49.697 0.407407 63.8889 52.0307 0.361111 73.3333 52.2222 0.266667 28.9151 0.79 100 2 1 
4 0 59.2593 49.697 0.407407 63.8889 52.0307 0.361111 73.3333 52.2222 0.266667 32.2218 0.98 100 2 1 
5 0 59.2593 49.697 0.407407 63.8889 52.0307 0.361111 73.3333 52.2222 0.266667 34.1748 1.13 100 2 1 
6 0 59.2593 49.697 0.407407 63.8889 52.0307 0.361111 73.3333 52.2222 0.266667 37.3511 1.32 100 2 1 
7 0 59.2593 49.697 0.407407 63.8889 52.0307 0.361111 73.3333 52.2222 0.266667 39.4844 1.48 100 2 1 
8 0 59.2593 49.697 0.407407 63.8889 52.0307 0.361111 73.3333 52.2222 0.266667 42.5264 1.67 100 2 1 
9 0 59.2593 49.697 0.407407 63.8889 52.0307 0.361111 73.3333 52.2222 0.266667 44.5466 1.83 100 2 1 
10 0 59.2593 49.697 0.407407 63.8889 52.0307 0.361111 73.3333 52.2222 0.266667 47.4541 2.02 100 2 1 
11 0 59.2593 49.697 0.407407 63.8889 52.0307 0.361111 73.3333 52.2222 0.266667 49.3612 2.18 100 2 1 
12 0 59.2593 49.697 0.407407 63.8889 52.0307 0.361111 73.3333 52.2222 0.266667 52.1344 2.37 100 2 1 
13 0 59.2593 49.697 0.407407 63.8889 52.0307 0.361111 73.3333 52.2222 0.266667 53.9284 2.53 100 2 1 
14 0 59.2593 49.697 0.407407 63.8889 52.0307 0.361111 73.3333 52.2222 0.266667 65.7273 2.9 100 2 1 
15 0 59.2593 49.697 0.407407 63.8889 52.0307 0.361111 73.3333 52.2222 0.266667 68.2241 3.09 100 2 1 
16 0 59.2593 49.697 0.407407 63.8889 52.0307 0.361111 73.3333 52.2222 0.266667 69.5378 3.24 100 2 1 
17 0 59.2593 49.697 0.407407 63.8889 52.0307 0.361111 73.3333 52.2222 0.266667 70.806 3.39 100 2 1 
18 0 59.2593 49.697 0.407407 63.8889 52.0307 0.361111 73.3333 52.2222 0.266667 73.1147 3.58 100 2 1 
19 0 59.2593 49.697 0.407407 63.8889 52.0307 0.361111 73.3333 52.2222 0.266667 76.3636 3.8 100 2 1 
20 0 59.2593 49.697 0.407407 63.8889 52.0307 0.361111 73.3333 52.2222 0.266667 88.5797 4.19 100 2 1 
21 0 59.2593 49.697 0.407407 63.8889 52.0307 0.361111 73.3333 52.2222 0.266667 89.56 4.34 100 2 1 
22 0 59.2593 49.697 0.407407 63.8889 52.0307 0.361111 73.3333 52.2222 0.266667 91.5041 4.53 100 2 1 
23 0 59.2593 49.697 0.407407 63.8889 52.0307 0.361111 73.3333 52.2222 0.266667 93.3754 4.72 100 2 1 
24 0 59.2593 49.697 0.407407 63.8889 52.0307 0.361111 73.3333 52.2222 0.266667 96.1176 4.94 100 2 1 
25 0 59.2593 49.697 0.407407 63.8889 52.0307 0.361111 73.3333 52.2222 0.266667 103.714 5.27 100 2 1 
26 0 59.2593 49.697 0.407407 63.8889 52.0307 0.361111 73.3333 52.2222 0.266667 105.301 5.46 100 2 1 
27 0 59.2593 49.697 0.407407 63.8889 52.0307 0.361111 73.3333 52.2222 0.266667 106.816 5.65 100 2 1 
28 0 59.2593 49.697 0.407407 63.8889 52.0307 0.361111 73.3333 52.2222 0.266667 108.257 5.84 100 2 1 
29 0 59.2593 49.697 0.407407 63.8889 52.0307 0.361111 73.3333 52.2222 0.266667 114.722 6.16 100 2 1 
30 0 59.2593 49.697 0.407407 63.8889 52.0307 0.361111 73.3333 52.2222 0.266667 115.291 6.32 100 2 1 
31 0 59.2593 49.697 0.407407 63.8889 52.0307 0.361111 73.3333 52.2222 0.266667 115.625 6.47 100 2 1 
32 0 59.2593 49.697 0.407407 63.8889 52.0307 0.361111 73.3333 52.2222 0.266667 116.094 6.63 100 2 1 
33 0 59.2593 49.697 0.407407 63.8889 52.0307 0.361111 73.3333 52.2222 0.266667 116.511 6.79 100 2 1 
34 0 59.2593 49.697 0.407407 63.8889 52.0307 0.361111 73.3333 52.2222 0.266667 116.418 6.92 100 2 1 
35 0 59.2593 49.697 0.407407 63.8889 52.0307 0.361111 73.3333 52.2222 0.266667 117.372 7.11 100 2 1 
36 0 59.2593 49.697 0.407407 63.8889 52.0307 0.361111 73.3333 52.2222 0.266667 117.467 7.26 100 2 1 
37 0 59.2593 49.697 0.407407 63.8889 52.0307 0.361111 73.3333 52.2222 0.266667 117.517 7.41 100 2 1 
38 0 59.2593 49.697 0.407407 63.8889 52.0307 0.361111 73.3333 52.2222 0.266667 117.522 7.56 100 2 1 
39 0 59.2593 49.697 0.407407 63.8889 52.0307 0.361111 73.3333 52.2222 0.266667 117.481 7.71 100 2 1 
40 0 59.2593 49.697 0.407407 63.8889 52.0307 0.361111 73.3333 52.2222 0.266667 118.894 7.93 100 2 1 
41 0 59.2593 49.697 0.407407 63.8889 52.0307 0.361111 73.3333 52.2222 0.266667 118.891 8.09 100 2 1 
42 0 59.2593 49.697 0.407407 63.8889 52.0307 0.361111 73.3333 52.2222 0.266667 119.396 8.28 100 2 1 
43 0 59.2593 49.697 0.407407 63.8889 52.0307 0.361111 73.3333 52.2222 0.266667 119.136 8.43 100 2 1 
44 0 59.2593 49.697 0.407407 63.8889 52.0307 0.361111 73.3333 52.2222 0.266667 118.972 8.59 100 2 1 
45 0 59.2593 49.697 0.407407 63.8889 52.0307 0.361111 73.3333 52.2222 0.266667 119.501 8.79 100 2 1 
46 0 59.2593 49.697 0.407407 63.8889 52.0307 0.361111 73.3333 52.2222 0.266667 119.737 8.98 100 2 1 
47 0 59.2593 49.697 0.407407 63.8889 52.0307 0.361111 73.3333 52.2222 0.266667 119.266 9.13 100 2 1 
48 0 59.2593 49.697 0.407407 63.8889 52.0307 0.361111 73.3333 52.2222 0.266667 118.875 9.29 100 2 1 
49 0 59.2593 49.697 0.407407 63.8889 52.0307 0.361111 73.3333 52.2222 0.266667 118.309 9.44 100 2 1 
50 0 59.2593 49.697 0.407407 63.8889 52.0307 0.361111 73.3333 52.2222 0.266667 117.818 9.6 100 2 1 
51 0 59.2593 49.697 0.407407 63.8889 52.0307 0.361111 73.3333 52.2222 0.266667 117.743 9.79 100 2 1 
52 0 59.2593 49.697 0.407407 63.8889 52.0307 0.361111 73.3333 52.2222 0.266667 117.596 9.98 100 2 1 
53 0 59.2593 49.697 0.407407 63.8889 52.0307 0.361111 73.3333 52.2222 0.266667 116.93 10.14 100 2 1 
54 0 59.2593 49.697 0.407407 63.8889 52.0307 0.361111 73.3333 52.2222 0.266667 116.337 10.31 100 2 1 
55 0 59.2593 49.697 0.407407 63.8889 52.0307 0.361111 73.3333 52.2222 0.266667 115.99 10.5 100 2 1 
56 0 59.2593 49.697 0.407407 63.8889 52.0307 0.361111 73.3333 52.2222 0.266667 115.156 10.66 100 2 1 
57 0 59.2593 49.697 0.407407 63.8889 52.0307 0.361111 73.3333 52.2222 0.266667 114.674 10.85 100 2 1 
58 0 59.2593 49.697 0.407407 63.8889 52.0307 0.361111 73.3333 52.2222 0.266667 113.719 10.91 100 2 1 
59 0 59.2593 49.697 0.407407 63.8889 52.0307 0.361111 73.3333 52.2222 0.266667 113.141 11.1 100 2 1 
60 0 59.2593 49.697 0.407407 63.8889 52.0307 0.361111 73.3333 52.2222 0.266667 115.048 11.39 100 2 1 
61 0 59.2593 49.697 0.407407 63.8889 52.0307 0.361111 73.3333 52.2222 0.266667 114.448 11.42 100 2 1 
62 0 59.2593 49.697 0.407407 63.8889 52.0307 0.361111 73.3333 52.2222 0.266667 113.317 11.58 100 2 1 
63 0 59.2593 49.697 0.407407 63.8889 52.0307 0.361111 73.3333 52.2222 0.266667 112.058 11.73 100 2 1 
64 0 59.2593 49.697 0.407407 63.8889 52.0307 0.361111 73.3333 52.2222 0.266667 110.654 11.85 100 2 1 
65 0 59.2593 49.697 0.407407 63.8889 52.0307 0.361111 73.3333 52.2222 0.266667 109.716 12.04 100 2 1 
66 0 59.2593 49.697 0.407407 63.8889 52.0307 0.361111 73.3333 52.2222 0.266667 108.317 12.19 100 2 1 
67 0 59.2593 49.697 0.407407 63.8889 52.0307 0.361111 73.3333 52.2222 0.266667 107.248 12.38 100 2 1 
68 0 59.2593 49.697 0.407407 63.8889 52.0307 0.361111 73.3333 52.2222 0.266667 106.106 12.57 100 2 1 
69 0 59.2593 49.697 0.407407 63.8889 52.0307 0.361111 73.3333 52.2222 0.266667 104.603 12.73 100 2 1 
70 0 59.2593 49.697 0.407407 63.8889 52.0307 0.361111 73.3333 52.2222 0.266667 103.46 12.93 100 2 1 
71 0 59.2593 49.697 0.407407 63.8889 52.0307 0.361111 73.3333 52.2222 0.266667 101.792 13.08 100 2 1 
72 0 59.2593 49.697 0.407407 63.8889 52.0307 0.361111 73.3333 52.2222 0.266667 100.381 13.27 100 2 1 
73 0 59.2593 49.697 0.407407 63.8889 52.0307 0.361111 73.3333 52.2222 0.266667 98.6097 13.42 100 2 1 
74 0 59.2593 49.697 0.407407 63.8889 52.0307 0.361111 73.3333 52.2222 0.266667 97.0686 13.61 100 2 1 
75 0 59.2593 49.697 0.407407 63.8889 52.0307 0.361111 73.3333 52.2222 0.266667 95.4545 13.8 100 2 1 
76 0 59.2593 49.697 0.407407 63.8889 52.0307 0.361111 73.3333 52.2222 0.266667 106.515 14.3 100 2 1 
77 0 59.2593 49.697 0.407407 63.8889 52.0307 0.361111 73.3333 52.2222 0.266667 104.626 14.4 100 2 1 
78 0 59.2593 49.697 0.407407 63.8889 52.0307 0.361111 73.3333 52.2222 0.266667 108.99 14.8 100 2 1 
