# Created by main.cpp, 2016-06-26.14:45:51
# name: results
# type: matrix
# rows: 150
# columns: 26
1 1.15259 34.5185 18.9799 4.213 1.88 0.188 0 100 13 5.2 3 1 1 -1 0 0 33.6667 19.2404 6.94111e-310 18.2587 1 59.4444 49.3323 4.29497e+09 20 
2 0.882222 39.7778 21.8991 8.33398 2.71547 0.3785 0 100 13 5.2 3 1 1 -1 0 0 38.6667 21.6848 6.94111e-310 19.4257 2 59.4444 49.3323 4.29497e+09 20 
3 0.894444 40.1111 23.2597 11.4537 3.24646 0.5475 0 100 13 4.95 3 1 1 -1 0 0 40 23.5044 6.94111e-310 20.8496 3 59.4444 49.3323 4.29497e+09 20 
4 0.729259 43.6296 26.2151 15.4735 3.82015 0.735 0 100 13 5.8 3 1 1 -1 0 0 41 25.0786 6.94111e-310 23.6555 4 59.4444 49.3323 4.29497e+09 20 
5 0.705185 44.1481 26.4956 18.4511 4.18498 0.906 0 100 13 5.45 3 1 1 -1 0 0 40.3333 24.8513 6.94111e-310 23.5842 5 59.4444 49.3323 4.29497e+09 20 
6 0.771852 43.5926 27.8737 22.1395 4.61012 1.097 0 100 13 5.8 3 1 1 -1 0 0 39.3333 25.1437 6.94111e-310 26.2732 6 59.4444 49.3323 4.29497e+09 20 
7 0.771852 43.5926 27.8737 25.5482 4.95352 1.281 0 100 13 5.6 3 1 1 -1 0 0 39.3333 25.1437 6.94111e-310 26.2732 7 59.4444 49.3323 4.29497e+09 20 
8 0.77037 43.7407 28.752 28.1342 5.21807 1.4435 0 100 13 5.45 3 1 1 -1 0 0 39 25.5668 6.94111e-310 27.6743 8 59.4444 49.3323 4.29497e+09 20 
9 0.744815 45.5185 31.6897 33.5081 5.69168 1.6585 0 100 13 5.15 3 1 1 -1 0 0 39.6667 27.2298 6.94111e-310 30.6739 9 59.4444 49.3323 4.29497e+09 20 
10 0.744815 45.5185 31.6897 35.8338 5.8846 1.816 0 100 13 5.35 3 1 1 -1 0 0 39.6667 27.2298 6.94111e-310 30.6739 10 59.4444 49.3323 4.29497e+09 20 
11 0.739259 46.0741 32.2717 39.0331 6.14778 1.9975 0 100 13 5.25 3 1 1 -1 0 0 41.6667 28.5429 6.94111e-310 31.2487 11 59.4444 49.3323 4.29497e+09 20 
12 0.691111 47.1111 33.4799 41.7882 6.37713 2.1725 0 100 13 5.3 3 1 1 -1 0 0 43 30.1489 6.94111e-310 32.1713 12 59.4444 49.3323 4.29497e+09 20 
13 0.762593 46.8519 34.3647 46.1416 6.70964 2.3845 0 100 13 5.95 3 1 1 -1 0 0 43.3333 31.2073 6.94111e-310 33.6852 13 59.4444 49.3323 4.29497e+09 20 
14 0.762593 46.8519 34.3647 48.1474 6.8608 2.545 0 100 13 5.55 3 1 1 -1 0 0 43.3333 31.2073 6.94111e-310 33.6852 14 59.4444 49.3323 4.29497e+09 20 
15 0.749259 47.1852 34.6221 51.2179 7.07913 2.728 0 100 13 5.55 3 1 1 -1 0 0 45 32.4173 6.94111e-310 33.7911 15 59.4444 49.3323 4.29497e+09 20 
16 0.678148 48.7407 36.7349 54.4163 7.31253 2.914 0 100 13 5.8 3 1 1 -1 0 0 47.6667 34.7703 6.94111e-310 36.8784 16 59.4444 49.3323 4.29497e+09 20 
17 0.684074 48.9259 36.7811 57.4211 7.50963 3.102 0 100 13 5.75 3 1 1 -1 0 0 50 36.2243 6.94111e-310 36.6062 17 59.4444 49.3323 4.29497e+09 20 
18 0.641852 49.8148 37.8273 59.9118 7.67881 3.282 0 100 13 5.35 3 1 1 -1 0 0 52.3333 38.1313 6.94111e-310 37.7713 18 59.4444 49.3323 4.29497e+09 20 
19 0.641852 49.8148 37.8273 61.6168 7.79133 3.447 0 100 13 5.35 3 1 1 -1 0 0 52.3333 38.1313 6.94111e-310 37.7713 19 59.4444 49.3323 4.29497e+09 20 
20 0.638889 50.1111 38.5056 64.0381 7.95287 3.6335 0 100 13 5.6 3 1 1 -1 0 0 52.3333 38.1313 6.94111e-310 38.2822 20 59.4444 49.3323 4.29497e+09 20 
21 0.638889 50.1111 38.5056 65.5448 8.04885 3.7925 0 100 13 5.6 3 1 1 -1 0 0 52.3333 38.1313 6.94111e-310 38.2822 21 59.4444 49.3323 4.29497e+09 20 
22 0.638889 50.1111 38.5056 66.9684 8.13562 3.953 0 100 13 5.6 3 1 1 -1 0 0 52.3333 38.1313 6.94111e-310 38.2822 22 59.4444 49.3323 4.29497e+09 20 
23 0.638889 50.1111 38.5056 69.1504 8.26359 4.1325 0 100 13 5.6 3 1 1 -1 0 0 52.3333 38.1313 6.94111e-310 38.2822 23 59.4444 49.3323 4.29497e+09 20 
24 0.632593 50.7407 39.88 71.7281 8.41724 4.317 0 100 13 5.6 3 1 1 -1 0 0 53.6667 39.7456 6.94111e-310 40.0527 24 59.4444 49.3323 4.29497e+09 20 
25 0.632593 50.7407 39.88 74.0843 8.55767 4.5035 0 100 13 5.6 3 1 1 -1 0 0 53.6667 39.7456 6.94111e-310 40.0527 25 59.4444 49.3323 4.29497e+09 20 
26 0.632593 50.7407 39.88 76.0672 8.66937 4.684 0 100 13 5.6 3 1 1 -1 0 0 53.6667 39.7456 6.94111e-310 40.0527 26 59.4444 49.3323 4.29497e+09 20 
27 0.632593 50.7407 39.88 77.3524 8.7459 4.844 0 100 13 5.6 3 1 1 -1 0 0 53.6667 39.7456 6.94111e-310 40.0527 27 59.4444 49.3323 4.29497e+09 20 
28 0.632593 50.7407 39.88 79.0828 8.83724 5.011 0 100 13 5.6 3 1 1 -1 0 0 53.6667 39.7456 6.94111e-310 40.0527 28 59.4444 49.3323 4.29497e+09 20 
29 0.637407 50.4815 40.0107 81.5498 8.97055 5.2055 0 100 13 5.55 3 1 1 -1 0 0 53 39.4194 6.94111e-310 40.7417 29 59.4444 49.3323 4.29497e+09 20 
30 0.62 51.3333 41.0607 85.8249 9.19368 5.433 0 100 13 5.5 3 1 1 -1 0 0 53.3333 39.8099 6.94111e-310 41.4304 30 59.4444 49.3323 4.29497e+09 20 
31 0.594815 51.8519 41.2683 87.2548 9.27511 5.603 0 100 13 5.7 3 1 1 -1 0 0 56 41.921 6.94111e-310 41.0398 31 59.4444 49.3323 4.29497e+09 20 
32 0.624815 52.0741 41.3617 89.4307 9.39272 5.797 0 100 13 5.8 3 1 1 -1 0 0 54.6667 41.2544 6.94111e-310 40.8178 32 59.4444 49.3323 4.29497e+09 20 
33 0.624815 52.0741 41.3617 90.7037 9.46127 5.9695 0 100 13 5.8 3 1 1 -1 0 0 54.6667 41.2544 6.94111e-310 40.8178 33 59.4444 49.3323 4.29497e+09 20 
34 0.624815 52.0741 41.3617 91.7448 9.51856 6.141 0 100 13 5.8 3 1 1 -1 0 0 54.6667 41.2544 6.94111e-310 40.8178 34 59.4444 49.3323 4.29497e+09 20 
35 0.618889 52.2222 41.5064 93.4835 9.60639 6.322 0 100 13 5.8 3 1 1 -1 0 0 54.6667 41.3075 6.94111e-310 40.924 35 59.4444 49.3323 4.29497e+09 20 
36 0.618889 52.2222 41.5064 94.3463 9.65312 6.4925 0 100 13 5.8 3 1 1 -1 0 0 54.6667 41.3075 6.94111e-310 40.924 36 59.4444 49.3323 4.29497e+09 20 
37 0.618889 52.2222 41.5064 95.6924 9.72087 6.6765 0 100 13 5.8 3 1 1 -1 0 0 54.6667 41.3075 6.94111e-310 40.924 37 59.4444 49.3323 4.29497e+09 20 
38 0.597778 51.8889 41.513 96.7793 9.77653 6.8405 0 100 13 6.05 3 1 1 -1 0 0 54.6667 41.1408 6.94111e-310 41.6604 38 59.4444 49.3323 4.29497e+09 20 
39 0.580741 52.2593 42.3131 97.4934 9.81744 7.002 0 100 13 6.45 3 1 1 -1 0 0 56.6667 42.8815 6.94111e-310 42.4181 39 59.4444 49.3323 4.29497e+09 20 
40 0.580741 52.2593 42.3131 98.2274 9.85665 7.1765 0 100 13 6.45 3 1 1 -1 0 0 56.6667 42.8815 6.94111e-310 42.4181 40 59.4444 49.3323 4.29497e+09 20 
41 0.580741 52.3704 42.6966 99.6072 9.92833 7.363 0 100 13 6.4 3 1 1 -1 0 0 56 42.5554 6.94111e-310 43.2453 41 59.4444 49.3323 4.29497e+09 20 
42 0.580741 52.3704 42.6966 99.7843 9.93735 7.5195 0 100 13 6.4 3 1 1 -1 0 0 56 42.5554 6.94111e-310 43.2453 42 59.4444 49.3323 4.29497e+09 20 
43 0.560741 52.8148 42.8045 101.231 10.0081 7.719 0 100 13 6.4 3 1 1 -1 0 0 57.6667 43.5777 6.94111e-310 42.8136 43 59.4444 49.3323 4.29497e+09 20 
44 0.560741 52.8148 42.8045 101.802 10.0371 7.889 0 100 13 6.4 3 1 1 -1 0 0 57.6667 43.5777 6.94111e-310 42.8136 44 59.4444 49.3323 4.29497e+09 20 
45 0.560741 52.8148 42.8045 102.117 10.0548 8.0515 0 100 13 6.4 3 1 1 -1 0 0 57.6667 43.5777 6.94111e-310 42.8136 45 59.4444 49.3323 4.29497e+09 20 
46 0.56037 52.8519 42.8373 104.38 10.1622 8.2565 0 100 13 6.45 3 1 1 -1 0 0 57.3333 43.2324 6.94111e-310 42.8136 46 59.4444 49.3323 4.29497e+09 20 
47 0.56037 52.8519 42.8373 104.659 10.177 8.4205 0 100 13 6.45 3 1 1 -1 0 0 57.3333 43.2324 6.94111e-310 42.8136 47 59.4444 49.3323 4.29497e+09 20 
48 0.56037 52.8519 42.8373 104.884 10.1887 8.5855 0 100 13 6.45 3 1 1 -1 0 0 57.3333 43.2324 6.94111e-310 42.8136 48 59.4444 49.3323 4.29497e+09 20 
49 0.56037 52.8519 42.8373 104.84 10.1868 8.7325 0 100 13 6.45 3 1 1 -1 0 0 57.3333 43.2324 6.94111e-310 42.8136 49 59.4444 49.3323 4.29497e+09 20 
50 0.562593 52.8519 43.1546 105.331 10.2133 8.9185 3.15 100 13 6.65 3 1 1 -1 0 0 57 43.6555 6.94111e-310 43.8114 50 59.4444 49.3323 4.29497e+09 20 
51 0.548148 53.5185 43.4478 105.526 10.2273 9.0765 7.4 100 13 6.9 3 1 1 -1 0 0 57.3333 43.2324 6.94111e-310 42.9935 51 59.4444 49.3323 4.29497e+09 20 
52 0.547407 53.7037 43.8785 105.978 10.2496 9.241 9.6 100 13 7 3 1 1 -1 0 0 57 43.1352 6.94111e-310 43.9426 52 59.4444 49.3323 4.29497e+09 20 
53 0.532963 53.8148 43.9581 106.646 10.2828 9.4295 11.525 100 13 6.95 3 1 1 -1 0 0 57 43.1352 6.94111e-310 44.0909 53 59.4444 49.3323 4.29497e+09 20 
