# Created by main.cpp, 2016-06-26.14:43:41
# name: results
# type: matrix
# rows: 150
# columns: 25
0 0.263142 51.4486 34.8138 0 0 0 -1 -1 13 1 3 1 1 -1 -1 -1 48.5714 33.4887 51 34.7852 0 93.1429 91.6452 20 
1 0.165864 67.0561 41.8351 0 0 0 -1 -1 13 1.5 3 1 1 -1 -1 -1 67.7143 42.1676 67.2857 42.1697 1 93.1429 91.6452 20 
2 0.165864 67.0561 41.8351 0 0 0 -1 -1 13 1.5 3 1 1 -1 -1 -1 67.7143 42.1676 67.2857 42.1697 2 93.1429 91.6452 20 
3 0.165864 67.0561 41.8351 0 0 0 -1 -1 13 1.5 3 1 1 -1 -1 -1 67.7143 42.1676 67.2857 42.1697 3 93.1429 91.6452 20 
4 0.145533 69.486 46.9787 0 0 0 -1 -1 13 1.6 3 1 1 -1 -1 -1 68.5714 44.3755 67.5714 43.2423 4 93.1429 91.6452 20 
5 0.131639 72.2897 52.7963 0 0 0 -1 -1 13 1.65 3 1 1 -1 -1 -1 71 50.4281 69 48.6178 5 93.1429 91.6452 20 
6 0.100232 75.3738 60.3673 0 0 0 -1 -1 13 1.8 3 1 1 -1 -1 -1 73.8571 56.4937 70 51.5573 6 93.1429 91.6452 20 
7 0.0726889 78.4579 67.3095 0 0 0 -1 -1 13 1.9 3 1 1 -1 -1 -1 75.8571 61.3317 71.1429 54.6071 7 93.1429 91.6452 20 
8 0.0680362 79.6262 69.6536 0 0 0 -1 -1 13 1.9 3 1 1 -1 -1 -1 77.5714 64.5913 72.5714 57.463 8 93.1429 91.6452 20 
9 0.0429786 84.2991 78.4544 0 0 0 -1 -1 13 2 3 1 1 -1 -1 -1 80.8571 71.3861 74.2857 61.6341 9 93.1429 91.6452 20 
10 0.0398658 87.1495 83.4647 0 0 0 -1 -1 13 2 3 1 1 -1 -1 -1 84.7143 78.8852 80.5714 72.7907 10 93.1429 91.6452 20 
11 0.0357842 89.2523 87.115 0 0 0 -1 -1 13 2 3 1 1 -1 -1 -1 87.1429 82.9371 83.5714 77.5047 11 93.1429 91.6452 20 
12 0.0348985 89.6262 87.5719 0 0 0 -1 -1 13 2 3 1 1 -1 -1 -1 88.1429 84.6932 84.5714 79.2058 12 93.1429 91.6452 20 
13 0.0337565 90.4206 88.4227 0 0 0 -1 -1 13 2 3 1 1 -1 -1 -1 88.7143 85.3455 85.1429 79.9892 13 93.1429 91.6452 20 
14 0.0294533 92.1963 90.2726 0 0 0 -1 -1 13 2 3 1 1 -1 -1 -1 90 87.0121 86.8571 82.4712 14 93.1429 91.6452 20 
15 0.0277015 92.2897 90.4606 0 0 0 -1 -1 13 2 3 1 1 -1 -1 -1 91.1429 88.8218 87.5714 83.4734 15 93.1429 91.6452 20 
16 0.0261601 92.3832 90.5726 0 0 0 -1 -1 13 2 3 1 1 -1 -1 -1 92.5714 90.6551 88 84.0458 16 93.1429 91.6452 20 
17 0.025588 93.2243 91.4205 0 0 0 -1 -1 13 2 3 1 1 -1 -1 -1 93 91.1823 88.4286 84.5177 17 93.1429 91.6452 20 
18 0.0228673 93.9252 93.0003 0 0 0 -1 -1 13 2 3 1 1 -1 -1 -1 94 92.4834 89.5714 86.299 18 93.1429 91.6452 20 
19 0.0219011 94.7196 94.1033 0 0 0 -1 -1 13 2 3 1 1 -1 -1 -1 94.4286 93.2309 89.8571 86.8972 19 93.1429 91.6452 20 
20 0.0217302 94.7196 94.144 0 0 0 -1 -1 13 2 3 1 1 -1 -1 -1 95 93.952 90.1429 87.5859 20 93.1429 91.6452 20 
21 0.0217302 94.7196 94.144 0 0 0 -1 -1 13 2 3 1 1 -1 -1 -1 95 93.952 90.1429 87.5859 21 93.1429 91.6452 20 
22 0.0217302 94.7196 94.144 0 0 0 -1 -1 13 2 3 1 1 -1 -1 -1 95 93.952 90.1429 87.5859 22 93.1429 91.6452 20 
23 0.0217302 94.7196 94.144 0 0 0 -1 -1 13 2 3 1 1 -1 -1 -1 95 93.952 90.1429 87.5859 23 93.1429 91.6452 20 
24 0.0214988 94.9065 94.3733 0 0 0 -1 -1 13 2 3 1 1 -1 -1 -1 95.5714 94.5888 90.7143 88.592 24 93.1429 91.6452 20 
25 0.0214465 94.8598 94.3182 0 0 0 -1 -1 13 2 3 1 1 -1 -1 -1 95.8571 94.906 91.2857 89.3331 25 93.1429 91.6452 20 
26 0.0214465 94.8598 94.3182 0 0 0 -1 -1 13 2 3 1 1 -1 -1 -1 95.8571 94.906 91.2857 89.3331 26 93.1429 91.6452 20 
27 0.0197208 95.3738 94.8409 0 0 0 -1 -1 13 2 3 1 1 -1 -1 -1 96.2857 95.5701 91 88.748 27 93.1429 91.6452 20 
28 0.0194838 95.5607 95.0869 0 0 0 -1 -1 13 2 3 1 1 -1 -1 -1 96.5714 95.9391 91.4286 89.5728 28 93.1429 91.6452 20 
29 0.0193551 95.4673 94.9906 0 0 0 -1 -1 13 2 3 1 1 -1 -1 -1 96.8571 96.337 91.7143 89.9702 29 93.1429 91.6452 20 
30 0.01923 95.4673 94.9906 0 0 0 -1 -1 13 2 3 1 1 -1 -1 -1 97.1429 96.687 92 90.3256 30 93.1429 91.6452 20 
31 0.01923 95.4673 94.9906 0 0 0 -1 -1 13 2 3 1 1 -1 -1 -1 97.1429 96.687 92 90.3256 31 93.1429 91.6452 20 
32 0.01923 95.4673 94.9906 0 0 0 -1 -1 13 2 3 1 1 -1 -1 -1 97.1429 96.687 92 90.3256 32 93.1429 91.6452 20 
33 0.01923 95.4673 94.9906 0 0 0 -1 -1 13 2 3 1 1 -1 -1 -1 97.1429 96.687 92 90.3256 33 93.1429 91.6452 20 
34 0.01923 95.4673 94.9906 0 0 0 -1 -1 13 2 3 1 1 -1 -1 -1 97.1429 96.687 92 90.3256 34 93.1429 91.6452 20 
35 0.01923 95.4673 94.9906 0 0 0 -1 -1 13 2 3 1 1 -1 -1 -1 97.1429 96.687 92 90.3256 35 93.1429 91.6452 20 
36 0.01923 95.4673 94.9906 0 0 0 -1 -1 13 2 3 1 1 -1 -1 -1 97.1429 96.687 92 90.3256 36 93.1429 91.6452 20 
37 0.0204589 94.486 93.9959 0 0 0 -1 -1 13 2.05 3 1 1 -1 -1 -1 97.2857 96.8556 92.1429 90.5317 37 93.1429 91.6452 20 
38 0.0204589 94.486 93.9959 0 0 0 -1 -1 13 2.05 3 1 1 -1 -1 -1 97.2857 96.8556 92.1429 90.5317 38 93.1429 91.6452 20 
39 0.0204589 94.486 93.9959 0 0 0 -1 -1 13 2.05 3 1 1 -1 -1 -1 97.2857 96.8556 92.1429 90.5317 39 93.1429 91.6452 20 
40 0.0204589 94.486 93.9959 0 0 0 -1 -1 13 2.05 3 1 1 -1 -1 -1 97.2857 96.8556 92.1429 90.5317 40 93.1429 91.6452 20 
41 0.0207541 94.5794 94.1036 0 0 0 -1 -1 13 2.1 3 1 1 -1 -1 -1 97.4286 97.006 91.8571 90.1631 41 93.1429 91.6452 20 
42 0.0207541 94.5794 94.1036 0 0 0 -1 -1 13 2.1 3 1 1 -1 -1 -1 97.4286 97.006 91.8571 90.1631 42 93.1429 91.6452 20 
43 0.0207541 94.5794 94.1036 0 0 0 -1 -1 13 2.1 3 1 1 -1 -1 -1 97.4286 97.006 91.8571 90.1631 43 93.1429 91.6452 20 
44 0.0207541 94.5794 94.1036 0 0 0 -1 -1 13 2.1 3 1 1 -1 -1 -1 97.4286 97.006 91.8571 90.1631 44 93.1429 91.6452 20 
45 0.0196243 94.7664 94.2994 0 0 0 -1 -1 13 2.15 3 1 1 -1 -1 -1 97.5714 97.1993 92.4286 90.9537 45 93.1429 91.6452 20 
46 0.0196243 94.7664 94.2994 0 0 0 -1 -1 13 2.15 3 1 1 -1 -1 -1 97.5714 97.1993 92.4286 90.9537 46 93.1429 91.6452 20 
47 0.0199601 94.7196 94.2487 0 0 0 -1 -1 13 2.2 3 1 1 -1 -1 -1 97.7143 97.3549 92.1429 90.3139 47 93.1429 91.6452 20 
48 0.0199601 94.7196 94.2487 0 0 0 -1 -1 13 2.2 3 1 1 -1 -1 -1 97.7143 97.3549 92.1429 90.3139 48 93.1429 91.6452 20 
49 0.0194517 94.7664 94.3049 0 0 0 -1 -1 13 2.2 3 1 1 -1 -1 -1 97.8571 97.5104 92.7143 91.0139 49 93.1429 91.6452 20 
50 0.0195318 94.7196 94.2508 0 0 0 -1 -1 13 2.25 3 1 1 -1 -1 -1 98 97.6526 92.5714 90.8352 50 93.1429 91.6452 20 
51 0.0195318 94.7196 94.2508 0 0 0 -1 -1 13 2.25 3 1 1 -1 -1 -1 98 97.6526 92.5714 90.8352 51 93.1429 91.6452 20 
52 0.0181971 95.7009 95.2455 0 0 0 -1 -1 13 2.25 3 1 1 -1 -1 -1 98.1429 97.814 93 91.377 52 93.1429 91.6452 20 
53 0.0181971 95.7009 95.2455 0 0 0 -1 -1 13 2.25 3 1 1 -1 -1 -1 98.1429 97.814 93 91.377 53 93.1429 91.6452 20 
54 0.0181971 95.7009 95.2455 0 0 0 -1 -1 13 2.25 3 1 1 -1 -1 -1 98.1429 97.814 93 91.377 54 93.1429 91.6452 20 
55 0.0181971 95.7009 95.2455 0 0 0 -1 -1 13 2.25 3 1 1 -1 -1 -1 98.1429 97.814 93 91.377 55 93.1429 91.6452 20 
56 0.0181971 95.7009 95.2455 0 0 0 -1 -1 13 2.25 3 1 1 -1 -1 -1 98.1429 97.814 93 91.377 56 93.1429 91.6452 20 
57 0.0181971 95.7009 95.2455 0 0 0 -1 -1 13 2.25 3 1 1 -1 -1 -1 98.1429 97.814 93 91.377 57 93.1429 91.6452 20 
58 0.0181971 95.7009 95.2455 0 0 0 -1 -1 13 2.25 3 1 1 -1 -1 -1 98.1429 97.814 93 91.377 58 93.1429 91.6452 20 
59 0.0181971 95.7009 95.2455 0 0 0 -1 -1 13 2.25 3 1 1 -1 -1 -1 98.1429 97.814 93 91.377 59 93.1429 91.6452 20 
60 0.0181971 95.7009 95.2455 0 0 0 -1 -1 13 2.25 3 1 1 -1 -1 -1 98.1429 97.814 93 91.377 60 93.1429 91.6452 20 
61 0.0181971 95.7009 95.2455 0 0 0 -1 -1 13 2.25 3 1 1 -1 -1 -1 98.1429 97.814 93 91.377 61 93.1429 91.6452 20 
62 0.0181971 95.7009 95.2455 0 0 0 -1 -1 13 2.25 3 1 1 -1 -1 -1 98.1429 97.814 93 91.377 62 93.1429 91.6452 20 
63 0.0181971 95.7009 95.2455 0 0 0 -1 -1 13 2.25 3 1 1 -1 -1 -1 98.1429 97.814 93 91.377 63 93.1429 91.6452 20 
64 0.0181971 95.7009 95.2455 0 0 0 -1 -1 13 2.25 3 1 1 -1 -1 -1 98.1429 97.814 93 91.377 64 93.1429 91.6452 20 
65 0.0181971 95.7009 95.2455 0 0 0 -1 -1 13 2.25 3 1 1 -1 -1 -1 98.1429 97.814 93 91.377 65 93.1429 91.6452 20 
66 0.0181971 95.7009 95.2455 0 0 0 -1 -1 13 2.25 3 1 1 -1 -1 -1 98.1429 97.814 93 91.377 66 93.1429 91.6452 20 
67 0.0181971 95.7009 95.2455 0 0 0 -1 -1 13 2.25 3 1 1 -1 -1 -1 98.1429 97.814 93 91.377 67 93.1429 91.6452 20 
68 0.0181971 95.7009 95.2455 0 0 0 -1 -1 13 2.25 3 1 1 -1 -1 -1 98.1429 97.814 93 91.377 68 93.1429 91.6452 20 
