# Created by main.cpp, 2016-06-29.10:15:10
# name: results
# type: matrix
# rows: 150
# columns: 25
0 32.7103 24.6479 0.672897 0 0 0 -1 -1 13 1 3 1 1 -1 -1 -1 37.1429 27.0833 0.628571 34.2857 25.5319 0.657143 0 1 
1 67.2897 40.2235 0.327103 0 0 0 -1 -1 13 2 3 1 1 -1 -1 -1 62.8571 38.5965 0.371429 65.7143 39.6552 0.342857 1 1 
2 67.2897 40.2235 0.327103 0 0 0 -1 -1 13 2 3 1 1 -1 -1 -1 62.8571 38.5965 0.371429 65.7143 39.6552 0.342857 2 1 
3 67.2897 40.2235 0.327103 0 0 0 -1 -1 13 2 3 1 1 -1 -1 -1 62.8571 38.5965 0.371429 65.7143 39.6552 0.342857 3 1 
4 67.2897 40.2235 0.327103 0 0 0 -1 -1 13 2 3 1 1 -1 -1 -1 62.8571 38.5965 0.371429 65.7143 39.6552 0.342857 4 1 
5 87.8505 86.8139 0.121495 0 0 0 -1 -1 13 2 3 1 1 -1 -1 -1 82.8571 80.9783 0.171429 80 72.808 0.2 5 1 
6 87.8505 86.8139 0.121495 0 0 0 -1 -1 13 2 3 1 1 -1 -1 -1 82.8571 80.9783 0.171429 80 72.808 0.2 6 1 
7 86.9159 86.1604 0.130841 0 0 0 -1 -1 13 2 3 1 1 -1 -1 -1 85.7143 84.4444 0.142857 85.7143 81.9401 0.142857 7 1 
8 86.9159 86.1604 0.130841 0 0 0 -1 -1 13 2 3 1 1 -1 -1 -1 85.7143 84.4444 0.142857 85.7143 81.9401 0.142857 8 1 
9 91.5888 90.6441 0.0841121 0 0 0 -1 -1 13 2 3 1 1 -1 -1 -1 88.5714 87.3188 0.114286 82.8571 77.5641 0.171429 9 1 
10 91.5888 90.6441 0.0841121 0 0 0 -1 -1 13 2 3 1 1 -1 -1 -1 88.5714 87.3188 0.114286 82.8571 77.5641 0.171429 10 1 
11 91.5888 90.6441 0.0841121 0 0 0 -1 -1 13 2 3 1 1 -1 -1 -1 88.5714 87.3188 0.114286 82.8571 77.5641 0.171429 11 1 
12 91.5888 90.6441 0.0841121 0 0 0 -1 -1 13 2 3 1 1 -1 -1 -1 88.5714 87.3188 0.114286 82.8571 77.5641 0.171429 12 1 
13 91.5888 90.6441 0.0841121 0 0 0 -1 -1 13 2 3 1 1 -1 -1 -1 88.5714 87.3188 0.114286 82.8571 77.5641 0.171429 13 1 
14 91.5888 90.6441 0.0841121 0 0 0 -1 -1 13 2 3 1 1 -1 -1 -1 88.5714 87.3188 0.114286 82.8571 77.5641 0.171429 14 1 
15 91.5888 90.6441 0.0841121 0 0 0 -1 -1 13 2 3 1 1 -1 -1 -1 88.5714 87.3188 0.114286 82.8571 77.5641 0.171429 15 1 
16 91.5888 90.6441 0.0841121 0 0 0 -1 -1 13 2 3 1 1 -1 -1 -1 88.5714 87.3188 0.114286 82.8571 77.5641 0.171429 16 1 
17 91.5888 90.6441 0.0841121 0 0 0 -1 -1 13 2 3 1 1 -1 -1 -1 88.5714 87.3188 0.114286 82.8571 77.5641 0.171429 17 1 
18 91.5888 90.6441 0.0841121 0 0 0 -1 -1 13 2 3 1 1 -1 -1 -1 88.5714 87.3188 0.114286 82.8571 77.5641 0.171429 18 1 
19 96.2617 95.754 0.0373832 0 0 0 -1 -1 13 2 3 1 1 -1 -1 -1 91.4286 90.6667 0.0857143 91.4286 89.7959 0.0857143 19 1 
20 96.2617 95.754 0.0373832 0 0 0 -1 -1 13 2 3 1 1 -1 -1 -1 91.4286 90.6667 0.0857143 91.4286 89.7959 0.0857143 20 1 
21 96.2617 95.754 0.0373832 0 0 0 -1 -1 13 2 3 1 1 -1 -1 -1 91.4286 90.6667 0.0857143 91.4286 89.7959 0.0857143 21 1 
22 97.1963 96.8384 0.0280374 0 0 0 -1 -1 13 2 3 1 1 -1 -1 -1 94.2857 93.6594 0.0571429 85.7143 81.9401 0.142857 22 1 
23 97.1963 96.8384 0.0280374 0 0 0 -1 -1 13 2 3 1 1 -1 -1 -1 94.2857 93.6594 0.0571429 85.7143 81.9401 0.142857 23 1 
24 97.1963 96.8384 0.0280374 0 0 0 -1 -1 13 2 3 1 1 -1 -1 -1 94.2857 93.6594 0.0571429 85.7143 81.9401 0.142857 24 1 
25 97.1963 96.8384 0.0280374 0 0 0 -1 -1 13 2 3 1 1 -1 -1 -1 94.2857 93.6594 0.0571429 85.7143 81.9401 0.142857 25 1 
26 97.1963 96.8384 0.0280374 0 0 0 -1 -1 13 2 3 1 1 -1 -1 -1 94.2857 93.6594 0.0571429 85.7143 81.9401 0.142857 26 1 
27 97.1963 96.8384 0.0280374 0 0 0 -1 -1 13 2 3 1 1 -1 -1 -1 94.2857 93.6594 0.0571429 85.7143 81.9401 0.142857 27 1 
28 97.1963 96.8384 0.0280374 0 0 0 -1 -1 13 2 3 1 1 -1 -1 -1 94.2857 93.6594 0.0571429 85.7143 81.9401 0.142857 28 1 
29 97.1963 96.8384 0.0280374 0 0 0 -1 -1 13 2 3 1 1 -1 -1 -1 94.2857 93.6594 0.0571429 85.7143 81.9401 0.142857 29 1 
30 97.1963 96.8384 0.0280374 0 0 0 -1 -1 13 2 3 1 1 -1 -1 -1 94.2857 93.6594 0.0571429 85.7143 81.9401 0.142857 30 1 
31 97.1963 96.8384 0.0280374 0 0 0 -1 -1 13 2 3 1 1 -1 -1 -1 94.2857 93.6594 0.0571429 85.7143 81.9401 0.142857 31 1 
32 97.1963 96.8384 0.0280374 0 0 0 -1 -1 13 2 3 1 1 -1 -1 -1 94.2857 93.6594 0.0571429 85.7143 81.9401 0.142857 32 1 
33 97.1963 96.8384 0.0280374 0 0 0 -1 -1 13 2 3 1 1 -1 -1 -1 94.2857 93.6594 0.0571429 85.7143 81.9401 0.142857 33 1 
34 97.1963 96.8384 0.0280374 0 0 0 -1 -1 13 2 3 1 1 -1 -1 -1 94.2857 93.6594 0.0571429 85.7143 81.9401 0.142857 34 1 
35 97.1963 96.8384 0.0280374 0 0 0 -1 -1 13 2 3 1 1 -1 -1 -1 94.2857 93.6594 0.0571429 85.7143 81.9401 0.142857 35 1 
36 97.1963 96.8384 0.0280374 0 0 0 -1 -1 13 2 3 1 1 -1 -1 -1 94.2857 93.6594 0.0571429 85.7143 81.9401 0.142857 36 1 
37 97.1963 96.8384 0.0280374 0 0 0 -1 -1 13 2 3 1 1 -1 -1 -1 94.2857 93.6594 0.0571429 85.7143 81.9401 0.142857 37 1 
38 97.1963 96.8384 0.0280374 0 0 0 -1 -1 13 2 3 1 1 -1 -1 -1 94.2857 93.6594 0.0571429 85.7143 81.9401 0.142857 38 1 
39 97.1963 96.8384 0.0280374 0 0 0 -1 -1 13 2 3 1 1 -1 -1 -1 94.2857 93.6594 0.0571429 85.7143 81.9401 0.142857 39 1 
40 97.1963 96.8384 0.0280374 0 0 0 -1 -1 13 2 3 1 1 -1 -1 -1 94.2857 93.6594 0.0571429 85.7143 81.9401 0.142857 40 1 
41 97.1963 96.8384 0.0280374 0 0 0 -1 -1 13 2 3 1 1 -1 -1 -1 94.2857 93.6594 0.0571429 85.7143 81.9401 0.142857 41 1 
42 97.1963 96.8384 0.0280374 0 0 0 -1 -1 13 2 3 1 1 -1 -1 -1 94.2857 93.6594 0.0571429 85.7143 81.9401 0.142857 42 1 
43 97.1963 96.8384 0.0280374 0 0 0 -1 -1 13 2 3 1 1 -1 -1 -1 94.2857 93.6594 0.0571429 85.7143 81.9401 0.142857 43 1 
44 97.1963 96.8384 0.0280374 0 0 0 -1 -1 13 2 3 1 1 -1 -1 -1 94.2857 93.6594 0.0571429 85.7143 81.9401 0.142857 44 1 
45 97.1963 96.8384 0.0280374 0 0 0 -1 -1 13 2 3 1 1 -1 -1 -1 94.2857 93.6594 0.0571429 85.7143 81.9401 0.142857 45 1 
46 97.1963 96.8384 0.0280374 0 0 0 -1 -1 13 2 3 1 1 -1 -1 -1 94.2857 93.6594 0.0571429 85.7143 81.9401 0.142857 46 1 
47 97.1963 96.8384 0.0280374 0 0 0 -1 -1 13 2 3 1 1 -1 -1 -1 94.2857 93.6594 0.0571429 85.7143 81.9401 0.142857 47 1 
48 97.1963 96.8384 0.0280374 0 0 0 -1 -1 13 2 3 1 1 -1 -1 -1 94.2857 93.6594 0.0571429 85.7143 81.9401 0.142857 48 1 
49 97.1963 96.8384 0.0280374 0 0 0 -1 -1 13 2 3 1 1 -1 -1 -1 94.2857 93.6594 0.0571429 85.7143 81.9401 0.142857 49 1 
50 97.1963 96.8384 0.0280374 0 0 0 -1 -1 13 2 3 1 1 -1 -1 -1 94.2857 93.6594 0.0571429 85.7143 81.9401 0.142857 50 1 
51 97.1963 96.8384 0.0280374 0 0 0 -1 -1 13 2 3 1 1 -1 -1 -1 94.2857 93.6594 0.0571429 85.7143 81.9401 0.142857 51 1 
52 97.1963 96.8384 0.0280374 0 0 0 -1 -1 13 2 3 1 1 -1 -1 -1 94.2857 93.6594 0.0571429 85.7143 81.9401 0.142857 52 1 
53 97.1963 96.8384 0.0280374 0 0 0 -1 -1 13 2 3 1 1 -1 -1 -1 94.2857 93.6594 0.0571429 85.7143 81.9401 0.142857 53 1 
54 97.1963 96.8384 0.0280374 0 0 0 -1 -1 13 2 3 1 1 -1 -1 -1 94.2857 93.6594 0.0571429 85.7143 81.9401 0.142857 54 1 
55 97.1963 96.8384 0.0280374 0 0 0 -1 -1 13 2 3 1 1 -1 -1 -1 94.2857 93.6594 0.0571429 85.7143 81.9401 0.142857 55 1 
56 97.1963 96.8384 0.0280374 0 0 0 -1 -1 13 2 3 1 1 -1 -1 -1 94.2857 93.6594 0.0571429 85.7143 81.9401 0.142857 56 1 
57 97.1963 96.8384 0.0280374 0 0 0 -1 -1 13 2 3 1 1 -1 -1 -1 94.2857 93.6594 0.0571429 85.7143 81.9401 0.142857 57 1 
58 97.1963 96.8384 0.0280374 0 0 0 -1 -1 13 2 3 1 1 -1 -1 -1 94.2857 93.6594 0.0571429 85.7143 81.9401 0.142857 58 1 
59 97.1963 96.8384 0.0280374 0 0 0 -1 -1 13 2 3 1 1 -1 -1 -1 94.2857 93.6594 0.0571429 85.7143 81.9401 0.142857 59 1 
60 97.1963 96.8384 0.0280374 0 0 0 -1 -1 13 2 3 1 1 -1 -1 -1 94.2857 93.6594 0.0571429 85.7143 81.9401 0.142857 60 1 
61 97.1963 96.8384 0.0280374 0 0 0 -1 -1 13 2 3 1 1 -1 -1 -1 94.2857 93.6594 0.0571429 85.7143 81.9401 0.142857 61 1 
62 97.1963 96.8384 0.0280374 0 0 0 -1 -1 13 2 3 1 1 -1 -1 -1 94.2857 93.6594 0.0571429 85.7143 81.9401 0.142857 62 1 
63 97.1963 96.8384 0.0280374 0 0 0 -1 -1 13 2 3 1 1 -1 -1 -1 94.2857 93.6594 0.0571429 85.7143 81.9401 0.142857 63 1 
64 97.1963 96.8384 0.0280374 0 0 0 -1 -1 13 2 3 1 1 -1 -1 -1 94.2857 93.6594 0.0571429 85.7143 81.9401 0.142857 64 1 
65 97.1963 96.8384 0.0280374 0 0 0 -1 -1 13 2 3 1 1 -1 -1 -1 94.2857 93.6594 0.0571429 85.7143 81.9401 0.142857 65 1 
66 97.1963 96.8384 0.0280374 0 0 0 -1 -1 13 2 3 1 1 -1 -1 -1 94.2857 93.6594 0.0571429 85.7143 81.9401 0.142857 66 1 
