# Created by main.cpp, 2016-06-26.14:44:31
# name: results
# type: matrix
# rows: 150
# columns: 26
1 1.03111 36.8889 21.3206 5.4645 2.115 0.2115 0 100 13 5.05 3 1 1 -1 0 0 37 21.6606 6.94111e-310 21.3534 1 57.0833 49.7596 1 20 
2 0.793704 41.7407 25.4542 10.9493 3.08611 0.4255 0 100 13 4.55 3 1 1 -1 0 0 42.6667 26.6468 6.94111e-310 26.1638 2 57.0833 49.7596 1 20 
3 0.760741 43.2593 28.0415 14.9144 3.68448 0.6095 0 100 13 4.95 3 1 1 -1 0 0 44.6667 29.6914 6.94111e-310 29.0109 3 57.0833 49.7596 1 20 
4 0.72037 44.963 30.734 19.2401 4.24573 0.8035 0 100 13 4.95 3 1 1 -1 0 0 47.6667 33.3078 6.94111e-310 31.6868 4 57.0833 49.7596 1 20 
5 0.690741 45.3704 30.9573 22.2489 4.59076 0.977 0 100 13 5.05 3 1 1 -1 0 0 48.3333 33.6587 6.94111e-310 31.863 5 57.0833 49.7596 1 20 
6 0.725556 45.2222 31.7537 25.8926 4.97616 1.1675 0 100 13 5.05 3 1 1 -1 0 0 48.3333 34.2792 6.94111e-310 32.6531 6 57.0833 49.7596 1 20 
7 0.763704 44.963 32.2127 28.6737 5.25444 1.3425 0 100 13 5 3 1 1 -1 0 0 48.6667 35.3638 6.94111e-310 33.2517 7 57.0833 49.7596 1 20 
8 0.75963 45.3704 33.2423 31.3779 5.52107 1.509 0 100 13 5.25 3 1 1 -1 0 0 48.6667 35.8256 6.94111e-310 34.2942 8 57.0833 49.7596 1 20 
9 0.73037 46.5185 34.5128 35.2498 5.85437 1.6975 0 100 13 4.8 3 1 1 -1 0 0 48.6667 35.7654 6.94111e-310 35.1034 9 57.0833 49.7596 1 20 
10 0.73037 46.5185 34.5128 37.7359 6.05364 1.861 0 100 13 5.45 3 1 1 -1 0 0 48.6667 35.7654 6.94111e-310 35.1034 10 57.0833 49.7596 1 20 
11 0.677407 47.8148 35.1424 40.8266 6.30287 2.038 0 100 13 5.25 3 1 1 -1 0 0 50.3333 36.9148 6.94111e-310 35.7224 11 57.0833 49.7596 1 20 
12 0.627037 48.8519 36.5707 44.6425 6.6041 2.236 0 100 13 5.35 3 1 1 -1 0 0 51 37.651 6.94111e-310 36.9787 12 57.0833 49.7596 1 20 
13 0.648148 48.5185 36.8343 47.21 6.80125 2.4165 0 100 13 5.7 3 1 1 -1 0 0 50.6667 37.679 6.94111e-310 36.9159 13 57.0833 49.7596 1 20 
14 0.631852 48.9259 37.0931 50.3202 7.02322 2.6025 0 100 13 5.15 3 1 1 -1 0 0 51 37.9354 6.94111e-310 37.1226 14 57.0833 49.7596 1 20 
15 0.631852 48.9259 37.0931 52.2856 7.16527 2.7645 0 100 13 5.25 3 1 1 -1 0 0 51 37.9354 6.94111e-310 37.1226 15 57.0833 49.7596 1 20 
16 0.616667 49.5556 38.1556 54.4886 7.32471 2.929 0 100 13 5.55 3 1 1 -1 0 0 51.6667 39.2333 6.94111e-310 38.0424 16 57.0833 49.7596 1 20 
17 0.626667 49.5556 38.2114 56.1805 7.44021 3.089 0 100 13 5.05 3 1 1 -1 0 0 51.6667 39.2918 6.94111e-310 38.0929 17 57.0833 49.7596 1 20 
18 0.617778 49.7778 38.3348 58.7251 7.60482 3.2705 0 100 13 4.75 3 1 1 -1 0 0 52.3333 39.8844 6.94111e-310 38.4887 18 57.0833 49.7596 1 20 
19 0.617778 49.7778 38.3348 60.6293 7.7279 3.4375 0 100 13 4.85 3 1 1 -1 0 0 52.3333 39.8844 6.94111e-310 38.4887 19 57.0833 49.7596 1 20 
20 0.615185 50.037 38.902 62.6674 7.86288 3.614 0 100 13 5 3 1 1 -1 0 0 52.6667 40.4875 6.94111e-310 38.8787 20 57.0833 49.7596 1 20 
21 0.613333 50.1111 38.9831 64.2089 7.963 3.7745 0 100 13 4.95 3 1 1 -1 0 0 53 40.9213 6.94111e-310 39.0256 21 57.0833 49.7596 1 20 
22 0.613333 50.1111 38.9831 65.6194 8.05379 3.9305 0 100 13 4.7 3 1 1 -1 0 0 53 40.9213 6.94111e-310 39.0256 22 57.0833 49.7596 1 20 
23 0.613333 50.1111 38.9831 67.8303 8.18468 4.11 0 100 13 4.6 3 1 1 -1 0 0 53 40.9213 6.94111e-310 39.0256 23 57.0833 49.7596 1 20 
24 0.627778 49.8889 39.3858 70.0864 8.32485 4.2965 0 100 13 4.55 3 1 1 -1 0 0 53 41.383 6.94111e-310 39.3938 24 57.0833 49.7596 1 20 
25 0.67037 49.5185 39.4553 72.5246 8.46997 4.4875 0 100 13 4.8 3 1 1 -1 0 0 52.6667 41.5418 6.94111e-310 39.5762 25 57.0833 49.7596 1 20 
26 0.645926 50.7407 40.6204 75.3268 8.63867 4.6785 0 100 13 4.85 3 1 1 -1 0 0 54 42.7856 6.94111e-310 40.5966 26 57.0833 49.7596 1 20 
27 0.645556 51 41.1674 76.9888 8.73883 4.8485 0 100 13 4.95 3 1 1 -1 0 0 53.6667 42.6442 6.94111e-310 41.2491 27 57.0833 49.7596 1 20 
28 0.645556 51 41.1674 78.6665 8.8353 5.0255 0 100 13 4.95 3 1 1 -1 0 0 53.6667 42.6442 6.94111e-310 41.2491 28 57.0833 49.7596 1 20 
29 0.596667 52 42.2333 80.4123 8.94002 5.2035 0 100 13 4.75 3 1 1 -1 0 0 55 44.0727 6.94111e-310 42.5289 29 57.0833 49.7596 1 20 
30 0.596667 52 42.2333 81.3942 8.99495 5.366 0 100 13 4.75 3 1 1 -1 0 0 55 44.0727 6.94111e-310 42.5289 30 57.0833 49.7596 1 20 
31 0.596667 52 42.2333 82.7129 9.06956 5.527 0 100 13 4.75 3 1 1 -1 0 0 55 44.0727 6.94111e-310 42.5289 31 57.0833 49.7596 1 20 
32 0.596667 52 42.2333 84.3951 9.16272 5.71 0 100 13 4.75 3 1 1 -1 0 0 55 44.0727 6.94111e-310 42.5289 32 57.0833 49.7596 1 20 
33 0.596667 52 42.2333 85.7036 9.23292 5.887 0 100 13 4.75 3 1 1 -1 0 0 55 44.0727 6.94111e-310 42.5289 33 57.0833 49.7596 1 20 
34 0.596667 52 42.2333 86.6553 9.28326 6.0505 0 100 13 4.75 3 1 1 -1 0 0 55 44.0727 6.94111e-310 42.5289 34 57.0833 49.7596 1 20 
35 0.596667 52 42.2333 87.2829 9.31703 6.2095 0 100 13 4.75 3 1 1 -1 0 0 55 44.0727 6.94111e-310 42.5289 35 57.0833 49.7596 1 20 
36 0.596667 52 42.2333 89.1646 9.41035 6.4005 0 100 13 4.75 3 1 1 -1 0 0 55 44.0727 6.94111e-310 42.5289 36 57.0833 49.7596 1 20 
37 0.596296 51.9259 42.2999 90.3907 9.47354 6.567 0 100 13 4.85 3 1 1 -1 0 0 55.3333 44.5446 6.94111e-310 43.0968 37 57.0833 49.7596 1 20 
38 0.567778 52.2222 43.079 91.2216 9.52008 6.7335 0 100 13 5.05 3 1 1 -1 0 0 55.3333 44.8476 6.94111e-310 44.0086 38 57.0833 49.7596 1 20 
39 0.567778 52.2222 43.079 93.7048 9.63949 6.943 0 100 13 5.05 3 1 1 -1 0 0 55.3333 44.8476 6.94111e-310 44.0086 39 57.0833 49.7596 1 20 
40 0.567778 52.2222 43.079 94.5611 9.68806 7.112 0 100 13 5.05 3 1 1 -1 0 0 55.3333 44.8476 6.94111e-310 44.0086 40 57.0833 49.7596 1 20 
41 0.567778 52.2222 43.079 95.417 9.73346 7.288 0 100 13 5.05 3 1 1 -1 0 0 55.3333 44.8476 6.94111e-310 44.0086 41 57.0833 49.7596 1 20 
42 0.567778 52.2222 43.079 96.0797 9.76832 7.462 0 100 13 5.05 3 1 1 -1 0 0 55.3333 44.8476 6.94111e-310 44.0086 42 57.0833 49.7596 1 20 
43 0.546667 52.5556 43.2891 97.7136 9.8522 7.6615 0 100 13 5 3 1 1 -1 0 0 55.3333 44.6135 6.94111e-310 43.7593 43 57.0833 49.7596 1 20 
44 0.542593 52.963 43.5723 98.9436 9.91611 7.8525 0 100 13 5.05 3 1 1 -1 0 0 56.3333 45.7225 6.94111e-310 44.071 44 57.0833 49.7596 1 20 
45 0.52037 53.5185 44.0409 100.463 9.99519 8.048 0 100 13 5.05 3 1 1 -1 0 0 56.6667 45.8136 6.94111e-310 44.6649 45 57.0833 49.7596 1 20 
46 0.511111 53.6667 44.2098 103.641 10.1543 8.2925 0 100 13 5.25 3 1 1 -1 0 0 56.6667 45.8136 6.94111e-310 44.9491 46 57.0833 49.7596 1 20 
47 0.511481 53.963 44.7898 105.077 10.2248 8.482 0 100 13 5.75 3 1 1 -1 0 0 57 46.512 6.94111e-310 45.5636 47 57.0833 49.7596 1 20 
48 0.511481 53.963 44.7898 105.098 10.2263 8.6515 0 100 13 5.75 3 1 1 -1 0 0 57 46.512 6.94111e-310 45.5636 48 57.0833 49.7596 1 20 
49 0.511481 53.963 44.7898 105.306 10.2363 8.823 0 100 13 5.75 3 1 1 -1 0 0 57 46.512 6.94111e-310 45.5636 49 57.0833 49.7596 1 20 
50 0.511481 53.963 44.7898 105.22 10.2323 8.9775 4.025 100 13 5.75 3 1 1 -1 0 0 57 46.512 6.94111e-310 45.5636 50 57.0833 49.7596 1 20 
51 0.511481 53.963 44.7898 105.72 10.2537 9.165 9.3 100 13 5.75 3 1 1 -1 0 0 57 46.512 6.94111e-310 45.5636 51 57.0833 49.7596 1 20 
52 0.51037 54.2963 45.2633 106.808 10.3073 9.3595 11.55 100 13 5.85 3 1 1 -1 0 0 57.6667 47.0856 6.94111e-310 46.2285 52 57.0833 49.7596 1 20 
53 0.503333 54.7778 45.7169 107.625 10.3486 9.5495 12.975 100 13 5.65 3 1 1 -1 0 0 58.6667 48.0464 6.94111e-310 46.7452 53 57.0833 49.7596 1 20 
54 0.503333 54.7778 45.7169 107.563 10.3456 9.724 13.6 100 13 5.65 3 1 1 -1 0 0 58.6667 48.0464 6.94111e-310 46.7452 54 57.0833 49.7596 1 20 
55 0.503333 54.7778 45.7169 107.692 10.3509 9.9065 13.8 100 13 5.65 3 1 1 -1 0 0 58.6667 48.0464 6.94111e-310 46.7452 55 57.0833 49.7596 1 20 
56 0.487037 55.4074 46.2609 108.33 10.3853 10.0785 13.85 100 13 5.7 3 1 1 -1 0 0 59.6667 49.1554 6.94111e-310 47.5011 56 57.0833 49.7596 1 20 
57 0.49 55.6667 46.6205 109.572 10.4452 10.2835 13.9 100 13 5.55 3 1 1 -1 0 0 59.3333 49.1891 6.94111e-310 47.4259 57 57.0833 49.7596 1 20 
58 0.49 55.6667 46.6205 109.508 10.4424 10.4665 13.975 100 13 5.55 3 1 1 -1 0 0 59.3333 49.1891 6.94111e-310 47.4259 58 57.0833 49.7596 1 20 
