# Created by main.cpp, 2016-06-29.10:15:11
# name: results
# type: matrix
# rows: 150
# columns: 16
1 0 62.2222 50.7912 0.377778 52.7778 46.4646 0.472222 53.3333 43.3862 0.466667 26.01 0.51 100 2 1 
2 0 62.2222 50.7912 0.377778 52.7778 46.4646 0.472222 53.3333 43.3862 0.466667 27.5661 0.64 100 2 1 
3 0 62.2222 50.7912 0.377778 52.7778 46.4646 0.472222 53.3333 43.3862 0.466667 30.2363 0.81 100 2 1 
4 0 62.2222 50.7912 0.377778 52.7778 46.4646 0.472222 53.3333 43.3862 0.466667 33.1817 0.99 100 2 1 
5 0 62.2222 50.7912 0.377778 52.7778 46.4646 0.472222 53.3333 43.3862 0.466667 34.8617 1.13 100 2 1 
6 0 62.2222 50.7912 0.377778 52.7778 46.4646 0.472222 53.3333 43.3862 0.466667 37.6908 1.31 100 2 1 
7 0 62.2222 50.7912 0.377778 52.7778 46.4646 0.472222 53.3333 43.3862 0.466667 40.4544 1.49 100 2 1 
8 0 62.2222 50.7912 0.377778 52.7778 46.4646 0.472222 53.3333 43.3862 0.466667 43.1526 1.67 100 2 1 
9 0 62.2222 50.7912 0.377778 52.7778 46.4646 0.472222 53.3333 43.3862 0.466667 45.7854 1.85 100 2 1 
10 0 62.2222 50.7912 0.377778 52.7778 46.4646 0.472222 53.3333 43.3862 0.466667 48.3526 2.03 100 2 1 
11 0 62.2222 50.7912 0.377778 52.7778 46.4646 0.472222 53.3333 43.3862 0.466667 50.8544 2.21 100 2 1 
12 0 62.2222 50.7912 0.377778 52.7778 46.4646 0.472222 53.3333 43.3862 0.466667 53.2908 2.39 100 2 1 
13 0 62.2222 50.7912 0.377778 52.7778 46.4646 0.472222 53.3333 43.3862 0.466667 55.36 2.56 100 2 1 
14 0 62.2222 50.7912 0.377778 52.7778 46.4646 0.472222 53.3333 43.3862 0.466667 57.6691 2.74 100 2 1 
15 0 62.2222 50.7912 0.377778 52.7778 46.4646 0.472222 53.3333 43.3862 0.466667 59.9127 2.92 100 2 1 
16 0 62.2222 50.7912 0.377778 52.7778 46.4646 0.472222 53.3333 43.3862 0.466667 62.0909 3.1 100 2 1 
17 0 62.2222 50.7912 0.377778 52.7778 46.4646 0.472222 53.3333 43.3862 0.466667 63.1741 3.24 100 2 1 
18 0 62.2222 50.7912 0.377778 52.7778 46.4646 0.472222 53.3333 43.3862 0.466667 65.236 3.42 100 2 1 
19 0 62.2222 50.7912 0.377778 52.7778 46.4646 0.472222 53.3333 43.3862 0.466667 69.3378 3.66 100 2 1 
20 0 62.2222 50.7912 0.377778 52.7778 46.4646 0.472222 53.3333 43.3862 0.466667 71.2469 3.84 100 2 1 
21 0 62.2222 50.7912 0.377778 52.7778 46.4646 0.472222 53.3333 43.3862 0.466667 72.1208 3.98 100 2 1 
22 0 62.2222 50.7912 0.377778 52.7778 46.4646 0.472222 53.3333 43.3862 0.466667 73.9135 4.16 100 2 1 
23 0 62.2222 50.7912 0.377778 52.7778 46.4646 0.472222 53.3333 43.3862 0.466667 75.6408 4.34 100 2 1 
24 0 62.2222 50.7912 0.377778 52.7778 46.4646 0.472222 53.3333 43.3862 0.466667 79.6989 4.59 100 2 1 
25 0 62.2222 50.7912 0.377778 52.7778 46.4646 0.472222 53.3333 43.3862 0.466667 81.2698 4.77 100 2 1 
26 0 62.2222 50.7912 0.377778 52.7778 46.4646 0.472222 53.3333 43.3862 0.466667 82.7753 4.95 100 2 1 
27 0 62.2222 50.7912 0.377778 52.7778 46.4646 0.472222 53.3333 43.3862 0.466667 84.2153 5.13 100 2 1 
28 0 62.2222 50.7912 0.377778 52.7778 46.4646 0.472222 53.3333 43.3862 0.466667 95.3834 5.52 100 2 1 
29 0 62.2222 50.7912 0.377778 52.7778 46.4646 0.472222 53.3333 43.3862 0.466667 95.7822 5.66 100 2 1 
30 0 62.2222 50.7912 0.377778 52.7778 46.4646 0.472222 53.3333 43.3862 0.466667 96.1414 5.8 100 2 1 
31 0 62.2222 50.7912 0.377778 52.7778 46.4646 0.472222 53.3333 43.3862 0.466667 97.2723 5.98 100 2 1 
32 0 62.2222 50.7912 0.377778 52.7778 46.4646 0.472222 53.3333 43.3862 0.466667 107.771 6.37 100 2 1 
33 0 62.2222 50.7912 0.377778 52.7778 46.4646 0.472222 53.3333 43.3862 0.466667 107.929 6.51 100 2 1 
34 0 62.2222 50.7912 0.377778 52.7778 46.4646 0.472222 53.3333 43.3862 0.466667 109.876 6.73 100 2 1 
35 0 62.2222 50.7912 0.377778 52.7778 46.4646 0.472222 53.3333 43.3862 0.466667 109.932 6.87 100 2 1 
36 0 62.2222 50.7912 0.377778 52.7778 46.4646 0.472222 53.3333 43.3862 0.466667 109.949 7.01 100 2 1 
37 0 62.2222 50.7912 0.377778 52.7778 46.4646 0.472222 53.3333 43.3862 0.466667 109.927 7.15 100 2 1 
38 0 62.2222 50.7912 0.377778 52.7778 46.4646 0.472222 53.3333 43.3862 0.466667 109.865 7.29 100 2 1 
39 0 62.2222 50.7912 0.377778 52.7778 46.4646 0.472222 53.3333 43.3862 0.466667 109.905 7.44 100 2 1 
40 0 62.2222 50.7912 0.377778 52.7778 46.4646 0.472222 53.3333 43.3862 0.466667 110.061 7.6 100 2 1 
41 0 62.2222 50.7912 0.377778 52.7778 46.4646 0.472222 53.3333 43.3862 0.466667 110.537 7.78 100 2 1 
42 0 62.2222 50.7912 0.377778 52.7778 46.4646 0.472222 53.3333 43.3862 0.466667 110.948 7.96 100 2 1 
43 0 62.2222 50.7912 0.377778 52.7778 46.4646 0.472222 53.3333 43.3862 0.466667 111.293 8.14 100 2 1 
44 0 62.2222 50.7912 0.377778 52.7778 46.4646 0.472222 53.3333 43.3862 0.466667 111.573 8.32 100 2 1 
45 0 62.2222 50.7912 0.377778 52.7778 46.4646 0.472222 53.3333 43.3862 0.466667 111.18 8.46 100 2 1 
46 0 62.2222 50.7912 0.377778 52.7778 46.4646 0.472222 53.3333 43.3862 0.466667 111.344 8.64 100 2 1 
47 0 62.2222 50.7912 0.377778 52.7778 46.4646 0.472222 53.3333 43.3862 0.466667 111.442 8.82 100 2 1 
48 0 62.2222 50.7912 0.377778 52.7778 46.4646 0.472222 53.3333 43.3862 0.466667 111.475 9 100 2 1 
49 0 62.2222 50.7912 0.377778 52.7778 46.4646 0.472222 53.3333 43.3862 0.466667 110.685 9.11 100 2 1 
50 0 62.2222 50.7912 0.377778 52.7778 46.4646 0.472222 53.3333 43.3862 0.466667 110.612 9.29 100 2 1 
51 0 62.2222 50.7912 0.377778 52.7778 46.4646 0.472222 53.3333 43.3862 0.466667 110.474 9.47 100 2 1 
52 0 62.2222 50.7912 0.377778 52.7778 46.4646 0.472222 53.3333 43.3862 0.466667 110.27 9.65 100 2 1 
53 0 62.2222 50.7912 0.377778 52.7778 46.4646 0.472222 53.3333 43.3862 0.466667 110.001 9.83 100 2 1 
54 0 62.2222 50.7912 0.377778 52.7778 46.4646 0.472222 53.3333 43.3862 0.466667 113.455 10.14 100 2 1 
55 0 62.2222 50.7912 0.377778 52.7778 46.4646 0.472222 53.3333 43.3862 0.466667 112.93 10.17 100 2 1 
56 0 62.2222 50.7912 0.377778 52.7778 46.4646 0.472222 53.3333 43.3862 0.466667 112.472 10.35 100 2 1 
57 0 62.2222 50.7912 0.377778 52.7778 46.4646 0.472222 53.3333 43.3862 0.466667 111.505 10.49 100 2 1 
58 0 62.2222 50.7912 0.377778 52.7778 46.4646 0.472222 53.3333 43.3862 0.466667 110.695 10.54 100 2 1 
59 0 62.2222 50.7912 0.377778 52.7778 46.4646 0.472222 53.3333 43.3862 0.466667 109.674 10.68 100 2 1 
60 0 62.2222 50.7912 0.377778 52.7778 46.4646 0.472222 53.3333 43.3862 0.466667 109.031 10.86 100 2 1 
61 0 62.2222 50.7912 0.377778 52.7778 46.4646 0.472222 53.3333 43.3862 0.466667 108.322 11.04 100 2 1 
62 0 62.2222 50.7912 0.377778 52.7778 46.4646 0.472222 53.3333 43.3862 0.466667 107.547 11.22 100 2 1 
63 0 62.2222 50.7912 0.377778 52.7778 46.4646 0.472222 53.3333 43.3862 0.466667 106.707 11.4 100 2 1 
64 0 62.2222 50.7912 0.377778 52.7778 46.4646 0.472222 53.3333 43.3862 0.466667 105.802 11.58 100 2 1 
65 0 62.2222 50.7912 0.377778 52.7778 46.4646 0.472222 53.3333 43.3862 0.466667 104.831 11.76 100 2 1 
66 0 62.2222 50.7912 0.377778 52.7778 46.4646 0.472222 53.3333 43.3862 0.466667 103.465 11.9 100 2 1 
67 0 62.2222 50.7912 0.377778 52.7778 46.4646 0.472222 53.3333 43.3862 0.466667 102.377 12.08 100 2 1 
68 0 62.2222 50.7912 0.377778 52.7778 46.4646 0.472222 53.3333 43.3862 0.466667 101.225 12.26 100 2 1 
69 0 62.2222 50.7912 0.377778 52.7778 46.4646 0.472222 53.3333 43.3862 0.466667 100.006 12.44 100 2 1 
70 0 62.2222 50.7912 0.377778 52.7778 46.4646 0.472222 53.3333 43.3862 0.466667 98.8415 12.63 100 2 1 
71 0 62.2222 50.7912 0.377778 52.7778 46.4646 0.472222 53.3333 43.3862 0.466667 97.4888 12.81 100 2 1 
72 0 62.2222 50.7912 0.377778 52.7778 46.4646 0.472222 53.3333 43.3862 0.466667 96.1818 13 100 2 1 
73 0 62.2222 50.7912 0.377778 52.7778 46.4646 0.472222 53.3333 43.3862 0.466667 94.4651 13.14 100 2 1 
74 0 62.2222 50.7912 0.377778 52.7778 46.4646 0.472222 53.3333 43.3862 0.466667 92.9269 13.32 100 2 1 
75 0 62.2222 50.7912 0.377778 52.7778 46.4646 0.472222 53.3333 43.3862 0.466667 91.1196 13.46 100 2 1 
76 0 62.2222 50.956 0.377778 52.7778 45.7778 0.472222 53.3333 43.3333 0.466667 103.262 13.97 100 8 1 
77 0 62.2222 50.956 0.377778 52.7778 45.7778 0.472222 53.3333 43.3333 0.466667 107.465 14.36 100 8 1 
