# Created by main.cpp, 2016-06-29.10:15:11
# name: results
# type: matrix
# rows: 100
# columns: 23
1 0 35.8491 17.5926 3.06404 1.75044 0.175926 -1 100 13 16 3 -1 1 0 -1 -1 42.8571 20 17.1429 9.7561 1 1 
2 0 35.8491 17.5926 5.60218 2.36689 0.337831 -1 100 13 16 3 -1 1 0 -1 -1 42.8571 20 17.1429 9.7561 1 1 
3 0 40.566 19.2394 9.13671 3.0227 0.530224 -1 100 13 16 3 -1 1 0 -1 -1 42.8571 20 37.1429 18.0556 1 1 
4 0 40.566 19.2394 12.4795 3.53264 0.719414 -1 100 13 16 3 -1 1 0 -1 -1 42.8571 20 37.1429 18.0556 1 1 
5 0 40.566 19.2394 14.7318 3.8382 0.877687 -1 100 13 16 3 -1 1 0 -1 -1 42.8571 20 37.1429 18.0556 1 1 
6 0 40.566 19.2394 17.1525 4.14155 1.04317 -1 100 13 16 3 -1 1 0 -1 -1 42.8571 20 37.1429 18.0556 1 1 
7 0 40.566 19.2394 19.8495 4.45527 1.2191 -1 100 13 16 3 -1 1 0 -1 -1 42.8571 20 37.1429 18.0556 1 1 
8 0 40.566 19.2394 22.4846 4.74179 1.39502 -1 100 13 16 3 -1 1 0 -1 -1 42.8571 20 37.1429 18.0556 1 1 
9 0 50 38.6697 36.2096 6.01744 1.78172 -1 100 13 16 3 -1 1 0 -1 -1 31.4286 28.2051 42.8571 31.9481 1 1 
10 0 50 38.6697 38.1256 6.17459 1.93999 -1 100 13 16 3 -1 1 0 -1 -1 31.4286 28.2051 42.8571 31.9481 1 1 
11 0 50 38.6697 40.0925 6.33186 2.1019 -1 100 13 16 3 -1 1 0 -1 -1 31.4286 28.2051 42.8571 31.9481 1 1 
12 0 50 38.6697 42.6274 6.52896 2.28455 -1 100 13 16 3 -1 1 0 -1 -1 31.4286 28.2051 42.8571 31.9481 1 1 
13 0 50 38.6697 45.2462 6.72653 2.4719 -1 100 13 16 3 -1 1 0 -1 -1 31.4286 28.2051 42.8571 31.9481 1 1 
14 0 50 38.6697 46.9437 6.85155 2.63017 -1 100 13 16 3 -1 1 0 -1 -1 31.4286 28.2051 42.8571 31.9481 1 1 
15 0 50 38.6697 49.8064 7.05736 2.82885 -1 100 13 16 3 -1 1 0 -1 -1 31.4286 28.2051 42.8571 31.9481 1 1 
16 0 50 38.6697 55.2995 7.43636 3.0947 -1 100 13 16 3 -1 1 0 -1 -1 31.4286 28.2051 42.8571 31.9481 1 1 
17 0 50 38.6697 58.0805 7.62106 3.29645 -1 100 13 16 3 -1 1 0 -1 -1 31.4286 28.2051 42.8571 31.9481 1 1 
18 0 50 38.6697 59.0832 7.68656 3.43576 -1 100 13 16 3 -1 1 0 -1 -1 31.4286 28.2051 42.8571 31.9481 1 1 
19 0 50 38.6697 62.265 7.89082 3.65306 -1 100 13 16 3 -1 1 0 -1 -1 31.4286 28.2051 42.8571 31.9481 1 1 
20 0 50 38.6697 65.2239 8.07613 3.86674 -1 100 13 16 3 -1 1 0 -1 -1 31.4286 28.2051 42.8571 31.9481 1 1 
21 0 50 38.6697 65.9154 8.11883 3.99805 -1 100 13 16 3 -1 1 0 -1 -1 31.4286 28.2051 42.8571 31.9481 1 1 
22 0 50 38.6697 67.0452 8.18811 4.15264 -1 100 13 16 3 -1 1 0 -1 -1 31.4286 28.2051 42.8571 31.9481 1 1 
23 0 50 38.6697 67.9649 8.24408 4.2997 -1 100 13 16 3 -1 1 0 -1 -1 31.4286 28.2051 42.8571 31.9481 1 1 
24 0 50 38.6697 68.6881 8.28783 4.439 -1 100 13 16 3 -1 1 0 -1 -1 31.4286 28.2051 42.8571 31.9481 1 1 
25 0 50 38.6697 70.5519 8.39952 4.62819 -1 100 13 16 3 -1 1 0 -1 -1 31.4286 28.2051 42.8571 31.9481 1 1 
26 0 50 38.6697 73.6126 8.57978 4.85688 -1 100 13 16 3 -1 1 0 -1 -1 31.4286 28.2051 42.8571 31.9481 1 1 
27 0 50 38.6697 74.635 8.63916 5.01879 -1 100 13 16 3 -1 1 0 -1 -1 31.4286 28.2051 42.8571 31.9481 1 1 
28 0 50 38.6697 76.2795 8.73381 5.20798 -1 100 13 16 3 -1 1 0 -1 -1 31.4286 28.2051 42.8571 31.9481 1 1 
29 0 50 38.6697 77.6797 8.81361 5.39062 -1 100 13 16 3 -1 1 0 -1 -1 31.4286 28.2051 42.8571 31.9481 1 1 
30 0 50 38.6697 79.0968 8.89364 5.57652 -1 100 13 16 3 -1 1 0 -1 -1 31.4286 28.2051 42.8571 31.9481 1 1 
31 0 50 38.6697 80.0397 8.94649 5.74554 -1 100 13 16 3 -1 1 0 -1 -1 31.4286 28.2051 42.8571 31.9481 1 1 
32 0 50 38.6697 80.5592 8.97548 5.89639 -1 100 13 16 3 -1 1 0 -1 -1 31.4286 28.2051 42.8571 31.9481 1 1 
33 0 50 38.6697 81.394 9.02186 6.0654 -1 100 13 16 3 -1 1 0 -1 -1 31.4286 28.2051 42.8571 31.9481 1 1 
34 0 50 38.6697 81.8846 9.04901 6.21999 -1 100 13 16 3 -1 1 0 -1 -1 31.4286 28.2051 42.8571 31.9481 1 1 
35 0 50 38.6697 82.6101 9.08901 6.38901 -1 100 13 16 3 -1 1 0 -1 -1 31.4286 28.2051 42.8571 31.9481 1 1 
36 0 50 38.6697 83.4262 9.13379 6.56493 -1 100 13 16 3 -1 1 0 -1 -1 31.4286 28.2051 42.8571 31.9481 1 1 
37 0 50 38.6697 84.3307 9.18317 6.74758 -1 100 13 16 3 -1 1 0 -1 -1 31.4286 28.2051 42.8571 31.9481 1 1 
38 0 50 38.6697 85.4776 9.24541 6.94314 -1 100 13 16 3 -1 1 0 -1 -1 31.4286 28.2051 42.8571 31.9481 1 1 
39 0 50 38.6697 85.5193 9.24767 7.08634 -1 100 13 16 3 -1 1 0 -1 -1 31.4286 28.2051 42.8571 31.9481 1 1 
40 0 50 38.6697 86.09 9.27847 7.26227 -1 100 13 16 3 -1 1 0 -1 -1 31.4286 28.2051 42.8571 31.9481 1 1 
41 0 50 38.6697 87.0356 9.32929 7.45783 -1 100 13 16 3 -1 1 0 -1 -1 31.4286 28.2051 42.8571 31.9481 1 1 
42 0 50 38.6697 87.2785 9.34229 7.62331 -1 100 13 16 3 -1 1 0 -1 -1 31.4286 28.2051 42.8571 31.9481 1 1 
43 0 61.3208 46.3254 101.461 10.0728 8.08657 -1 100 13 16 3 -1 1 0 -1 -1 51.4286 40.1207 54.2857 45.4167 1 1 
44 0 61.3208 46.3254 101.68 10.0836 8.26249 -1 100 13 16 3 -1 1 0 -1 -1 51.4286 40.1207 54.2857 45.4167 1 1 
45 0 61.3208 46.3254 101.44 10.0717 8.41334 -1 100 13 16 3 -1 1 0 -1 -1 51.4286 40.1207 54.2857 45.4167 1 1 
46 0 61.3208 46.3254 101.8 10.0896 8.60253 -1 100 13 16 3 -1 1 0 -1 -1 51.4286 40.1207 54.2857 45.4167 1 1 
47 0 61.3208 46.3254 101.778 10.0885 8.77503 -1 100 13 16 3 -1 1 0 -1 -1 51.4286 40.1207 54.2857 45.4167 1 1 
48 0 61.3208 46.3254 101.383 10.0689 8.92588 -1 100 13 16 3 -1 1 0 -1 -1 51.4286 40.1207 54.2857 45.4167 1 1 
49 0 61.3208 46.3254 101.216 10.0606 9.0963 -1 100 13 16 3 -1 1 0 -1 -1 51.4286 40.1207 54.2857 45.4167 1 1 
50 0 61.3208 46.3254 100.725 10.0362 9.24716 -1 100 13 16 3 -1 1 0 -1 -1 51.4286 40.1207 54.2857 45.4167 1 1 
51 0 61.3208 46.3254 100.427 10.0213 9.41617 -1 100 13 16 3 -1 1 0 -1 -1 51.4286 40.1207 54.2857 45.4167 1 1 
52 0 61.3208 46.3254 100.178 10.0089 9.5921 -1 100 13 16 3 -1 1 0 -1 -1 51.4286 40.1207 54.2857 45.4167 1 1 
53 0 61.3208 46.3254 99.7145 9.98572 9.75758 -1 100 13 16 3 -1 1 0 -1 -1 51.4286 40.1207 54.2857 45.4167 1 1 
54 0 61.3208 46.3254 99.1962 9.95973 9.92306 -1 100 13 16 3 -1 1 0 -1 -1 51.4286 40.1207 54.2857 45.4167 1 1 
55 0 61.3208 46.3254 98.6699 9.93327 10.0921 -1 100 13 16 3 -1 1 0 -1 -1 51.4286 40.1207 54.2857 45.4167 1 1 
56 0 61.3208 46.3254 98.0409 9.90156 10.2576 -1 100 13 16 3 -1 1 0 -1 -1 51.4286 40.1207 54.2857 45.4167 1 1 
57 0 61.3208 46.3254 97.4016 9.86922 10.4266 -1 100 13 16 3 -1 1 0 -1 -1 51.4286 40.1207 54.2857 45.4167 1 1 
58 0 61.3208 46.3254 97.0541 9.8516 10.619 -1 100 13 16 3 -1 1 0 -1 -1 51.4286 40.1207 54.2857 45.4167 1 1 
59 0 61.3208 46.3254 96.4777 9.8223 10.8016 -1 100 13 16 3 -1 1 0 -1 -1 51.4286 40.1207 54.2857 45.4167 1 1 
60 0 61.3208 46.3254 95.787 9.78709 10.9809 -1 100 13 16 3 -1 1 0 -1 -1 51.4286 40.1207 54.2857 45.4167 1 1 
61 0 61.3208 46.3254 94.9444 9.74394 11.1534 -1 100 13 16 3 -1 1 0 -1 -1 51.4286 40.1207 54.2857 45.4167 1 1 
62 0 61.3208 46.3254 100.1 10.005 11.5206 -1 100 13 16 3 -1 1 0 -1 -1 51.4286 40.1207 54.2857 45.4167 1 1 
63 0 61.3208 46.3254 98.9337 9.94654 11.6789 -1 100 13 16 3 -1 1 0 -1 -1 51.4286 40.1207 54.2857 45.4167 1 1 
64 0 61.3208 46.3254 97.8503 9.89193 11.8514 -1 100 13 16 3 -1 1 0 -1 -1 51.4286 40.1207 54.2857 45.4167 1 1 
65 0 61.3208 46.3254 96.4449 9.82063 11.9827 -1 100 13 16 3 -1 1 0 -1 -1 51.4286 40.1207 54.2857 45.4167 1 1 
66 0 61.3208 46.3254 95.1901 9.75654 12.1482 -1 100 13 16 3 -1 1 0 -1 -1 51.4286 40.1207 54.2857 45.4167 1 1 
67 0 61.3208 46.3254 94.2248 9.70694 12.3437 -1 100 13 16 3 -1 1 0 -1 -1 51.4286 40.1207 54.2857 45.4167 1 1 
68 0 61.3208 46.3254 93.3695 9.66279 12.5515 -1 100 13 16 3 -1 1 0 -1 -1 51.4286 40.1207 54.2857 45.4167 1 1 
69 0 61.3208 46.3254 91.985 9.59088 12.724 -1 100 13 16 3 -1 1 0 -1 -1 51.4286 40.1207 54.2857 45.4167 1 1 
70 0 61.3208 46.3254 90.3499 9.50525 12.8512 -1 100 13 16 3 -1 1 0 -1 -1 51.4286 40.1207 54.2857 45.4167 1 1 
71 0 61.3208 46.3254 88.7424 9.42032 13.0058 -1 100 13 16 3 -1 1 0 -1 -1 51.4286 40.1207 54.2857 45.4167 1 1 
72 0 61.3208 46.3254 87.2941 9.34313 13.1885 -1 100 13 16 3 -1 1 0 -1 -1 51.4286 40.1207 54.2857 45.4167 1 1 
73 0 61.3208 46.3254 85.7475 9.26 13.3678 -1 100 13 16 3 -1 1 0 -1 -1 51.4286 40.1207 54.2857 45.4167 1 1 
74 0 61.3208 46.3254 84.0569 9.16825 13.5368 -1 100 13 16 3 -1 1 0 -1 -1 51.4286 40.1207 54.2857 45.4167 1 1 
