# Created by main.cpp, 2016-06-26.14:43:53
# name: results
# type: matrix
# rows: 150
# columns: 25
1 0.641981 35.8019 18.8942 3.85684 1.87994 0.188942 -1 100 13 16 3 -1 1 0 -1 -1 36.8571 19.5514 35 18.0998 1 60.5714 47.9927 20 
2 0.631132 36.8868 19.3043 6.48889 2.50407 0.353034 -1 100 13 16 3 -1 1 0 -1 -1 36.1429 19.357 35.5714 18.267 1 60.5714 47.9927 20 
3 0.609906 39.0094 19.771 9.25061 3.00661 0.521928 -1 100 13 16 3 -1 1 0 -1 -1 38.7143 20.0153 36.1429 18.536 1 60.5714 47.9927 20 
4 0.583019 41.6981 22.3835 13.4566 3.60515 0.719267 -1 100 13 16 3 -1 1 0 -1 -1 41.4286 22.3335 37.2857 20.7268 1 60.5714 47.9927 20 
5 0.576887 42.3113 23.4028 17.1505 4.05097 0.905387 -1 100 13 16 3 -1 1 0 -1 -1 42.5714 22.9782 37.5714 21.3048 1 60.5714 47.9927 20 
6 0.575 42.5 23.4531 19.6802 4.35606 1.07256 -1 100 13 16 3 -1 1 0 -1 -1 43.4286 23.2832 37.7143 21.4294 1 60.5714 47.9927 20 
7 0.569811 43.0189 23.882 23.2586 4.72513 1.25919 -1 100 13 16 3 -1 1 0 -1 -1 42.1429 23.0884 38.4286 22.0088 1 60.5714 47.9927 20 
8 0.544811 45.5189 27.9388 28.7898 5.2658 1.48324 -1 100 13 16 3 -1 1 0 -1 -1 44.2857 26.8492 42.1429 26.4372 1 60.5714 47.9927 20 
9 0.544811 45.5189 27.9388 31.4436 5.51182 1.65747 -1 100 13 16 3 -1 1 0 -1 -1 44.2857 26.8492 42.1429 26.4372 1 60.5714 47.9927 20 
10 0.544811 45.5189 27.9388 33.5546 5.70443 1.82022 -1 100 13 16 3 -1 1 0 -1 -1 44.2857 26.8492 42.1429 26.4372 1 60.5714 47.9927 20 
11 0.542925 45.7075 28.0018 35.8155 5.90575 1.98993 -1 100 13 16 3 -1 1 0 -1 -1 45.2857 27.2504 42.2857 26.502 1 60.5714 47.9927 20 
12 0.539623 46.0377 28.7749 38.3898 6.12687 2.16713 -1 100 13 16 3 -1 1 0 -1 -1 45.2857 27.6799 41.8571 26.7967 1 60.5714 47.9927 20 
13 0.538679 46.1321 29.5722 40.9137 6.3339 2.34391 -1 100 13 16 3 -1 1 0 -1 -1 45.2857 28.3219 42.8571 28.4078 1 60.5714 47.9927 20 
14 0.537736 46.2264 29.6032 43.11 6.50576 2.51631 -1 100 13 16 3 -1 1 0 -1 -1 45.5714 28.4276 42 28.1028 1 60.5714 47.9927 20 
15 0.534906 46.5094 30.338 45.6115 6.69919 2.69762 -1 100 13 16 3 -1 1 0 -1 -1 46.1429 29.3581 41.4286 28.2966 1 60.5714 47.9927 20 
16 0.527358 47.2642 31.6783 48.3378 6.90311 2.88012 -1 100 13 16 3 -1 1 0 -1 -1 46.2857 30.5548 42.2857 29.6391 1 60.5714 47.9927 20 
17 0.517925 48.2075 33.8119 51.5732 7.13609 3.0712 -1 100 13 16 3 -1 1 0 -1 -1 49.1429 33.4178 43.8571 31.7981 1 60.5714 47.9927 20 
18 0.514623 48.5377 34.8404 54.5548 7.34562 3.26564 -1 100 13 16 3 -1 1 0 -1 -1 50 34.8095 45 33.3577 1 60.5714 47.9927 20 
19 0.510849 48.9151 35.1387 57.3389 7.52804 3.45223 -1 100 13 16 3 -1 1 0 -1 -1 50.5714 35.1764 47.1429 34.4873 1 60.5714 47.9927 20 
20 0.498585 50.1415 35.7539 60.6837 7.73997 3.64744 -1 100 13 16 3 -1 1 0 -1 -1 51 35.3655 48.2857 34.7782 1 60.5714 47.9927 20 
21 0.50283 49.717 35.7732 62.8149 7.87472 3.82783 -1 100 13 16 3 -1 1 0 -1 -1 49.8571 35.0307 49.1429 35.1357 1 60.5714 47.9927 20 
22 0.496226 50.3774 37.1251 65.1344 8.02471 4.00765 -1 100 13 16 3 -1 1 0 -1 -1 50.5714 36.3539 50.2857 36.6394 1 60.5714 47.9927 20 
23 0.482547 51.7453 38.9842 68.359 8.22523 4.21229 -1 100 13 16 3 -1 1 0 -1 -1 52.1429 38.2578 51.8571 38.5073 1 60.5714 47.9927 20 
24 0.482547 51.7453 38.9842 70.208 8.33111 4.38408 -1 100 13 16 3 -1 1 0 -1 -1 52.1429 38.2578 51.8571 38.5073 1 60.5714 47.9927 20 
25 0.481604 51.8396 39.0156 71.6333 8.41856 4.55133 -1 100 13 16 3 -1 1 0 -1 -1 51.8571 38.1565 51.8571 38.5073 1 60.5714 47.9927 20 
26 0.481132 51.8868 39.031 73.1091 8.50809 4.71945 -1 100 13 16 3 -1 1 0 -1 -1 52 38.2061 51.4286 38.3453 1 60.5714 47.9927 20 
27 0.481132 51.8868 39.031 75.4321 8.63582 4.914 -1 100 13 16 3 -1 1 0 -1 -1 52 38.2061 51.4286 38.3453 1 60.5714 47.9927 20 
28 0.487264 51.2736 39.1564 76.7617 8.71463 5.08768 -1 100 13 16 3 -1 1 0 -1 -1 51.1429 37.8738 51.1429 38.4682 1 60.5714 47.9927 20 
29 0.487264 51.2736 39.1564 77.8726 8.78002 5.25516 -1 100 13 16 3 -1 1 0 -1 -1 51.1429 37.8738 51.1429 38.4682 1 60.5714 47.9927 20 
30 0.477358 52.2642 39.9664 79.9129 8.89369 5.43993 -1 100 13 16 3 -1 1 0 -1 -1 52.7143 39.1264 52.2857 38.7555 1 60.5714 47.9927 20 
31 0.464151 53.5849 41.2987 82.3434 9.03458 5.63898 -1 100 13 16 3 -1 1 0 -1 -1 54.1429 40.5183 53.1429 39.923 1 60.5714 47.9927 20 
32 0.458962 54.1038 41.4672 84.1012 9.12874 5.8161 -1 100 13 16 3 -1 1 0 -1 -1 55.5714 41.2036 52.8571 39.8041 1 60.5714 47.9927 20 
33 0.458962 54.1038 41.4672 85.8421 9.22165 6.00647 -1 100 13 16 3 -1 1 0 -1 -1 55.5714 41.2036 52.8571 39.8041 1 60.5714 47.9927 20 
34 0.45566 54.434 41.6535 87.7627 9.32462 6.19896 -1 100 13 16 3 -1 1 0 -1 -1 55.7143 41.3404 53 40.0404 1 60.5714 47.9927 20 
35 0.451415 54.8585 41.8093 89.2868 9.40574 6.38034 -1 100 13 16 3 -1 1 0 -1 -1 56.5714 41.6457 53.5714 40.2519 1 60.5714 47.9927 20 
36 0.451415 54.8585 41.8093 90.8487 9.48341 6.56628 -1 100 13 16 3 -1 1 0 -1 -1 56.5714 41.6457 53.5714 40.2519 1 60.5714 47.9927 20 
37 0.451415 54.8585 41.8093 91.6448 9.5258 6.74277 -1 100 13 16 3 -1 1 0 -1 -1 56.5714 41.6457 53.5714 40.2519 1 60.5714 47.9927 20 
38 0.45 55 42.0834 94.3013 9.66097 6.95469 -1 100 13 16 3 -1 1 0 -1 -1 56.7143 41.8678 54.5714 40.7422 1 60.5714 47.9927 20 
39 0.45 55 42.0834 95.0465 9.70078 7.12962 -1 100 13 16 3 -1 1 0 -1 -1 56.7143 41.8678 54.5714 40.7422 1 60.5714 47.9927 20 
40 0.45 55 42.0834 96.0123 9.74972 7.31122 -1 100 13 16 3 -1 1 0 -1 -1 56.7143 41.8678 54.5714 40.7422 1 60.5714 47.9927 20 
41 0.45 55 42.0834 96.4124 9.77114 7.48082 -1 100 13 16 3 -1 1 0 -1 -1 56.7143 41.8678 54.5714 40.7422 1 60.5714 47.9927 20 
42 0.45 55 42.0834 97.2217 9.81156 7.66594 -1 100 13 16 3 -1 1 0 -1 -1 56.7143 41.8678 54.5714 40.7422 1 60.5714 47.9927 20 
43 0.449528 55.0472 42.0986 97.6416 9.83346 7.84304 -1 100 13 16 3 -1 1 0 -1 -1 57.2857 42.0794 53.8571 40.483 1 60.5714 47.9927 20 
44 0.449528 55.0472 42.0986 98.0581 9.85573 8.02314 -1 100 13 16 3 -1 1 0 -1 -1 57.2857 42.0794 53.8571 40.483 1 60.5714 47.9927 20 
45 0.449528 55.0472 42.0986 98.1839 9.86275 8.18949 -1 100 13 16 3 -1 1 0 -1 -1 57.2857 42.0794 53.8571 40.483 1 60.5714 47.9927 20 
46 0.440566 55.9434 42.9573 98.9717 9.90359 8.36564 -1 100 13 16 3 -1 1 0 -1 -1 58.4286 43.1723 54.5714 41.1229 1 60.5714 47.9927 20 
47 0.436792 56.3208 43.0611 100.828 9.98894 8.57079 -1 100 13 16 3 -1 1 0 -1 -1 58.1429 42.7141 53.2857 40.3918 1 60.5714 47.9927 20 
48 0.43066 56.934 43.4991 101.367 10.0168 8.74752 -1 100 13 16 3 -1 1 0 -1 -1 59.1429 43.9709 54.7143 41.5112 1 60.5714 47.9927 20 
49 0.43066 56.934 43.4991 101.211 10.0102 8.91282 -1 100 13 16 3 -1 1 0 -1 -1 59.1429 43.9709 54.7143 41.5112 1 60.5714 47.9927 20 
50 0.43066 56.934 43.4991 101.234 10.0116 9.0907 -1 100 13 16 3 -1 1 0 -1 -1 59.1429 43.9709 54.7143 41.5112 1 60.5714 47.9927 20 
51 0.43066 56.934 43.4991 101.167 10.0079 9.26431 -1 100 13 16 3 -1 1 0 -1 -1 59.1429 43.9709 54.7143 41.5112 1 60.5714 47.9927 20 
52 0.43066 56.934 43.4991 101.217 10.0111 9.44652 -1 100 13 16 3 -1 1 0 -1 -1 59.1429 43.9709 54.7143 41.5112 1 60.5714 47.9927 20 
53 0.43066 56.934 43.4991 102.072 10.0514 9.64972 -1 100 13 16 3 -1 1 0 -1 -1 59.1429 43.9709 54.7143 41.5112 1 60.5714 47.9927 20 
54 0.43066 56.934 43.4991 101.722 10.0345 9.81462 -1 100 13 16 3 -1 1 0 -1 -1 59.1429 43.9709 54.7143 41.5112 1 60.5714 47.9927 20 
55 0.43066 56.934 43.4991 102.566 10.0698 10.0101 -1 100 13 16 3 -1 1 0 -1 -1 59.1429 43.9709 54.7143 41.5112 1 60.5714 47.9927 20 
56 0.437736 56.2264 43.626 102.29 10.0586 10.1876 -1 100 13 16 3 -1 1 0 -1 -1 59 44.4372 54.5714 41.683 1 60.5714 47.9927 20 
57 0.437736 56.2264 43.626 101.837 10.0363 10.3578 -1 100 13 16 3 -1 1 0 -1 -1 59 44.4372 54.5714 41.683 1 60.5714 47.9927 20 
58 0.437736 56.2264 43.626 101.777 10.0315 10.5358 -1 100 13 16 3 -1 1 0 -1 -1 59 44.4372 54.5714 41.683 1 60.5714 47.9927 20 
59 0.433019 56.6981 44.6622 101.994 10.0428 10.7271 -1 100 13 16 3 -1 1 0 -1 -1 59.1429 45.0681 55.4286 42.4975 1 60.5714 47.9927 20 
60 0.433019 56.6981 44.6622 101.878 10.0318 10.9071 -1 100 13 16 3 -1 1 0 -1 -1 59.1429 45.0681 55.4286 42.4975 1 60.5714 47.9927 20 
