# Created by main.cpp, 2016-06-29.10:15:12
# name: results
# type: matrix
# rows: 150
# columns: 16
1 0 62.2222 50.9991 0.377778 58.3333 49.3827 0.416667 60 49.8834 0.4 26.01 0.51 100 2 1 
2 0 62.2222 50.9991 0.377778 58.3333 49.3827 0.416667 60 49.8834 0.4 28.1055 0.66 100 2 1 
3 0 62.2222 50.9991 0.377778 58.3333 49.3827 0.416667 60 49.8834 0.4 30.7688 0.83 100 2 1 
4 0 62.2222 50.9991 0.377778 58.3333 49.3827 0.416667 60 49.8834 0.4 33.707 1.01 100 2 1 
5 0 62.2222 50.9991 0.377778 58.3333 49.3827 0.416667 60 49.8834 0.4 35.3813 1.15 100 2 1 
6 0 62.2222 50.9991 0.377778 58.3333 49.3827 0.416667 60 49.8834 0.4 38.2031 1.33 100 2 1 
7 0 62.2222 50.9991 0.377778 58.3333 49.3827 0.416667 60 49.8834 0.4 40.6364 1.5 100 2 1 
8 0 62.2222 50.9991 0.377778 58.3333 49.3827 0.416667 60 49.8834 0.4 43.3309 1.68 100 2 1 
9 0 62.2222 50.9991 0.377778 58.3333 49.3827 0.416667 60 49.8834 0.4 45.6439 1.85 100 2 1 
10 0 62.2222 50.9991 0.377778 58.3333 49.3827 0.416667 60 49.8834 0.4 48.2112 2.03 100 2 1 
11 0 62.2222 50.9991 0.377778 58.3333 49.3827 0.416667 60 49.8834 0.4 50.404 2.2 100 2 1 
12 0 62.2222 50.9991 0.377778 58.3333 49.3827 0.416667 60 49.8834 0.4 52.844 2.38 100 2 1 
13 0 62.2222 50.9991 0.377778 58.3333 49.3827 0.416667 60 49.8834 0.4 54.6347 2.54 100 2 1 
14 0 62.2222 50.9991 0.377778 58.3333 49.3827 0.416667 60 49.8834 0.4 56.6524 2.71 100 2 1 
15 0 62.2222 50.9991 0.377778 58.3333 49.3827 0.416667 60 49.8834 0.4 58.907 2.89 100 2 1 
16 0 62.2222 50.9991 0.377778 58.3333 49.3827 0.416667 60 49.8834 0.4 60.8044 3.06 100 2 1 
17 0 62.2222 50.9991 0.377778 58.3333 49.3827 0.416667 60 49.8834 0.4 61.899 3.2 100 2 1 
18 0 62.2222 50.9991 0.377778 58.3333 49.3827 0.416667 60 49.8834 0.4 63.9754 3.38 100 2 1 
19 0 62.2222 50.9991 0.377778 58.3333 49.3827 0.416667 60 49.8834 0.4 66.6097 3.58 100 2 1 
20 0 62.2222 50.9991 0.377778 58.3333 49.3827 0.416667 60 49.8834 0.4 68.5479 3.76 100 2 1 
21 0 62.2222 50.9991 0.377778 58.3333 49.3827 0.416667 60 49.8834 0.4 69.4444 3.9 100 2 1 
22 0 62.2222 50.9991 0.377778 58.3333 49.3827 0.416667 60 49.8834 0.4 71.2663 4.08 100 2 1 
23 0 62.2222 50.9991 0.377778 58.3333 49.3827 0.416667 60 49.8834 0.4 73.0226 4.26 100 2 1 
24 0 62.2222 50.9991 0.377778 58.3333 49.3827 0.416667 60 49.8834 0.4 74.7135 4.44 100 2 1 
25 0 62.2222 50.9991 0.377778 58.3333 49.3827 0.416667 60 49.8834 0.4 75.4178 4.58 100 2 1 
26 0 62.2222 50.9991 0.377778 58.3333 49.3827 0.416667 60 49.8834 0.4 76.7348 4.75 100 2 1 
27 0 62.2222 50.9991 0.377778 58.3333 49.3827 0.416667 60 49.8834 0.4 85.0322 5.09 100 2 1 
28 0 62.2222 50.9991 0.377778 58.3333 49.3827 0.416667 60 49.8834 0.4 86.4213 5.27 100 2 1 
29 0 62.2222 50.9991 0.377778 58.3333 49.3827 0.416667 60 49.8834 0.4 96.1721 5.64 100 2 1 
30 0 62.2222 50.9991 0.377778 58.3333 49.3827 0.416667 60 49.8834 0.4 106.938 6.03 100 2 1 
31 0 62.2222 50.9991 0.377778 58.3333 49.3827 0.416667 60 49.8834 0.4 107.193 6.17 100 2 1 
32 0 62.2222 50.9991 0.377778 58.3333 49.3827 0.416667 60 49.8834 0.4 107.137 6.29 100 2 1 
33 0 62.2222 50.9991 0.377778 58.3333 49.3827 0.416667 60 49.8834 0.4 107.867 6.46 100 2 1 
34 0 62.2222 50.9991 0.377778 58.3333 49.3827 0.416667 60 49.8834 0.4 116.728 6.83 100 2 1 
35 0 62.2222 50.9991 0.377778 58.3333 49.3827 0.416667 60 49.8834 0.4 116.757 6.97 100 2 1 
36 0 62.2222 50.9991 0.377778 58.3333 49.3827 0.416667 60 49.8834 0.4 117.941 7.17 100 2 1 
37 0 62.2222 50.9991 0.377778 58.3333 49.3827 0.416667 60 49.8834 0.4 117.873 7.31 100 2 1 
38 0 62.2222 50.9991 0.377778 58.3333 49.3827 0.416667 60 49.8834 0.4 117.765 7.45 100 2 1 
39 0 62.2222 50.9991 0.377778 58.3333 49.3827 0.416667 60 49.8834 0.4 117.618 7.59 100 2 1 
40 0 62.2222 50.9991 0.377778 58.3333 49.3827 0.416667 60 49.8834 0.4 117.901 7.76 100 2 1 
41 0 62.2222 50.9991 0.377778 58.3333 49.3827 0.416667 60 49.8834 0.4 117.667 7.9 100 2 1 
42 0 62.2222 50.9991 0.377778 58.3333 49.3827 0.416667 60 49.8834 0.4 117.392 8.04 100 2 1 
43 0 62.2222 50.9991 0.377778 58.3333 49.3827 0.416667 60 49.8834 0.4 117.078 8.18 100 2 1 
44 0 62.2222 50.9991 0.377778 58.3333 49.3827 0.416667 60 49.8834 0.4 117.159 8.35 100 2 1 
45 0 62.2222 50.9991 0.377778 58.3333 49.3827 0.416667 60 49.8834 0.4 116.743 8.38 100 2 1 
46 0 62.2222 50.9991 0.377778 58.3333 49.3827 0.416667 60 49.8834 0.4 116.755 8.55 100 2 1 
47 0 62.2222 50.9991 0.377778 58.3333 49.3827 0.416667 60 49.8834 0.4 116.709 8.72 100 2 1 
48 0 62.2222 50.9991 0.377778 58.3333 49.3827 0.416667 60 49.8834 0.4 119.616 9 100 2 1 
49 0 62.2222 50.9991 0.377778 58.3333 49.3827 0.416667 60 49.8834 0.4 119.415 9.17 100 2 1 
50 0 62.2222 50.9991 0.377778 58.3333 49.3827 0.416667 60 49.8834 0.4 119.321 9.35 100 2 1 
51 0 62.2222 50.9991 0.377778 58.3333 49.3827 0.416667 60 49.8834 0.4 119.161 9.53 100 2 1 
52 0 62.2222 50.9991 0.377778 58.3333 49.3827 0.416667 60 49.8834 0.4 118.551 9.57 100 2 1 
53 0 62.2222 50.9991 0.377778 58.3333 49.3827 0.416667 60 49.8834 0.4 118.311 9.75 100 2 1 
54 0 62.2222 50.9991 0.377778 58.3333 49.3827 0.416667 60 49.8834 0.4 117.852 9.92 100 2 1 
55 0 62.2222 50.9991 0.377778 58.3333 49.3827 0.416667 60 49.8834 0.4 117.006 10.06 100 2 1 
56 0 62.2222 50.9991 0.377778 58.3333 49.3827 0.416667 60 49.8834 0.4 116.942 10.26 100 2 1 
57 0 62.2222 50.9991 0.377778 58.3333 49.3827 0.416667 60 49.8834 0.4 116 10.4 100 2 1 
58 0 62.2222 50.9991 0.377778 58.3333 49.3827 0.416667 60 49.8834 0.4 115.458 10.58 100 2 1 
59 0 62.2222 50.9991 0.377778 58.3333 49.3827 0.416667 60 49.8834 0.4 114.426 10.72 100 2 1 
60 0 62.2222 50.9991 0.377778 58.3333 49.3827 0.416667 60 49.8834 0.4 113.768 10.9 100 2 1 
61 0 62.2222 50.9991 0.377778 58.3333 49.3827 0.416667 60 49.8834 0.4 112.914 11.07 100 2 1 
62 0 62.2222 50.9991 0.377778 58.3333 49.3827 0.416667 60 49.8834 0.4 111.743 11.21 100 2 1 
63 0 62.2222 50.9991 0.377778 58.3333 49.3827 0.416667 60 49.8834 0.4 110.907 11.39 100 2 1 
64 0 62.2222 50.9991 0.377778 58.3333 49.3827 0.416667 60 49.8834 0.4 109.646 11.53 100 2 1 
65 0 62.2222 50.9991 0.377778 58.3333 49.3827 0.416667 60 49.8834 0.4 108.345 11.67 100 2 1 
66 0 62.2222 50.9991 0.377778 58.3333 49.3827 0.416667 60 49.8834 0.4 107.341 11.85 100 2 1 
67 0 62.2222 50.9991 0.377778 58.3333 49.3827 0.416667 60 49.8834 0.4 106.161 12.02 100 2 1 
68 0 62.2222 50.9991 0.377778 58.3333 49.3827 0.416667 60 49.8834 0.4 104.923 12.19 100 2 1 
69 0 62.2222 50.9991 0.377778 58.3333 49.3827 0.416667 60 49.8834 0.4 103.73 12.37 100 2 1 
70 0 62.2222 50.9991 0.377778 58.3333 49.3827 0.416667 60 49.8834 0.4 102.472 12.55 100 2 1 
71 0 62.2222 50.9991 0.377778 58.3333 49.3827 0.416667 60 49.8834 0.4 101.149 12.73 100 2 1 
72 0 62.2222 50.9991 0.377778 58.3333 49.3827 0.416667 60 49.8834 0.4 99.7595 12.91 100 2 1 
73 0 62.2222 50.9991 0.377778 58.3333 49.3827 0.416667 60 49.8834 0.4 98.3049 13.09 100 2 1 
74 0 62.2222 50.9991 0.377778 58.3333 49.3827 0.416667 60 49.8834 0.4 96.7349 13.18 100 2 1 
75 0 62.2222 50.9991 0.377778 58.3333 49.3827 0.416667 60 49.8834 0.4 102.084 13.58 100 2 1 
76 0 62.2222 50.9991 0.377778 58.3333 49.3827 0.416667 60 49.8834 0.4 100.311 13.75 100 2 1 
77 0 62.2222 50.9991 0.377778 58.3333 49.3827 0.416667 60 49.8834 0.4 98.5506 13.93 100 2 1 
78 0 62.2222 50.9991 0.377778 58.3333 49.3827 0.416667 60 49.8834 0.4 96.5708 14.07 100 2 1 
79 0 62.2222 50.9991 0.377778 58.3333 49.3827 0.416667 60 49.8834 0.4 94.6944 14.25 100 2 1 
80 0 62.2222 50.9991 0.377778 58.3333 49.3827 0.416667 60 49.8834 0.4 92.6905 14.42 100 2 1 
81 0 62.2222 50.9991 0.377778 58.3333 49.3827 0.416667 60 49.8834 0.4 90.6869 14.6 100 2 1 
82 0 62.2222 50.9991 0.377778 58.3333 49.3827 0.416667 60 49.8834 0.4 88.5627 14.77 100 2 1 
83 0 62.2222 50.9991 0.377778 58.3333 49.3827 0.416667 60 49.8834 0.4 87.5292 14.81 100 2 1 
84 0 62.2222 50.9991 0.377778 58.3333 49.3827 0.416667 60 49.8834 0.4 85.3005 14.95 100 2 1 
85 0 62.2222 50.9991 0.377778 58.3333 49.3827 0.416667 60 49.8834 0.4 83.0322 15.09 100 2 1 
