# Created by main.cpp, 2016-06-26.14:45:17
# name: results
# type: matrix
# rows: 150
# columns: 26
1 1.04926 36.4074 19.5954 4.416 1.95 0.195 0 100 13 5.25 3 1 1 -1 0 0 32.6667 18.1713 6.94111e-310 19.5505 1 58.6111 49.5336 4.29497e+09 20 
2 0.875185 39.8148 21.8986 8.34278 2.71543 0.3775 0 100 13 4.75 3 1 1 -1 0 0 32.3333 18.9725 6.94111e-310 21.8438 2 58.6111 49.5336 4.29497e+09 20 
3 0.839259 41.2963 24.4975 12.3596 3.35965 0.563 0 100 13 4.95 3 1 1 -1 0 0 35.3333 22.2355 6.94111e-310 24.3903 3 58.6111 49.5336 4.29497e+09 20 
4 0.756667 43.6667 27.5219 16.5564 3.93401 0.753 0 100 13 4.3 3 1 1 -1 0 0 36.3333 24.5061 6.94111e-310 27.4104 4 58.6111 49.5336 4.29497e+09 20 
5 0.73 44.1111 27.7571 19.3771 4.27246 0.916 0 100 13 5.25 3 1 1 -1 0 0 36.6667 24.6913 6.94111e-310 27.2927 5 58.6111 49.5336 4.29497e+09 20 
6 0.765926 43.8519 28.7243 22.5592 4.641 1.0965 0 100 13 4.95 3 1 1 -1 0 0 40 27.6823 6.94111e-310 29.5145 6 58.6111 49.5336 4.29497e+09 20 
7 0.805556 43.4444 29.1555 25.7072 4.95668 1.2725 0 100 13 4.5 3 1 1 -1 0 0 41.6667 29.026 6.94111e-310 30.013 7 58.6111 49.5336 4.29497e+09 20 
8 0.762963 43.9259 30.0655 28.4495 5.24536 1.4415 0 100 13 5.1 3 1 1 -1 0 0 44.3333 31.039 6.94111e-310 31.1603 8 58.6111 49.5336 4.29497e+09 20 
9 0.715556 45.1111 31.0923 31.4625 5.52211 1.612 0 100 13 4.45 3 1 1 -1 0 0 45 31.6733 6.94111e-310 32.3766 9 58.6111 49.5336 4.29497e+09 20 
10 0.715556 45.1111 31.0923 34.0063 5.73293 1.7725 0 100 13 5.05 3 1 1 -1 0 0 45 31.6733 6.94111e-310 32.1353 10 58.6111 49.5336 4.29497e+09 20 
11 0.701111 46.5556 32.9631 38.0841 6.08291 1.9695 0 100 13 4.8 3 1 1 -1 0 0 45 32.4502 6.94111e-310 33.3661 11 58.6111 49.5336 4.29497e+09 20 
12 0.65 47.8889 34.6439 41.5895 6.36786 2.1595 0 100 13 5.35 3 1 1 -1 0 0 45.3333 33.2622 6.94111e-310 35.0427 12 58.6111 49.5336 4.29497e+09 20 
13 0.641481 48.7407 36.7732 45.3078 6.66319 2.359 0 100 13 5.55 3 1 1 -1 0 0 50.3333 37.3061 6.94111e-310 37.7917 13 58.6111 49.5336 4.29497e+09 20 
14 0.626667 49.1111 37.0106 49.4051 6.94801 2.566 0 100 13 5.05 3 1 1 -1 0 0 50.3333 37.3061 6.94111e-310 38.5378 14 58.6111 49.5336 4.29497e+09 20 
15 0.626667 49.1111 37.0106 51.6147 7.10856 2.7325 0 100 13 5.05 3 1 1 -1 0 0 50.3333 37.3061 6.94111e-310 38.5378 15 58.6111 49.5336 4.29497e+09 20 
16 0.611481 49.5185 38.0194 54.8417 7.32644 2.918 0 100 13 5.4 3 1 1 -1 0 0 52.6667 39.1255 6.94111e-310 39.6552 16 58.6111 49.5336 4.29497e+09 20 
17 0.621481 49.5185 38.0759 56.6016 7.44773 3.0775 0 100 13 5.2 3 1 1 -1 0 0 52.6667 39.1691 6.94111e-310 39.7386 17 58.6111 49.5336 4.29497e+09 20 
18 0.617407 49.9259 38.8083 59.0457 7.61398 3.2555 0 100 13 4.65 3 1 1 -1 0 0 53.3333 39.6013 6.94111e-310 39.7386 18 58.6111 49.5336 4.29497e+09 20 
19 0.617407 49.9259 38.8083 61.3205 7.76475 3.4285 0 100 13 4.65 3 1 1 -1 0 0 53.3333 39.6013 6.94111e-310 39.7386 19 58.6111 49.5336 4.29497e+09 20 
20 0.615926 50.0741 39.1802 64.0864 7.9306 3.6165 0 100 13 4.9 3 1 1 -1 0 0 54.3333 40.642 6.94111e-310 40.7073 20 58.6111 49.5336 4.29497e+09 20 
21 0.615926 50.0741 39.1802 65.5072 8.022 3.773 0 100 13 4.9 3 1 1 -1 0 0 54.3333 40.642 6.94111e-310 40.7073 21 58.6111 49.5336 4.29497e+09 20 
22 0.615926 50.0741 39.1802 66.6142 8.09325 3.92 0 100 13 4.9 3 1 1 -1 0 0 54.3333 40.642 6.94111e-310 40.7073 22 58.6111 49.5336 4.29497e+09 20 
23 0.615926 50.0741 39.1802 68.6167 8.21297 4.093 0 100 13 4.9 3 1 1 -1 0 0 54.3333 40.642 6.94111e-310 40.7073 23 58.6111 49.5336 4.29497e+09 20 
24 0.615926 50.0741 39.1802 70.3164 8.31936 4.2665 0 100 13 4.9 3 1 1 -1 0 0 54.3333 40.642 6.94111e-310 40.7073 24 58.6111 49.5336 4.29497e+09 20 
25 0.60963 50.2593 39.2329 72.5316 8.45233 4.4475 0 100 13 5.25 3 1 1 -1 0 0 55.3333 41.616 6.94111e-310 41.0254 25 58.6111 49.5336 4.29497e+09 20 
26 0.60963 50.2593 39.2329 74.1409 8.55042 4.6215 0 100 13 5.25 3 1 1 -1 0 0 55.3333 41.616 6.94111e-310 41.0254 26 58.6111 49.5336 4.29497e+09 20 
27 0.60963 50.2593 39.2329 75.3848 8.62387 4.7855 0 100 13 5.25 3 1 1 -1 0 0 55.3333 41.616 6.94111e-310 41.0254 27 58.6111 49.5336 4.29497e+09 20 
28 0.60963 50.2593 39.2329 78.2407 8.77247 4.9855 0 100 13 5.25 3 1 1 -1 0 0 55.3333 41.616 6.94111e-310 41.0254 28 58.6111 49.5336 4.29497e+09 20 
29 0.60963 50.2593 39.2329 79.832 8.86574 5.1685 0 100 13 5.25 3 1 1 -1 0 0 55.3333 41.616 6.94111e-310 41.0254 29 58.6111 49.5336 4.29497e+09 20 
30 0.596296 50.5926 39.4371 81.6631 8.97102 5.3455 0 100 13 5.25 3 1 1 -1 0 0 55.6667 41.8513 6.94111e-310 41.3964 30 58.6111 49.5336 4.29497e+09 20 
31 0.592963 50.9259 39.8362 83.471 9.07279 5.513 0 100 13 5.4 3 1 1 -1 0 0 55.6667 41.8513 6.94111e-310 41.8963 31 58.6111 49.5336 4.29497e+09 20 
32 0.592963 50.9259 39.8362 85.2124 9.16793 5.7025 0 100 13 5.4 3 1 1 -1 0 0 55.6667 41.8513 6.94111e-310 41.8963 32 58.6111 49.5336 4.29497e+09 20 
33 0.592963 50.9259 39.8362 86.3508 9.22959 5.8685 0 100 13 5.4 3 1 1 -1 0 0 55.6667 41.8513 6.94111e-310 41.8963 33 58.6111 49.5336 4.29497e+09 20 
34 0.592963 50.9259 39.8362 87.5479 9.29028 6.0395 0 100 13 5.4 3 1 1 -1 0 0 55.6667 41.8513 6.94111e-310 41.8963 34 58.6111 49.5336 4.29497e+09 20 
35 0.584074 51.1481 40.055 89.6203 9.39886 6.223 0 100 13 5.4 3 1 1 -1 0 0 55.6667 41.8513 6.94111e-310 41.8963 35 58.6111 49.5336 4.29497e+09 20 
36 0.584074 51.1481 40.055 90.3492 9.4405 6.3855 0 100 13 5.4 3 1 1 -1 0 0 55.6667 41.8513 6.94111e-310 41.8963 36 58.6111 49.5336 4.29497e+09 20 
37 0.584074 51.1481 40.055 91.6821 9.50915 6.56 0 100 13 5.4 3 1 1 -1 0 0 55.6667 41.8513 6.94111e-310 41.8963 37 58.6111 49.5336 4.29497e+09 20 
38 0.558889 51.1111 41.1431 94.1191 9.6374 6.7575 0 100 13 5.75 3 1 1 -1 0 0 60.3333 45.5025 6.94111e-310 43.3878 38 58.6111 49.5336 4.29497e+09 20 
39 0.556667 51.3333 41.1631 95.2131 9.69393 6.9315 0 100 13 6 3 1 1 -1 0 0 58 44.3014 6.94111e-310 42.6386 39 58.6111 49.5336 4.29497e+09 20 
40 0.50963 52.2593 42.0831 97.1066 9.79641 7.1285 0 100 13 6 3 1 1 -1 0 0 58.3333 44.8254 6.94111e-310 43.9589 40 58.6111 49.5336 4.29497e+09 20 
41 0.506296 53.7037 43.0261 99.0109 9.89717 7.3275 0 100 13 6.2 3 1 1 -1 0 0 54 42.7089 6.94111e-310 43.5005 41 58.6111 49.5336 4.29497e+09 20 
42 0.506296 53.7037 43.0261 99.1593 9.90497 7.4795 0 100 13 6.2 3 1 1 -1 0 0 54 42.7089 6.94111e-310 43.5005 42 58.6111 49.5336 4.29497e+09 20 
43 0.483333 54.3333 43.2787 100.364 9.965 7.6595 0 100 13 6.2 3 1 1 -1 0 0 52 41.6613 6.94111e-310 43.3689 43 58.6111 49.5336 4.29497e+09 20 
44 0.468148 54.7407 43.6242 101.375 10.0169 7.836 0 100 13 6.05 3 1 1 -1 0 0 51.6667 41.4342 6.94111e-310 43.8521 44 58.6111 49.5336 4.29497e+09 20 
45 0.468148 54.7407 43.6242 102.34 10.0665 8.02 0 100 13 6.05 3 1 1 -1 0 0 51.6667 41.4342 6.94111e-310 43.8521 45 58.6111 49.5336 4.29497e+09 20 
46 0.468148 54.7407 43.6242 104.208 10.1584 8.2335 0 100 13 6.05 3 1 1 -1 0 0 51.6667 41.4342 6.94111e-310 43.8521 46 58.6111 49.5336 4.29497e+09 20 
47 0.467778 54.7778 43.922 105.837 10.242 8.437 0 100 13 6 3 1 1 -1 0 0 54 42.7464 6.94111e-310 44.9992 47 58.6111 49.5336 4.29497e+09 20 
48 0.465556 55 44.2623 106.563 10.2784 8.613 0 100 13 6.2 3 1 1 -1 0 0 54 42.7595 6.94111e-310 45.7454 48 58.6111 49.5336 4.29497e+09 20 
49 0.465556 55 44.4672 107.365 10.3188 8.7955 0 100 13 5.95 3 1 1 -1 0 0 56.3333 43.9021 6.94111e-310 45.406 49 58.6111 49.5336 4.29497e+09 20 
50 0.468519 55.3704 45.4071 108.42 10.3745 8.981 3.3 100 13 6.1 3 1 1 -1 0 0 57.6667 44.8264 6.94111e-310 45.7762 50 58.6111 49.5336 4.29497e+09 20 
51 0.454444 56.2222 45.6115 109.643 10.4356 9.171 8.275 100 13 6.4 3 1 1 -1 0 0 53.6667 43.0209 6.94111e-310 46.3894 51 58.6111 49.5336 4.29497e+09 20 
52 0.454815 56.2963 45.9119 110.145 10.4598 9.3525 10.9 100 13 6.5 3 1 1 -1 0 0 56 44.3201 6.94111e-310 47.159 52 58.6111 49.5336 4.29497e+09 20 
53 0.454815 56.2963 45.9119 109.914 10.4491 9.5205 12.175 100 13 6.5 3 1 1 -1 0 0 56 44.3201 6.94111e-310 47.159 53 58.6111 49.5336 4.29497e+09 20 
